33
70
106
151
304
338
357
362
426
471
478
532
556
566
602
616
639
655
718
752
753
766
795
813
829
846
892
897
906
987
1001
1008
1026
1059
1060
1099
1110
1154
1161
1177
1184
1296
1308
1340
1386
1394
1396
1401
1624
1721
1791
1827
1843
1950
1990
2011
2023
2035
2043
2131
2184
2187
2201
2217
2357
2385
2397
2427
2449
2460
2476
2489
2676
2688
2731
2780
2796
2850
2890
2966
3094
3095
3110
3152
3174
3231
3242
3248
3270
3301
3311
3321
3355
3356
3430
3436
3438
3449
3461
3473
3474
3483
3511
3512
3557
3625
3634
3647
3750
3752
3779
3798
3824
3888
3973
3990
4014
4020
4030
4035
4041
4068
4120
4142
4145
4183
4186
4191
4199
4201
4205
4219
4243
4246
4247
4275
4306
4326
4377
4387
4394
4523
4537
4553
4576
4727
4769
4868
4987
5037
5125
5180
5186
5189
5197
5198
5200
5209
5220
5248
5321
5370
5378
5435
5438
5439
5441
5457
5469
5486
5491
5492
5498
5547
5551
5560
5586
5595
5613
5723
5740
5754
5780
5815
5842
5871
5878
5879
5883
5898
5975
5985
5990
6011
6028
6030
6040
6055
6078
6083
6107
6113
6121
6123
6144
6156
6187
6203
6354
6435
6447
6477
6480
6601
6603
6700
6738
6781
6808
6816
6827
6846
6880
6900
6930
6938
6942
6949
6972
6976
6999
7092
7094
7098
7128
7152
7185
7258
7266
7333
7348
7382
7390
7414
7436
7479
7552
7630
7647
7694
7727
7729
7802
7806
7877
7927
7945
8004
8005
8016
8039
8040
8043
8174
8270
8297
8328
8334
8337
8339
8347
8349
8352
8361
8369
8374
8382
8416
8421
8459
8460
8471
8516
8527
8536
8539
8555
8641
8700
8716
8761
8771
8786
8790
8792
8825
8838
8847
8855
8911
8918
8919
8980
8999
9003
9018
9036
9059
9068
9081
9096
9100
9114
9170
9177
9213
9235
9236
9290
9296
9325
9329
9339
9349
9354
9358
9366
9389
9505
9511
9519
9525
9621
9625
9708
9728
9843
9863
9885
9917
10021
10069
10100
10119
10139
10353
10361
10376
10412
10441
10448
10449
10452
10456
10469
10601
10669
10685
10727
10765
10808
10828
10871
10877
10975
11020
11040
11076
11096
11097
11117
11130
11185
11287
11314
11448
11466
11472
11491
11504
11515
11539
11616
11665
11669
11725
11834
11845
11907
12009
12024
12060
12092
12104
12124
12132
12149
12183
12196
12211
12224
12377
12383
12396
12399
12414
12416
12436
12445
12465
12537
12553
12560
12575
12658
12672
12677
12697
12702
12712
12725
12809
12816
12847
12876
12975
12978
12984
13008
13037
13038
13121
13132
13150
13160
13166
13177
13192
13242
13265
13268
13276
13280
13309
13334
13351
13402
13467
13491
13514
13563
13590
13630
13654
13661
13749
13860
14094
14099
14148
14158
14162
14345
14366
14410
14411
14433
14434
14480
14483
14522
14559
14564
14585
14592
14639
14640
14689
14759
14803
14915
14920
14981
15026
15031
15038
15067
15079
15083
15093
15133
15135
15143
15159
15194
15203
15211
15279
15290
15295
15336
15363
15409
15434
15470
15487
15493
15502
15529
15534
15569
15575
15631
15639
15721
15739
15754
15763
15906
15952
16005
16076
16104
16110
16127
16134
16161
16165
16168
16282
16339
16347
16357
16359
16395
16448
16451
16493
16541
16580
16588
16618
16728
16745
16863
16873
16875
16883
16907
16921
16942
16980
17004
17029
17041
17137
17181
17192
17259
17310
17403
17404
17408
17410
17413
17417
17436
17457
17478
17482
17496
17507
17555
17572
17574
17577
17600
17605
17613
17614
17618
17655
17672
17682
17707
17712
17729
17749
17759
17846
17855
17872
17877
17949
17957
18018
18084
18097
18122
18132
18144
18145
18241
18372
18438
18469
18481
18491
18522
18532
18558
18631
18659
18727
18747
18759
18793
18818
18823
18834
18853
18907
18925
18942
18993
18994
19006
19028
19040
19061
19104
19207
19212
19222
19299
19320
19329
19331
19449
19496
19613
19664
19675
19702
19704
19720
19749
19776
19787
19867
19894
19912
19990
20214
20263
20280
20309
20457
20466
20496
20507
20539
20541
20556
20574
20601
20619
20702
20768
20776
20852
20883
20898
20936
20962
20977
21089
21127
21170
21178
21204
21335
21377
21380
21398
21459
21470
21471
21602
21612
21674
21713
21720
21752
21779
21780
21787
21839
21851
21852
21914
21944
21952
21956
22049
22071
22175
22198
22205
22228
22385
22452
22463
22499
22560
22604
22638
22648
22663
22684
22694
22840
22874
22955
22975
23032
23046
23074
23103
23147
23153
23180
23258
23260
23289
23321
23344
23365
23369
23379
23396
23488
23497
23513
23525
23648
23667
23722
23728
23788
23874
23976
23978
23983
24024
24075
24103
24133
24179
24211
24232
24235
24244
24257
24264
24276
24416
24445
24503
24506
24511
24526
24580
24630
24652
24658
24705
24726
24733
24772
24799
24819
24844
24846
24856
24857
24879
24924
24933
24945
24949
25009
25066
25067
25081
25167
25247
25341
25355
25365
25429
25448
25465
25498
25523
25560
25665
25675
25679
25694
25706
25709
25764
25797
25917
25922
26029
26092
26124
26156
26161
26188
26191
26252
26269
26285
26304
26368
26371
26441
26503
26545
26549
26560
26561
26612
26621
26629
26634
26637
26664
26717
26732
26743
26746
26820
26836
26873
26877
26880
26905
27019
27028
27035
27082
27098
27120
27135
27147
27192
27197
27214
27239
27287
27325
27396
27399
27404
27424
27481
27559
27565
27567
27596
27641
27693
27705
27729
27733
27762
27795
27799
27948
28004
28069
28086
28124
28180
28183
28266
28367
28389
28408
28422
28452
28455
28456
28460
28486
28508
28530
28550
28555
28567
28573
28590
28655
28658
28747
28753
28779
28793
28796
28840
28864
28890
28912
28918
28966
29029
29030
29087
29096
29139
29162
29201
29216
29239
29242
29246
29327
29372
29419
29462
29477
29580
29588
29592
29600
29602
29612
29623
29635
29673
29694
29701
29715
29732
29737
29754
29769
29770
29777
29779
29785
29787
29859
30072
30139
30148
30193
30217
30230
30232
30244
30253
30266
30292
30293
30299
30345
30372
30397
30420
30595
30633
30667
30708
30738
30753
30759
30764
30789
30797
30805
30814
30829
30848
30851
30852
30862
30914
30939
30959
30961
30962
31064
31071
31175
31189
31209
31242
31260
31288
31331
31381
31386
31389
31447
31463
31478
31560
31572
31617
31661
31662
31723
31727
31730
31743
31748
31752
31766
31780
31782
31787
31794
31803
31804
31901
31975
31978
32050
32059
32112
32121
32143
32144
32189
32240
32357
32407
32443
32482
32503
32504
32645
32667
32715
32770
32795
32812
32887
32917
32918
32968
32973
33015
33034
33056
33066
33071
33137
33148
33154
33258
33283
33307
33317
33321
33324
33387
33391
33409
33438
33471
33477
33484
33493
33499
33516
33520
33576
33591
33600
33612
33689
33810
33814
33815
33836
33861
33914
34009
34023
34108
34115
34126
34134
34139
34166
34169
34206
34254
34261
34284
34295
34330
34346
34363
34365
34387
34392
34488
34490
34501
34523
34536
34612
34646
34756
34758
34780
34869
34880
34949
34980
34991
35020
35025
35158
35265
35327
35412
35489
35500
35502
35514
35545
35606
35642
35656
35757
35782
35840
35857
35878
36072
36131
36168
36176
36183
36237
36283
36290
36308
36359
36473
36530
36535
36549
36625
36633
36663
36779
36787
36798
36799
36865
36888
36913
36927
37020
37045
37049
37052
37081
37105
37160
37203
37236
37238
37270
37285
37416
37434
37512
37518
37543
37570
37576
37579
37598
37710
37795
37808
37814
37819
37820
37839
37854
37894
37899
37908
37933
37934
37937
37941
37974
37986
38004
38046
38077
38079
38150
38171
38193
38218
38245
38256
38369
38385
38394
38396
38397
38406
38410
38439
38445
38565
38571
38577
38623
38626
38692
38741
38776
38823
38851
38880
38908
38917
38918
38925
38928
38952
38966
38969
39025
39048
39059
39063
39141
39230
39231
39268
39272
39319
39365
39366
39451
39494
39509
39548
39555
39590
39593
39629
39678
39681
39774
39798
39800
39825
39893
39924
39925
39926
39984
39987
39999
40088
40093
40104
40139
40152
40176
40186
40194
40208
40241
40247
40323
40346
40367
40491
40507
40560
40585
40603
40636
40645
40655
40684
40692
40727
40763
40776
40807
40829
40842
40899
40933
40938
40940
40950
40966
40969
41005
41006
41019
41077
41083
41091
41214
41254
41266
41278
41286
41314
41318
41322
41353
41363
41399
41427
41479
41487
41496
41604
41628
41629
41657
41672
41688
41707
41713
41736
41773
41800
41856
41886
41915
41966
41978
41997
42011
42028
42035
42037
42042
42068
42069
42082
42104
42120
42183
42216
42232
42282
42284
42336
42345
42354
42440
42442
42602
42634
42636
42656
42664
42667
42700
42709
42759
42767
42779
42808
43012
43058
43070
43130
43160
43165
43187
43200
43201
43231
43248
43257
43259
43306
43334
43342
43362
43423
43432
43435
43469
43560
43569
43576
43585
43586
43598
43607
43700
43722
43753
43789
43813
43831
43833
43843
43860
43896
43967
43977
43991
44005
44012
44083
44130
44183
44213
44249
44275
44344
44363
44372
44381
44383
44385
44387
44424
44438
44474
44490
44497
44499
44506
44508
44515
44613
44689
44690
44699
44773
44775
44801
44828
44909
44918
44935
44971
44975
45013
45019
45024
45040
45074
45103
45149
45187
45255
45260
45280
45286
45314
45322
45333
45351
45352
45371
45388
45389
45391
45424
45431
45442
45453
45483
45550
45554
45558
45577
45578
45582
45620
45730
45740
45771
45831
45848
45862
45920
45945
45951
45957
46019
46036
46072
46096
46175
46207
46215
46223
46236
46286
46296
46303
46416
46597
46601
46603
46626
46638
46749
46762
46817
46820
46887
46906
47049
47093
47097
47202
47229
47264
47267
47342
47354
47367
47425
47506
47549
47570
47595
47628
47639
47715
47742
47809
47855
47876
47879
47897
47920
47923
47925
47952
47965
47972
48040
48083
48111
48121
48122
48130
48138
48139
48140
48142
48213
48224
48327
48338
48365
48494
48547
48549
48557
48565
48614
48620
48634
48671
48735
48743
48761
48763
48829
48868
48887
48891
48894
48913
48980
49101
49107
49120
49121
49122
49191
49194
49229
49236
49312
49388
49405
49446
49459
49461
49465
49534
49546
49558
49618
49648
49710
49732
49769
49784
49821
49908
49944
49982
49990
50065
50075
50117
50126
50146
50263
50287
50288
50294
50313
50336
50357
50375
50384
50423
50475
50629
50634
50688
50747
50760
50781
50860
50910
50944
50963
50993
51003
51004
51008
51013
51035
51054
51134
51135
51168
51179
51242
51269
51299
51316
51330
51357
51409
51455
51456
51477
51480
51487
51528
51565
51596
51639
51684
51710
51735
51750
51766
51781
51788
51820
51830
51847
51872
51874
51875
51881
51883
51912
51961
51975
52062
52142
52192
52194
52196
52219
52223
52229
52273
52402
52404
52414
52452
52485
52494
52509
52513
52562
52583
52619
52633
52642
52659
52769
52798
52842
52868
52923
52963
53033
53057
53077
53087
53093
53148
53187
53215
53267
53303
53324
53384
53386
53729
53769
53788
53798
53805
53815
53820
53836
53847
53890
54110
54123
54145
54171
54201
54206
54207
54223
54233
54261
54270
54286
54300
54306
54311
54321
54405
54435
54454
54463
54529
54541
54547
54559
54570
54584
54594
54597
54605
54630
54662
54689
54723
54734
54739
54784
54899
54900
54997
54998
55013
55024
55038
55093
55097
55104
55127
55162
55187
55211
55373
55380
55414
55420
55430
55441
55483
55519
55562
55585
55608
55629
55662
55663
55665
55678
55744
55839
55998
56014
56024
56046
56087
56248
56279
56280
56285
56332
56340
56442
56484
56560
56617
56628
56642
56751
56883
56884
56895
56999
57074
57092
57149
57162
57163
57193
57194
57203
57205
57206
57210
57227
57285
57362
57373
57381
57413
57503
57516
57522
57536
57555
57638
57648
57655
57680
57682
57713
57723
57726
57762
57779
57782
57811
57825
57828
57829
57883
57907
57936
57943
57960
57967
57986
57997
58000
58003
58009
58017
58020
58022
58023
58084
58095
58100
58113
58123
58134
58158
58288
58292
58314
58336
58391
58405
58422
58431
58446
58455
58502
58517
58520
58541
58621
58645
58687
58692
58709
58714
58772
58942
58962
58987
59001
59003
59024
59040
59053
59138
59171
59233
59315
59394
59471
59507
59544
59592
59612
59713
59722
59729
59766
59769
59786
59854
59859
59908
59919
59975
60010
60012
60096
60136
60179
60293
60336
60338
60363
60430
60446
60510
60518
60625
60628
60709
60730
60773
60854
60936
60959
61019
61247
61272
61276
61286
61311
61319
61445
61468
61472
61537
61560
61568
61587
61600
61619
61635
61639
61768
61813
61863
61900
61904
61910
61917
61937
61955
62026
62145
62195
62240
62249
62319
62324
62360
62362
62375
62380
62394
62399
62420
62421
62475
62497
62501
62593
62634
62635
62670
62672
62684
62703
62727
62764
62812
63011
63019
63043
63047
63155
63166
63186
63254
63325
63326
63344
63403
63407
63415
63422
63477
63484
63498
63506
63507
63558
63588
63591
63599
63607
63661
63672
63678
63739
63779
63853
63861
63878
63885
63886
63909
63937
64006
64016
64031
64098
64105
64140
64155
64168
64175
64281
64311
64316
64319
64401
64406
64458
64461
64519
64526
64536
64600
64609
64634
64654
64663
64817
64835
64898
64933
64946
64976
65012
65047
65083
65087
65104
65140
65164
65216
65268
65270
65273
65337
65399
65465
65486
65572
65592
65596
65652
65670
65674
65694
65702
65706
65714
65764
65769
65770
65771
65953
65986
65996
66039
66065
66066
66080
66081
66093
66104
66112
66144
66333
66365
66468
66484
66528
66530
66576
66595
66673
66679
66690
66765
66771
66794
66838
66898
66900
66906
66924
66926
66927
66929
66964
66966
66968
66974
66987
67005
67010
67020
67116
67140
67200
67208
67221
67246
67249
67346
67365
67372
67373
67384
67440
67460
67461
67482
67498
67502
67510
67527
67536
67715
67757
67758
67785
67821
67856
67977
67987
67996
68024
68046
68047
68078
68098
68122
68159
68180
68185
68236
68257
68271
68332
68381
68391
68394
68405
68503
68504
68510
68514
68533
68593
68609
68631
68710
68742
68747
68811
68816
68846
68881
68905
68942
68949
68983
69039
69087
69130
69138
69210
69223
69228
69233
69297
69378
69398
69508
69540
69588
69615
69639
69698
69756
69858
69881
69883
69893
69900
69912
69915
69933
69955
70008
70038
70054
70057
70106
70227
70236
70242
70256
70274
70275
70278
70285
70328
70353
70403
70430
70438
70460
70479
70505
70524
70639
70641
70676
70682
70693
70756
70757
70763
70783
70789
70826
70895
70908
70952
71088
71156
71176
71226
71268
71285
71311
71386
71448
71453
71496
71533
71534
71537
71715
71738
71761
71790
71808
71816
71837
71841
71870
71882
71892
71905
71908
71953
71956
72016
72052
72075
72079
72091
72095
72098
72130
72162
72168
72217
72303
72312
72316
72318
72355
72360
72361
72403
72442
72451
72461
72474
72487
72573
72605
72607
72624
72629
72688
72735
72764
72769
72774
72813
72822
72993
73039
73068
73069
73083
73096
73110
73190
73248
73276
73303
73307
73327
73345
73347
73387
73400
73465
73501
73529
73599
73631
73633
73641
73697
73718
73773
73906
73973
74172
74180
74192
74197
74218
74224
74231
74232
74233
74234
74271
74282
74304
74308
74363
74367
74373
74432
74587
74607
74622
74673
74792
74963
75014
75024
75039
75050
75064
75065
75117
75118
75193
75291
75367
75368
75450
75501
75507
75626
75627
75632
75636
75683
75692
75712
75754
75759
75868
75877
75895
75898
75903
75928
75945
76020
76066
76068
76076
76086
76138
76240
76304
76394
76490
76520
76530
76536
76607
76638
76654
76722
76795
76812
76854
76858
76987
77049
77059
77083
77095
77168
77169
77206
77230
77235
77273
77309
77326
77332
77348
77364
77403
77409
77441
77480
77492
77611
77623
77625
77628
77639
77642
77646
77659
77672
77696
77699
77710
77752
77760
77767
77768
77773
77798
77867
77869
77939
77957
77999
78062
78072
78112
78152
78165
78166
78172
78179
78233
78255
78261
78317
78333
78339
78434
78450
78512
78523
78533
78576
78591
78594
78598
78650
78673
78693
78726
78727
78734
78751
78766
78789
78934
78935
78947
78978
79036
79089
79102
79153
79213
79220
79222
79223
79224
79238
79346
79401
79410
79423
79471
79477
79484
79491
79563
79573
79601
79660
79684
79860
79925
79926
79927
79931
79942
79944
80003
80011
80072
80102
80117
80126
80184
80210
80251
80260
80263
80288
80330
80391
80460
80468
80482
80517
80589
80630
80631
80646
80667
80714
80715
80723
80760
80796
80804
80847
80882
80883
80887
80900
80905
80958
80993
81117
81132
81202
81262
81427
81517
81539
81540
81547
81592
81671
81682
81723
81729
81801
81806
81818
81829
81830
81837
81866
81876
81907
81920
81946
81948
81950
82051
82052
82121
82169
82200
82272
82284
82345
82353
82360
82416
82542
82607
82687
82750
82791
82851
82857
82876
82885
82964
82968
83032
83084
83095
83100
83161
83180
83192
83414
83421
83424
83468
83530
83541
83587
83621
83624
83639
83660
83708
83709
83795
83796
83813
83870
83934
83940
83957
83960
84080
84094
84102
84103
84114
84122
84136
84156
84157
84168
84172
84181
84193
84210
84219
84226
84235
84250
84471
84505
84604
84790
84843
84858
84862
84921
84945
84974
84977
84984
85001
85012
85028
85067
85148
85164
85170
85192
85200
85226
85228
85239
85479
85498
85502
85506
85555
85568
85603
85641
85723
85745
85761
85780
85806
85844
85898
85907
86005
86025
86057
86086
86190
86191
86195
86280
86292
86395
86435
86444
86473
86562
86575
86592
86734
86832
86969
87024
87157
87167
87451
87456
87513
87543
87561
87590
87614
87618
87731
87830
87853
87858
87860
87862
87930
87947
87957
88000
88030
88097
88104
88110
88138
88167
88237
88251
88312
88313
88348
88353
88387
88423
88428
88456
88495
88508
88518
88527
88538
88550
88571
88578
88580
88594
88599
88605
88634
88641
88738
88899
88932
88937
88944
88958
88990
88997
89051
89142
89176
89226
89230
89258
89308
89313
89318
89347
89372
89487
89491
89518
89533
89539
89601
89630
89658
89674
89725
89735
89774
89780
89793
89874
89925
89934
89936
89949
89951
89969
89971
89999
90000
90003
90066
90100
90127
90138
90179
90233
90238
90248
90274
90374
90375
90389
90408
90430
90435
90545
90591
90658
90729
90808
90855
90876
90897
90942
90950
90988
90998
91031
91187
91193
91251
91281
91285
91440
91453
91458
91465
91479
91550
91569
91596
91605
91614
91672
91705
91710
91757
91764
91777
91780
91787
91796
91804
91808
91809
91893
91895
91902
91938
91964
91980
91983
92181
92193
92260
92324
92339
92349
92357
92365
92370
92509
92563
92566
92588
92607
92623
92653
92739
92793
92884
92888
92900
92928
92949
92959
93097
93206
93219
93274
93343
93383
93428
93472
93510
93570
93613
93628
93705
93800
93813
93888
93903
93919
93936
93938
93994
94041
94067
94068
94070
94138
94148
94149
94150
94224
94248
94265
94272
94395
94423
94437
94605
94644
94677
94707
94758
94769
94857
94859
94879
94902
94907
94915
94971
95004
95075
95116
95126
95190
95247
95296
95383
95414
95445
95456
95473
95485
95561
95576
95579
95618
95623
95624
95639
95653
95691
95693
95737
95760
95768
95780
95782
95785
95867
95879
95935
95952
95968
95970
95972
95979
95982
95987
96079
96131
96171
96309
96372
96403
96426
96428
96436
96499
96505
96570
96645
96647
96678
96683
96694
96706
96709
96712
96753
96815
96826
96848
96892
96923
96928
96942
96964
96977
97060
97131
97145
97163
97217
97244
97273
97366
97388
97394
97470
97497
97507
97538
97596
97624
97634
97676
97704
97795
97797
97798
97833
97835
97836
97842
97851
97852
97859
97883
97901
97934
97947
97948
98004
98018
98075
98143
98193
98212
98253
98267
98321
98361
98362
98388
98428
98494
98497
98499
98538
98581
98592
98608
98615
98627
98631
98672
98706
98744
98748
98762
98835
98839
98842
98966
98970
98997
99000
99003
99005
99012
99013
99046
99067
99140
99172
99173
99185
99314
99333
99355
99398
99418
99431
99588
99595
99607
99608
99624
99639
99664
99695
99750
99827
99845
99868
99870
99916
99921
99936
99984
99993
100003
100037
100039
100065
100101
100127
100133
100235
100264
100278
100311
100324
100350
100351
100386
100398
100428
100553
100564
100697
100719
100758
100815
100845
100870
100876
100877
100949
100953
101106
101135
101140
101235
101329
101401
101402
101495
101540
101541
101576
101588
101614
101635
101638
101640
101735
101736
101752
101931
101996
102030
102043
102106
102116
102166
102177
102180
102184
102195
102201
102232
102346
102350
102380
102387
102405
102437
102438
102457
102476
102479
102484
102512
102527
102541
102607
102608
102668
102685
102695
102706
102726
102758
102761
102775
102858
102899
102923
102926
102940
102943
102959
102960
102963
103013
103024
103041
103082
103199
103216
103217
103219
103226
103290
103313
103329
103349
103388
103412
103433
103441
103446
103458
103461
103513
103550
103597
103606
103615
103626
103639
103693
103713
103726
103729
103838
103861
103872
103882
103890
103895
103906
103926
103972
104021
104075
104091
104150
104181
104208
104265
104310
104343
104354
104361
104380
104385
104420
104436
104466
104520
104553
104563
104594
104607
104611
104615
104623
104767
104815
104827
104841
104877
104881
104911
104946
104948
105026
105038
105049
105090
105098
105100
105128
105131
105134
105154
105202
105242
105257
105269
105302
105308
105347
105357
105358
105364
105381
105384
105402
105461
105477
105490
105635
105679
105687
105750
105817
105837
105867
105876
105955
105969
105970
105980
105998
106003
106072
106073
106088
106095
106142
106183
106211
106288
106304
106306
106331
106493
106504
106555
106561
106618
106630
106631
106665
106756
106814
106837
106850
106869
106870
106899
106917
106953
106978
106992
107031
107067
107093
107097
107118
107128
107138
107147
107163
107186
107190
107200
107243
107308
107343
107411
107524
107641
107646
107664
107747
107758
107769
107848
107853
107884
107887
107956
107961
107963
107973
108065
108079
108099
108106
108111
108119
108122
108136
108190
108197
108206
108208
108209
108237
108314
108341
108342
108354
108358
108428
108431
108435
108498
108566
108585
108671
108681
108695
108702
108703
108707
108713
108724
108783
108824
108830
108831
108835
108837
108852
108951
108962
108965
108975
109014
109047
109074
109088
109134
109154
109170
109219
109262
109269
109280
109297
109305
109357
109465
109470
109486
109497
109511
109537
109621
109625
109647
109674
109683
109688
109719
109724
109748
109770
109845
109853
109857
109861
109879
109892
109913
109928
109946
109967
109972
109985
110027
110034
110084
110091
110115
110118
110137
110163
110164
110182
110234
110307
110340
110341
110346
110389
110418
110431
110515
110524
110627
110631
110716
110788
110797
110816
110837
110849
110957
110961
110986
111166
111187
111215
111216
111223
111303
111306
111354
111394
111472
111483
111517
111518
111557
111559
111568
111573
111574
111575
111592
111641
111656
111693
111789
111853
111911
111943
111985
111992
112006
112050
112067
112082
112106
112107
112182
112184
112241
112293
112303
112306
112323
112416
112433
112504
112530
112537
112538
112667
112669
112746
112751
112831
112835
112864
112876
112884
112917
112938
112947
112948
112962
112967
113020
113097
113115
113176
113188
113205
113222
113229
113490
113509
113513
113519
113534
113575
113642
113644
113662
113664
113667
113696
113715
113732
113769
113785
113786
113793
113797
113807
113809
113819
113865
113873
113876
113908
113914
113920
113925
113954
113959
113964
114014
114052
114070
114084
114147
114165
114249
114329
114348
114358
114426
114434
114466
114480
114527
114573
114613
114682
114686
114692
114725
114757
114761
114789
114854
114952
115037
115038
115074
115102
115136
115137
115220
115290
115293
115347
115416
115446
115497
115518
115545
115575
115625
115643
115648
115750
115760
115787
115799
115802
115812
115860
115935
115941
115942
116004
116011
116054
116076
116097
116099
116100
116108
116115
116165
116222
116229
116357
116395
116458
116462
116555
116579
116601
116618
116704
116759
116879
117020
117063
117177
117236
117244
117247
117254
117271
117301
117319
117324
117328
117331
117349
117368
117446
117453
117465
117523
117600
117623
117656
117682
117686
117700
117799
117821
117839
117863
117910
117916
117931
117956
117961
117970
118007
118011
118031
118033
118034
118060
118080
118109
118147
118171
118188
118413
118455
118479
118509
118535
118587
118633
118636
118673
118680
118683
118695
118723
118737
118767
118789
118813
118848
118893
118900
118960
118962
118975
118979
119123
119215
119258
119287
119299
119303
119306
119334
119347
119376
119390
119398
119404
119412
119422
119507
119542
119622
119657
119673
119704
119705
119733
119770
119819
119823
119869
119897
119915
119955
119967
120036
120146
120206
120219
120245
120388
120401
120495
120501
120507
120518
120578
120579
120590
120592
120594
120602
120607
120608
120644
120712
120865
120889
121045
121239
121243
121244
121250
121312
121326
121345
121378
121410
121550
121557
121576
121593
121596
121601
121602
121645
121706
121753
121757
121815
121842
121861
121910
121927
121928
121930
121936
121939
121959
121967
121985
121991
121993
122017
122028
122034
122039
122091
122130
122159
122170
122259
122295
122403
122445
122514
122546
122593
122704
122732
122745
122801
122813
122840
122844
122872
122905
122943
122962
122991
123050
123064
123095
123105
123121
123133
123148
123154
123181
123187
123188
123228
123246
123253
123311
123313
123314
123320
123323
123396
123413
123440
123443
123476
123532
123568
123572
123587
123588
123590
123600
123614
123615
123624
123650
123654
123664
123675
123703
123719
123720
123729
123735
123738
123740
123791
123797
123869
123887
123896
123904
123924
123968
123992
124138
124147
124148
124167
124185
124191
124196
124201
124202
124227
124283
124335
124354
124364
124373
124469
124530
124538
124558
124626
124640
124644
124655
124826
124864
124884
124928
124968
124971
124975
124976
124977
124990
125043
125045
125103
125140
125144
125188
125223
125238
125280
125455
125468
125476
125576
125579
125627
125646
125674
125679
125685
125708
125791
125796
125854
125901
126049
126076
126082
126098
126244
126265
126277
126315
126353
126373
126388
126433
126471
126479
126486
126564
126573
126589
126590
126597
126638
126639
126721
126749
126763
126772
126830
126838
126840
126868
126930
126932
126936
126980
127014
127017
127057
127062
127075
127160
127278
127289
127349
127372
127373
127441
127455
127550
127562
127588
127611
127619
127624
127666
127694
127720
127741
127796
127801
127810
127973
127982
128008
128042
128064
128076
128081
128087
128090
128093
128144
128148
128171
128177
128211
128235
128240
128326
128327
128338
128347
128359
128361
128362
128365
128382
128428
128447
128459
128500
128515
128537
128590
128628
128790
128796
128800
128802
128807
128820
128877
128921
128924
128929
128949
128970
128989
129007
129058
129089
129139
129145
129148
129151
129163
129206
129218
129280
129357
129463
129537
129545
129574
129607
129608
129633
129647
129705
129729
129734
129739
129798
129800
129802
129818
129847
129873
129891
129895
129940
130035
130201
130240
130403
130588
130596
130614
130627
130630
130654
130705
130731
130782
130820
130844
130850
130852
130856
130884
130985
131030
131046
131056
131081
131094
131096
131225
131228
131284
131329
131341
131370
131441
131478
131508
131526
131527
131533
131560
131598
131628
131636
131694
131916
131933
132083
132119
132129
132147
132157
132166
132282
132302
132311
132355
132405
132408
132527
132597
132604
132781
132784
132803
132916
132982
133008
133029
133080
133115
133144
133195
133249
133290
133293
133377
133396
133487
133507
133588
133627
133641
133677
133678
133715
133774
133783
133912
133959
133976
133981
134021
134041
134067
134094
134154
134188
134191
134327
134384
134386
134391
134419
134423
134465
134472
134513
134522
134524
134545
134606
134617
134642
134796
134797
134808
134817
134825
134847
134863
134893
134922
134976
135006
135008
135058
135065
135110
135112
135197
135250
135258
135259
135278
135281
135299
135361
135407
135409
135503
135609
135655
135681
135696
135736
135738
135866
135882
135900
135903
135905
135922
135932
135949
135950
136003
136138
136140
136159
136164
136203
136211
136226
136237
136248
136257
136292
136371
136374
136392
136404
136406
136408
136504
136533
136534
136620
136622
136627
136632
136662
136665
136721
136745
136750
136771
136853
136857
136929
136931
136972
136990
137072
137102
137129
137143
137148
137164
137236
137271
137344
137359
137362
137377
137399
137404
137412
137437
137440
137502
137517
137524
137584
137650
137680
137690
137691
137709
137822
137836
137869
137890
137895
137916
137957
137972
137982
138019
138032
138035
138059
138061
138087
138123
138251
138256
138271
138272
138278
138279
138283
138306
138314
138322
138328
138382
138417
138435
138491
138493
138505
138577
138617
138665
138668
138708
138838
138839
138890
138892
138907
138934
138950
138968
139020
139028
139101
139141
139151
139212
139272
139274
139339
139347
139404
139410
139437
139468
139489
139581
139621
139634
139659
139733
139735
139737
139739
139791
139816
139821
139832
139858
139864
139876
139888
139914
139950
139968
139974
140028
140064
140123
140148
140162
140248
140255
140284
140346
140349
140350
140362
140364
140370
140398
140441
140458
140487
140516
140542
140547
140552
140553
140585
140607
140622
140645
140648
140654
140730
140758
140759
140766
140773
140777
140809
140832
140909
140979
140995
141001
141020
141037
141073
141118
141176
141183
141184
141186
141190
141246
141282
141330
141381
141389
141439
141473
141598
141610
141625
141652
141695
141708
141716
141727
141754
141762
141767
141796
141810
141822
141826
141830
141846
141855
141856
141857
141869
141920
141944
141964
142063
142089
142090
142095
142121
142122
142134
142171
142209
142239
142264
142342
142352
142367
142371
142384
142385
142391
142471
142493
142535
142587
142590
142607
142646
142657
142700
142759
142764
142837
142863
142962
142965
143020
143051
143055
143065
143067
143085
143091
143097
143102
143139
143189
143228
143242
143280
143288
143327
143372
143386
143406
143496
143553
143576
143579
143595
143659
143661
143662
143683
143684
143708
143793
143823
143827
143946
144055
144058
144067
144078
144085
144089
144102
144116
144132
144137
144146
144156
144181
144292
144333
144348
144381
144408
144461
144475
144483
144538
144555
144608
144611
144618
144631
144665
144682
144686
144695
144713
144729
144771
144773
144779
144781
144789
144799
144803
144872
144975
144986
144991
145015
145098
145145
145150
145156
145174
145185
145211
145230
145231
145234
145273
145299
145317
145318
145329
145345
145401
145414
145438
145441
145462
145464
145548
145551
145567
145575
145606
145634
145719
145862
145868
145876
145885
145886
145896
145898
145948
145974
145981
146009
146016
146019
146035
146043
146054
146080
146143
146146
146157
146178
146220
146246
146277
146286
146291
146326
146410
146438
146577
146582
146633
146710
146721
146727
146742
146760
146779
146790
146865
146873
146883
146889
146927
146940
146952
146994
146997
147007
147199
147215
147217
147274
147283
147295
147407
147416
147460
147517
147533
147534
147542
147569
147581
147612
147678
147681
147749
147752
147759
147892
147916
148010
148171
148177
148238
148245
148268
148285
148288
148316
148358
148359
148367
148376
148482
148494
148592
148638
148643
148646
148648
148649
148724
148746
148760
148788
148816
148848
148853
148871
148881
148925
148927
148958
149002
149013
149106
149150
149194
149220
149221
149227
149259
149262
149272
149298
149335
149345
149358
149384
149413
149459
149617
149816
149821
149868
149873
149885
149887
149958
149983
149986
150130
150133
150197
150232
150309
150324
150435
150457
150608
150659
150670
150730
150742
150748
150767
150771
150774
150793
150805
150820
150837
150995
151067
151136
151180
151213
151230
151239
151270
151277
151294
151312
151386
151496
151563
151582
151603
151611
151647
151669
151690
151692
151739
151746
151752
151769
151810
151814
151815
151825
151858
151877
151885
151886
152009
152015
152020
152040
152053
152062
152082
152090
152092
152102
152117
152164
152190
152203
152246
152293
152308
152412
152495
152535
152608
152610
152672
152844
152855
152857
152861
152871
152947
153164
153211
153213
153259
153284
153317
153369
153393
153396
153414
153474
153531
153539
153563
153567
153573
153575
153577
153587
153619
153654
153704
153723
153760
153809
153817
153862
153864
153874
153878
153892
153895
153897
153954
153997
154005
154029
154116
154161
154207
154275
154341
154397
154405
154412
154564
154581
154606
154636
154797
154820
154822
154838
154845
154876
154894
154952
154973
155022
155047
155113
155130
155161
155189
155230
155233
155250
155260
155291
155296
155366
155377
155397
155409
155415
155440
155454
155530
155562
155566
155633
155650
155861
155873
155946
155956
155981
156007
156051
156058
156067
156088
156125
156147
156185
156233
156325
156386
156412
156563
156620
156655
156662
156714
156816
156838
156983
156993
156998
157007
157034
157037
157067
157117
157139
157189
157247
157248
157313
157396
157427
157443
157478
157498
157513
157520
157552
157585
157596
157599
157690
157731
157758
157793
157810
157813
157818
157848
157857
157912
157972
158004
158102
158137
158160
158237
158481
158550
158603
158636
158661
158664
158695
158735
158737
158817
158889
158925
159016
159017
159037
159053
159070
159101
159179
159208
159216
159221
159250
159278
159310
159333
159335
159424
159426
159514
159613
159622
159653
159655
159697
159724
159750
159751
159753
159782
159825
159829
159831
159844
159876
159960
160016
160041
160054
160056
160084
160237
160312
160359
160391
160394
160443
160562
160640
160649
160700
160719
160758
160784
160825
160841
160936
161035
161111
161114
161116
161147
161240
161279
161312
161374
161391
161415
161437
161474
161482
161494
161501
161520
161666
161711
161714
161733
161735
161773
161804
161806
161826
161828
161860
161876
161884
161893
161924
161940
161958
161987
162048
162083
162092
162112
162167
162263
162272
162295
162297
162301
162392
162442
162546
162581
162613
162618
162652
162681
162790
162867
162896
162909
162986
162994
163025
163031
163073
163144
163159
163170
163177
163179
163182
163193
163249
163378
163380
163388
163438
163448
163451
163460
163476
163500
163526
163610
163616
163690
163741
163862
163950
163952
164037
164054
164102
164108
164126
164145
164150
164154
164229
164258
164279
164300
164313
164385
164410
164434
164435
164477
164501
164585
164634
164686
164717
164738
164793
164805
164856
164897
164911
165014
165109
165205
165292
165327
165363
165406
165454
165460
165469
165497
165503
165529
165551
165559
165564
165568
165585
165595
165596
165621
165624
165651
165684
165691
165731
165750
165807
165836
165846
165865
165896
165901
165903
165968
166021
166050
166116
166207
166271
166328
166337
166340
166353
166366
166382
166387
166388
166426
166461
166469
166475
166490
166494
166572
166575
166579
166607
166682
166690
166710
166711
166721
166723
166728
166737
166746
166800
166838
166904
166925
166935
166941
166984
166998
167034
167047
167053
167062
167068
167076
167167
167168
167171
167174
167177
167198
167215
167335
167346
167356
167361
167374
167386
167404
167416
167417
167495
167498
167501
167526
167576
167630
167645
167698
167727
167736
167750
167753
167756
167846
167869
167962
167978
167993
168014
168016
168062
168070
168078
168159
168239
168358
168361
168372
168377
168392
168395
168396
168437
168452
168455
168498
168529
168618
168738
168789
168830
168892
168942
168978
168979
169084
169196
169197
169211
169263
169269
169301
169364
169401
169412
169414
169434
169466
169474
169518
169520
169524
169532
169543
169686
169717
169720
169728
169750
169755
169767
169771
169781
169791
169825
169832
169947
169977
170001
170020
170074
170111
170132
170169
170194
170199
170216
170240
170271
170329
170361
170430
170432
170508
170515
170578
170653
170706
170774
170778
170794
170804
170820
170826
170844
170857
170871
170893
170902
170932
171170
171188
171226
171328
171330
171362
171406
171475
171501
171578
171616
171631
171661
171721
171755
171756
171783
171784
171802
171811
171819
171972
172025
172044
172153
172178
172209
172249
172254
172255
172266
172274
172286
172304
172309
172314
172323
172348
172359
172372
172399
172440
172446
172494
172512
172517
172558
172566
172573
172583
172606
172612
172624
172643
172650
172656
172657
172659
172699
172700
172756
172828
172844
172854
172864
172897
172920
173037
173088
173107
173118
173138
173196
173204
173327
173347
173366
173371
173402
173416
173470
173490
173496
173578
173590
173592
173601
173703
173717
173721
173734
173759
173764
173841
174008
174026
174064
174072
174152
174168
174233
174275
174297
174299
174312
174381
174391
174399
174531
174544
174688
174750
174812
174820
174822
174832
174855
174930
175027
175045
175107
175110
175120
175211
175272
175319
175367
175406
175504
175507
175514
175570
175573
175584
175588
175606
175621
175727
175758
175807
175834
175876
175877
175916
175990
176000
176027
176029
176049
176069
176077
176100
176102
176108
176137
176154
176167
176174
176184
176268
176280
176286
176316
176340
176356
176372
176373
176376
176416
176428
176436
176447
176480
176481
176483
176494
176627
176644
176652
176659
176661
176727
176773
176779
176808
176824
176851
176894
176896
176909
176913
176918
176951
176956
177006
177047
177063
177107
177110
177134
177151
177158
177299
177313
177329
177339
177355
177427
177473
177502
177539
177540
177549
177567
177571
177573
177636
177771
178095
178137
178225
178247
178286
178297
178300
178337
178354
178368
178396
178457
178575
178640
178688
178702
178712
178729
178770
178794
178826
178846
178923
178957
178992
178996
179077
179130
179144
179210
179272
179370
179378
179397
179406
179438
179467
179473
179497
179502
179528
179531
179594
179669
179674
179714
179733
179751
179798
179831
179838
179841
179867
179908
179918
179924
179931
179952
179974
180078
180083
180094
180099
180129
180135
180139
180211
180279
180283
180310
180390
180571
180614
180625
180627
180743
180751
180782
180784
180796
180801
180819
180851
180890
180910
180929
180942
180966
180971
180979
181009
181052
181076
181098
181103
181106
181107
181156
181246
181351
181421
181471
181513
181516
181552
181556
181566
181607
181613
181708
181713
181714
181785
181804
181839
181849
181901
181950
181977
181983
182010
182055
182062
182075
182155
182173
182245
182262
182277
182340
182351
182387
182443
182563
182565
182572
182578
182622
182626
182627
182675
182689
182845
182896
182948
182966
182989
183001
183008
183012
183015
183017
183057
183121
183135
183186
183190
183247
183255
183261
183279
183298
183335
183358
183375
183392
183430
183473
183504
183506
183530
183531
183544
183586
183600
183704
183709
183712
183889
183934
184097
184103
184198
184283
184287
184341
184399
184444
184466
184468
184475
184476
184480
184481
184507
184585
184596
184647
184662
184670
184675
184690
184700
184714
184817
184818
184891
184935
184942
184945
184957
184981
184983
185024
185148
185149
185153
185176
185178
185185
185195
185241
185242
185289
185326
185359
185399
185419
185502
185516
185566
185573
185578
185656
185673
185719
185727
185775
185793
185836
185852
185868
185873
185920
185972
185975
185978
186019
186026
186034
186053
186096
186198
186214
186247
186321
186377
186522
186547
186584
186689
186719
186738
186776
186779
186785
186810
186817
186848
186877
186883
186917
187008
187025
187039
187045
187078
187089
187098
187106
187138
187171
187288
187292
187319
187321
187350
187470
187504
187511
187523
187531
187547
187639
187661
187722
187723
187735
187789
188009
188013
188019
188038
188043
188110
188143
188146
188208
188225
188232
188308
188449
188470
188482
188521
188547
188570
188577
188592
188593
188627
188639
188662
188677
188744
188786
188813
188829
188870
188895
188921
188922
188926
188999
189024
189032
189048
189049
189050
189051
189053
189055
189057
189115
189124
189125
189156
189163
189181
189185
189209
189216
189228
189237
189249
189314
189316
189367
189414
189446
189502
189507
189514
189522
189528
189591
189621
189633
189655
189658
189757
189773
189775
189788
189804
189809
189861
189897
189898
189935
189942
189945
189959
190014
190044
190058
190063
190110
190126
190178
190180
190188
190198
190297
190311
190316
190329
190333
190346
190366
190371
190372
190385
190399
190403
190423
190450
190473
190495
190505
190535
190539
190583
190588
190591
190621
190684
190688
190782
190829
190839
190869
190905
191104
191130
191137
191252
191289
191307
191329
191332
191338
191358
191359
191391
191417
191426
191450
191456
191458
191463
191516
191559
191599
191651
191658
191756
191764
191773
191815
191823
191846
191861
191886
191962
191965
191968
191975
191976
192053
192142
192184
192213
192233
192242
192273
192309
192335
192464
192499
192501
192520
192523
192565
192570
192618
192620
192622
192626
192687
192689
192692
192694
192737
192746
192791
192816
192819
192853
192924
192928
192930
192937
192964
193025
193089
193147
193155
193177
193187
193198
193218
193222
193223
193243
193251
193255
193267
193297
193314
193318
193371
193385
193427
193429
193485
193500
193548
193587
193594
193649
193662
193736
193750
193805
193844
193856
193857
193862
193891
193902
193907
193923
193926
193932
193937
193941
193947
193990
194019
194024
194030
194034
194098
194114
194161
194209
194241
194245
194280
194327
194345
194377
194395
194413
194414
194438
194467
194469
194483
194487
194502
194648
194671
194734
194737
194744
194886
194972
195054
195107
195125
195139
195143
195197
195224
195249
195333
195347
195372
195407
195494
195507
195532
195535
195548
195551
195583
195591
195633
195658
195677
195689
195695
195733
195734
195860
195865
195868
195878
195892
195901
195955
195999
196009
196011
196017
196030
196057
196069
196071
196085
196114
196119
196126
196172
196185
196195
196208
196223
196226
196248
196294
196298
196318
196331
196340
196344
196346
196352
196356
196362
196369
196400
196406
196421
196438
196440
196467
196472
196482
196491
196497
196513
196519
196535
196537
196545
196552
196555
196627
196708
196729
196761
196771
196796
196801
196802
196811
196822
196844
196845
196892
196911
196917
196942
196955
196966
196975
196977
196980
196990
197008
197013
197026
197034
197043
197044
197050
197054
197065
197121
197156
197180
197236
197239
197252
197290
197293
197310
197315
197323
197358
197382
197387
197388
197421
197465
197536
197537
197552
197556
197568
197593
197596
197597
197605
197610
197635
197643
197662
197674
197690
197694
197719
197753
197754
197755
197776
197779
197793
197796
197812
197876
197878
197909
197959
198049
198053
198108
198118
198138
198164
198197
198213
198220
198225
198252
198294
198334
198335
198377
198401
198409
198423
198454
198484
198533
198563
198572
198592
198603
198666
198681
198720
198730
198743
198801
198820
198833
198849
198871
198878
198927
198940
198960
198964
198981
199000
199038
199120
199141
199153
199176
199201
199218
199228
199268
199317
199320
199323
199336
199361
199367
199368
199455
199480
199488
199524
199583
199584
199589
199643
199780
199822
199890
199926
199930
199987
200023
200046
200070
200113
200142
200264
200312
200317
200318
200321
200325
200333
200344
200377
200402
200436
200480
200497
200506
200572
200584
200674
200680
200681
200688
200691
200829
200849
200895
200972
201002
201039
201163
201185
201216
201227
201237
201249
201264
201294
201338
201339
201347
201352
201354
201395
201396
201405
201421
201454
201486
201517
201618
201774
201816
201840
201860
201868
201889
201897
201911
201915
201928
201935
201963
201970
201971
201990
201995
202021
202043
202134
202162
202188
202189
202309
202402
202404
202471
202510
202556
202681
202732
202760
202765
202780
202813
202844
202851
202853
202874
202912
202923
202944
202950
202967
203003
203005
203047
203048
203052
203060
203129
203130
203131
203141
203183
203279
203348
203359
203377
203444
203482
203504
203522
203558
203561
203565
203641
203648
203677
203704
203724
203765
203771
203775
203777
203780
203784
203796
203819
203840
203896
203908
203915
203971
204036
204056
204080
204114
204131
204248
204249
204261
204269
204277
204344
204347
204373
204400
204426
204549
204556
204613
204644
204701
204753
204874
204908
204924
205061
205076
205142
205252
205267
205277
205295
205362
205373
205441
205463
205474
205561
205579
205586
205649
205656
205725
205727
205748
205850
205861
205873
205901
205912
205952
206070
206072
206083
206084
206123
206125
206248
206269
206299
206304
206390
206405
206434
206445
206452
206603
206649
206680
206711
206841
206843
206848
206856
206894
206895
206911
206913
206914
206915
206921
206937
207004
207024
207125
207165
207167
207170
207180
207220
207313
207328
207363
207415
207442
207453
207529
207542
207545
207560
207579
207593
207751
207818
207824
207837
207847
207859
207864
207886
207925
207956
207976
207980
208004
208083
208102
208105
208115
208116
208129
208138
208271
208355
208370
208379
208406
208516
208538
208539
208547
208548
208557
208592
208648
208654
208809
208813
208849
208891
208903
208911
208916
208934
208959
208962
208978
208979
208993
209010
209041
209052
209108
209123
209126
209161
209169
209207
209246
209309
209356
209447
209482
209556
209571
209594
209600
209660
209775
209800
209822
209827
209878
209889
209895
209915
209936
210019
210050
210094
210119
210154
210206
210264
210304
210308
210311
210360
210365
210373
210378
210401
210416
210461
210467
210471
210477
210482
210483
210547
210551
210607
210616
210624
210632
210677
210701
210744
210747
210778
210791
210794
210825
210827
210861
210949
210952
210956
210961
211042
211049
211053
211061
211063
211086
211121
211133
211154
211261
211302
211357
211464
211558
211590
211608
211640
211659
211714
211808
211852
211864
211870
211888
211911
212026
212089
212090
212096
212131
212137
212160
212173
212258
212336
212339
212396
212470
212503
212508
212536
212559
212586
212627
212659
212693
212731
212734
212755
212765
212779
212851
212853
212857
212860
212867
212928
212953
212961
213002
213047
213068
213070
213118
213153
213154
213155
213156
213172
213201
213249
213282
213334
213340
213434
213449
213459
213467
213504
213510
213511
213544
213599
213605
213668
213674
213691
213693
213703
213710
213794
213821
213824
213834
213860
213867
213872
213876
214155
214198
214251
214307
214317
214318
214376
214413
214475
214490
214510
214639
214643
214655
214711
214717
214801
214805
214838
214894
214951
215006
215018
215045
215065
215222
215287
215294
215317
215333
215335
215503
215515
215566
215624
215638
215670
215708
215717
215725
215740
215752
215762
215767
215772
215775
215779
215824
215865
215866
215869
215871
215885
215886
215893
215904
216059
216068
216108
216130
216141
216144
216156
216163
216179
216192
216214
216219
216223
216226
216234
216237
216239
216245
216288
216290
216296
216310
216389
216394
216423
216506
216535
216541
216592
216594
216598
216633
216703
216896
216954
217053
217068
217109
217122
217126
217127
217147
217158
217221
217249
217302
217319
217335
217339
217360
217375
217389
217392
217399
217409
217437
217457
217641
217678
217758
217767
217773
217814
217832
217838
217934
217966
217985
218051
218119
218309
218343
218350
218372
218387
218391
218393
218404
218421
218451
218485
218525
218593
218602
218606
218609
218610
218764
218770
218777
218803
218817
218832
218844
218863
218904
218925
218966
218972
219027
219033
219110
219145
219167
219189
219274
219337
219363
219381
219383
219388
219391
219396
219461
219493
219498
219506
219509
219555
219596
219669
219676
219680
219690
219699
219781
219851
219865
219906
219910
219913
219950
219997
219999
220011
220032
220055
220063
220072
220103
220120
220143
220153
220163
220222
220235
220264
220322
220339
220354
220475
220498
220522
220543
220566
220594
220598
220705
220747
220758
220842
220851
220980
221048
221052
221088
221108
221113
221145
221154
221166
221172
221176
221198
221207
221219
221249
221263
221274
221312
221370
221406
221414
221423
221445
221457
221465
221502
221606
221655
221736
221799
221808
221821
221884
221885
221887
221969
222033
222039
222074
222096
222119
222136
222150
222172
222196
222199
222223
222245
222250
222272
222280
222310
222317
222321
222341
222342
222355
222377
222382
222387
222442
222457
222506
222511
222513
222520
222534
222555
222562
222601
222612
222632
222642
222661
222671
222726
222755
222797
222814
222819
222829
222831
222900
222929
222980
222986
222991
223012
223023
223033
223071
223089
223094
223135
223140
223246
223247
223248
223249
223250
223263
223265
223317
223370
223382
223500
223514
223546
223565
223597
223665
223668
223704
223718
223722
223727
223736
223801
223813
223814
223833
223848
223855
223858
223899
223900
223974
223992
224138
224155
224248
224278
224308
224325
224547
224554
224663
224694
224726
224739
224744
224801
224802
224821
224830
224898
224907
224923
224979
224981
224986
224996
224999
225007
225008
225016
225087
225109
225161
225180
225277
225301
225358
225374
225393
225410
225473
225639
225668
225686
225706
225731
225805
225856
225858
225903
225909
225925
225975
225976
226075
226135
226203
226213
226237
226246
226281
226368
226369
226377
226426
226464
226503
226543
226576
226648
226697
226709
226715
226835
226857
226866
226936
227008
227063
227074
227156
227198
227332
227350
227393
227415
227464
227513
227515
227516
227635
227637
227673
227676
227702
227708
227719
227723
227748
227750
227773
227775
227924
227937
227948
227961
227983
227995
227997
228015
228050
228142
228164
228170
228243
228284
228306
228312
228337
228364
228375
228393
228400
228483
228550
228634
228644
228654
228659
228729
228750
228753
228782
228792
228801
228844
228867
228868
228898
228913
228915
228935
229202
229242
229293
229298
229312
229368
229479
229486
229502
229504
229511
229515
229520
229587
229599
229626
229634
229701
229707
229726
229729
229767
229830
229907
229919
229975
229995
230016
230067
230071
230072
230077
230118
230150
230159
230309
230310
230311
230316
230327
230341
230402
230413
230447
230465
230472
230484
230485
230518
230638
230639
230673
230687
230699
230732
230787
230848
230853
230891
230898
230963
231000
231082
231097
231137
231188
231204
231233
231260
231271
231296
231359
231382
231384
231415
231429
231445
231472
231502
231550
231555
231557
231579
231784
231873
231902
231938
232001
232068
232075
232100
232166
232178
232199
232237
232339
232345
232399
232459
232491
232517
232601
232606
232610
232650
232691
232721
232729
232746
232754
232756
232774
232806
232902
232924
232928
232973
233092
233107
233271
233304
233342
233381
233387
233394
233469
233475
233597
233632
233674
233708
233747
233784
233810
233836
233863
233864
233883
233904
233931
233947
233953
234007
234023
234123
234134
234230
234319
234326
234327
234352
234397
234403
234445
234466
234481
234545
234644
234646
234651
234684
234713
234722
234747
234786
234791
234921
234934
234965
234972
234973
234975
234992
235096
235140
235151
235179
235190
235209
235211
235218
235249
235283
235299
235332
235335
235385
235403
235432
235470
235481
235483
235523
235530
235618
235697
235710
235714
235782
235831
235869
235887
235912
235918
235961
235963
235991
236037
236108
236116
236121
236141
236154
236163
236200
236210
236235
236289
236378
236410
236519
236521
236524
236546
236555
236566
236585
236667
236705
236732
236797
236902
236917
236936
236987
236994
236999
237010
237019
237199
237246
237297
237298
237300
237302
237312
237314
237320
237321
237386
237428
237449
237461
237513
237515
237534
237572
237576
237624
237635
237731
237736
237797
237805
237838
237915
238006
238025
238034
238038
238078
238081
238090
238106
238110
238141
238163
238253
238342
238355
238396
238410
238436
238543
238547
238627
238638
238640
238651
238683
238722
238730
238738
238794
238798
238831
238897
238901
238961
239082
239084
239177
239371
239379
239400
239406
239433
239502
239516
239527
239560
239569
239598
239612
239669
239687
239771
239786
239812
239882
239925
239928
239930
239937
239952
239955
239988
239991
240026
240043
240128
240145
240224
240230
240243
240290
240303
240317
240369
240404
240441
240480
240530
240613
240624
240700
240703
240714
240718
240730
240756
240773
240779
240783
240917
240942
241096
241126
241136
241160
241202
241215
241252
241366
241384
241399
241508
241509
241511
241512
241513
241529
241530
241548
241549
241597
241606
241615
241648
241652
241672
241693
241736
241754
241781
241806
241825
241828
241831
241873
241941
241954
242010
242040
242059
242133
242137
242140
242143
242275
242279
242498
242532
242598
242603
242647
242688
242697
242824
242940
242943
242949
243020
243036
243060
243097
243103
243119
243153
243264
243267
243296
243302
243304
243323
243348
243368
243400
243472
243504
243537
243557
243558
243609
243622
243656
243709
243710
243719
243769
243781
243797
243808
243846
243862
243864
243870
243884
243893
243970
244001
244086
244106
244151
244189
244215
244235
244278
244291
244348
244428
244466
244484
244503
244531
244593
244599
244676
244678
244695
244732
244742
244744
244765
244771
244859
244877
244881
244886
244892
244906
244907
244917
244927
244941
244999
245007
245012
245042
245074
245083
245087
245097
245120
245155
245160
245209
245219
245224
245232
245276
245281
245289
245306
245339
245354
245363
245376
245380
245387
245416
245505
245521
245526
245538
245549
245603
245732
245855
245857
245941
246062
246108
246111
246183
246197
246199
246258
246282
246341
246434
246459
246596
246597
246638
246640
246677
246680
246688
246694
246730
246736
246758
246773
246783
246867
246874
246891
246907
246921
246942
246949
246950
247019
247029
247042
247048
247064
247121
247122
247146
247167
247172
247189
247203
247221
247241
247246
247290
247305
247423
247426
247467
247505
247595
247601
247605
247640
247665
247710
247714
247742
247757
247785
247787
247789
247849
247863
247865
247897
247946
247953
247984
248025
248034
248035
248039
248055
248143
248236
248241
248282
248356
248383
248391
248474
248489
248509
248512
248514
248632
248649
248650
248676
248697
248698
248702
248713
248729
248755
248762
248903
248920
248933
248969
248983
248995
249032
249072
249076
249134
249178
249185
249197
249204
249214
249225
249266
249267
249273
249324
249357
249380
249481
249492
249499
249570
249575
249688
249709
249716
249737
249747
249756
249799
249803
249817
249833
249836
249892
249893
249898
249901
249916
249921
249933
249959
249969
249974
249997
249998
250006
250012
250015
250020
250039
250042
250093
250160
250196
250206
250241
250271
250350
250361
250390
250401
250403
250412
250416
250431
250439
250440
250443
250454
250455
250470
250481
250486
250499
250528
250573
250593
250602
250608
250621
250623
250638
250677
250728
250733
250747
250797
250848
250882
250893
250907
250965
251048
251063
251091
251138
251198
251218
251270
251271
251281
251305
251307
251341
251348
251407
251421
251462
251468
251530
251546
251548
251553
251576
251600
251605
251626
251667
251687
251691
251709
251740
251748
251757
251845
251856
251897
251917
251927
251930
251931
251936
251940
251966
251991
252005
252048
252058
252071
252107
252116
252118
252163
252166
252178
252219
252233
252260
252340
252371
252375
252382
252406
252408
252430
252583
252597
252627
252639
252666
252711
252734
252769
252774
252778
252780
252784
252793
252796
252890
252916
253011
253040
253049
253054
253058
253080
253138
253189
253278
253347
253348
253364
253376
253406
253434
253448
253457
253502
253552
253566
253609
253632
253642
253647
253697
253710
253734
253785
253787
253799
253800
253930
253986
254130
254151
254156
254277
254332
254344
254345
254350
254457
254460
254507
254520
254523
254546
254557
254560
254566
254617
254702
254770
254779
254793
254798
254827
254910
254922
254951
254959
254996
255002
255009
255051
255089
255131
255140
255213
255291
255295
255302
255327
255336
255351
255359
255373
255380
255381
255391
255392
255402
255414
255471
255504
255505
255513
255539
255548
255550
255573
255597
255643
255673
255711
255771
255789
255805
255809
255859
255866
255876
255893
255908
255910
255913
255964
256003
256004
256046
256053
256242
256263
256267
256271
256294
256319
256383
256436
256494
256511
256518
256570
256577
256589
256605
256623
256625
256677
256710
256713
256750
256766
256822
256830
256833
256844
256849
256861
256863
256866
256868
256873
256919
256948
256954
256956
256971
256974
257010
257017
257019
257071
257090
257110
257124
257150
257163
257195
257217
257218
257221
257236
257293
257310
257312
257325
257339
257342
257345
257380
257382
257392
257446
257469
257528
257620
257622
257633
257638
257639
257640
257644
257645
257653
257658
257666
257676
257687
257705
257711
257719
257734
257741
257750
257754
257788
257790
257814
257823
257858
257862
257873
257875
257878
257914
257932
257990
258030
258037
258056
258071
258086
258116
258142
258148
258172
258206
258221
258248
258254
258278
258282
258289
258306
258342
258354
258395
258431
258472
258479
258544
258582
258586
258599
258674
258688
258689
258709
258747
258755
258820
258821
258845
258915
258937
259012
259024
259058
259076
259091
259101
259129
259207
259208
259258
259268
259275
259292
259304
259305
259311
259314
259322
259339
259361
259377
259409
259410
259518
259533
259574
259623
259625
259644
259808
259816
259837
259877
259878
259906
259927
259935
259945
259948
260030
260037
260086
260090
260122
260152
260202
260216
260268
260283
260318
260328
260357
260378
260440
260467
260490
260502
260562
260568
260578
260613
260647
260654
260656
260657
260659
260668
260688
260703
260813
260824
260834
260837
260862
260874
260890
260899
260902
260911
260973
261026
261066
261126
261150
261189
261191
261262
261288
261289
261309
261310
261311
261313
261369
261382
261412
261447
261463
261477
261482
261486
261487
261538
261544
261585
261602
261673
261688
261690
261745
261762
261778
261801
261847
261848
261851
261965
262149
262158
262192
262195
262215
262216
262231
262301
262302
262376
262388
262476
262484
262526
262607
262617
262622
262623
262627
262630
262632
262634
262647
262653
262702
262705
262716
262760
262789
262794
262806
262819
262826
262834
262840
262844
262852
262861
262864
262878
262907
262915
262935
262989
262994
263005
263007
263021
263036
263047
263056
263059
263066
263070
263075
263089
263119
263122
263203
263238
263276
263371
263396
263402
263403
263404
263447
263522
263533
263534
263535
263539
263546
263547
263554
263557
263563
263564
263572
263577
263590
263592
263605
263634
263640
263662
263691
263695
263722
263723
263741
263788
263827
263903
263920
263936
263969
263973
263981
264047
264057
264060
264065
264081
264132
264148
264184
264222
264273
264283
264341
264352
264367
264377
264388
264423
264504
264540
264543
264545
264548
264552
264554
264560
264561
264572
264575
264577
264584
264591
264601
264611
264629
264646
264680
264694
264697
264698
264722
264725
264726
264731
264758
264784
264788
264794
264799
264877
264879
264883
264915
264917
264918
264935
264936
264948
264982
264990
265009
265124
265149
265213
265227
265233
265239
265241
265253
265254
265276
265281
265316
265338
265343
265383
265482
265496
265499
265506
265507
265523
265532
265540
265567
265574
265597
265602
265636
265645
265704
265734
265758
265760
265832
265876
265910
265921
265970
265975
265990
266040
266051
266054
266060
266066
266139
266167
266287
266292
266329
266448
266467
266533
266600
266601
266608
266615
266699
266711
266789
266821
266831
266837
266855
266866
266906
266931
266967
266997
267043
267046
267077
267116
267124
267163
267168
267189
267193
267206
267293
267302
267321
267341
267440
267442
267455
267459
267465
267466
267497
267591
267599
267619
267648
267698
267702
267725
267800
267885
267953
267956
267987
268029
268033
268066
268108
268143
268157
268218
268272
268310
268335
268339
268383
268385
268408
268456
268463
268472
268480
268490
268492
268493
268511
268636
268665
268681
268707
268708
268797
268800
268819
268860
268916
268935
268938
268951
268952
268973
268995
268997
269100
269134
269163
269167
269176
269197
269213
269218
269351
269397
269425
269477
269513
269628
269636
269641
269669
269724
269730
269752
269785
269790
269794
269809
269810
269816
269826
269829
269834
269835
269866
269880
269916
269993
270021
270110
270124
270127
270131
270149
270153
270155
270190
270231
270257
270278
270316
270344
270373
270378
270385
270400
270415
270430
270432
270435
270465
270483
270485
270556
270638
270639
270651
270671
270683
270690
270753
270762
270766
270844
270859
270872
270879
270888
270904
270957
270962
270972
270978
270999
271031
271056
271058
271114
271174
271175
271177
271179
271194
271218
271224
271267
271280
271316
271327
271357
271381
271393
271395
271396
271428
271454
271469
271477
271480
271506
271547
271585
271645
271732
271768
271776
271780
271792
271800
271919
271965
271971
272047
272066
272069
272076
272078
272137
272230
272275
272277
272288
272291
272354
272398
272419
272420
272479
272491
272523
272573
272578
272632
272648
272769
272774
272777
272784
272789
272809
272832
272842
272862
272869
272915
272951
272985
272997
273043
273063
273106
273139
273145
273159
273172
273203
273215
273222
273232
273274
273381
273401
273404
273414
273452
273458
273460
273464
273474
273480
273482
273498
273519
273525
273528
273529
273530
273582
273647
273665
273673
273683
273689
273698
273755
273768
273775
273783
273788
273790
273807
273864
273866
273873
273950
274055
274171
274201
274207
274208
274222
274244
274285
274288
274290
274307
274344
274364
274373
274456
274464
274469
274488
274504
274519
274542
274544
274612
274613
274637
274639
274807
274812
274823
274863
274890
274893
274979
274990
275046
275101
275103
275175
275176
275178
275193
275198
275221
275246
275257
275258
275264
275269
275300
275338
275339
275369
275442
275452
275458
275508
275512
275514
275525
275622
275653
275667
275678
275760
275779
275800
275811
275812
275817
275826
275833
275844
275852
275881
275910
275940
275941
275950
275986
276005
276013
276014
276016
276025
276056
276066
276088
276103
276112
276130
276133
276143
276149
276152
276155
276265
276327
276338
276414
276441
276443
276473
276488
276493
276495
276506
276563
276618
276637
276682
276686
276772
276779
276787
276815
276865
276896
276900
276927
276939
276957
276989
276991
276994
277000
277019
277032
277110
277113
277118
277129
277131
277137
277177
277256
277305
277319
277321
277362
277371
277403
277427
277433
277515
277587
277625
277632
277640
277656
277692
277717
277730
277732
277762
277765
277777
277779
277783
277789
277813
277821
277848
277860
277908
277976
278018
278020
278021
278022
278032
278072
278081
278104
278137
278141
278247
278256
278258
278315
278316
278353
278354
278381
278405
278430
278465
278474
278475
278476
278496
278515
278549
278565
278620
278643
278648
278651
278652
