32
90
119
148
200
231
239
241
316
378
419
427
430
596
625
647
712
733
742
771
801
879
1024
1097
1101
1248
1293
1304
1316
1327
1343
1426
1470
1489
1521
1651
1767
1865
1872
1902
1929
2015
2048
2069
2120
2207
2221
2240
2276
2290
2297
2342
2365
2464
2500
2524
2571
2595
2644
2723
2784
2803
2945
2947
3084
3102
3179
3258
3285
3358
3404
3419
3500
3564
3578
3589
3664
3728
3738
3765
3766
3781
3797
3833
3994
4011
4028
4057
4066
4149
4174
4273
4290
4351
4370
4401
4516
4651
4723
4812
4819
4887
4915
4970
4993
5071
5123
5182
5184
5275
5287
5355
5389
5437
5443
5496
5534
5538
5570
5738
5779
6111
6132
6146
6163
6180
6195
6217
6248
6402
6456
6466
6609
6634
6642
6643
6654
6684
6685
6778
6851
6892
6965
6986
6993
7047
7141
7155
7157
7173
7179
7289
7377
7403
7416
7445
7472
7589
7614
7618
7661
7668
7669
7670
7674
7689
7691
7698
7710
7736
7738
7871
7948
8020
8044
8057
8114
8237
8305
8312
8336
8340
8419
8522
8658
8665
8669
8671
8672
8727
8874
8959
8960
8963
9083
9221
9321
9352
9406
9543
9555
9608
9618
9650
9696
9745
9790
9814
9836
9896
9921
9986
10012
10168
10178
10184
10222
10358
10381
10391
10403
10446
10447
10493
10655
10715
10723
10760
10768
10792
10934
10941
11043
11072
11102
11120
11125
11148
11158
11165
11208
11218
11222
11265
11370
11447
11525
11568
11663
11678
11707
11719
11947
12010
12162
12193
12195
12226
12276
12280
12289
12297
12371
12388
12407
12493
12566
12589
12609
12632
12657
12680
12726
12732
12741
12831
12875
12932
12958
12970
13163
13179
13244
13307
13312
13324
13373
13387
13391
13400
13432
13474
13538
13545
13587
13632
13781
13838
13897
13900
13949
13952
13964
13986
14096
14145
14161
14217
14257
14340
14386
14476
14503
14536
14569
14577
14661
14722
14818
14822
14923
14935
14962
15006
15297
15350
15458
15475
15504
15505
15555
15741
15772
15780
15783
16119
16167
16221
16323
16368
16469
16482
16547
16629
16647
16668
16763
16812
16832
16850
16877
16966
17023
17036
17054
17129
17174
17256
17349
17375
17414
17439
17447
17477
17481
17556
17633
17646
17688
17723
17745
17756
17811
17815
17869
17899
17922
17998
18011
18077
18684
18709
18726
18753
18755
18767
18816
18860
18905
18914
18949
18972
18973
19000
19088
19113
19132
19210
19238
19274
19275
19348
19368
19477
19490
19526
19624
19673
19726
19877
20005
20099
20174
20190
20360
20392
20425
20443
20493
20561
20582
20610
20615
20658
20660
20718
20719
20771
20892
20916
20930
21141
21151
21158
21159
21163
21172
21198
21219
21247
21266
21274
21281
21290
21369
21395
21402
21403
21493
21506
21533
21735
21887
21892
22030
22128
22156
22268
22305
22309
22346
22379
22380
22386
22406
22408
22460
22494
22812
22848
23039
23047
23118
23137
23161
23256
23283
23287
23305
23307
23308
23449
23463
23473
23571
23598
23640
23714
23856
23858
23875
23876
23892
23907
23947
23990
24029
24033
24050
24099
24170
24302
24411
24441
24454
24518
24545
24560
24605
24623
24667
24695
24699
24739
24756
24940
25007
25013
25052
25104
25138
25158
25170
25171
25206
25331
25470
25497
25576
25584
25634
25688
25750
25888
25953
25957
25968
25972
25989
26005
26009
26017
26037
26044
26071
26085
26107
26112
26119
26167
26187
26243
26255
26266
26287
26323
26328
26352
26380
26391
26395
26398
26411
26435
26449
26452
26453
26459
26481
26512
26531
26535
26572
26597
26720
26727
26803
26847
26849
26854
26946
26989
26992
27078
27171
27242
27305
27308
27319
27353
27547
27563
27703
27722
27745
27811
27834
27906
27915
27931
28031
28066
28127
28134
28135
28205
28320
28347
28362
28382
28407
28420
28426
28438
28474
28483
28501
28503
28522
28524
28558
28566
28621
28622
28638
28694
28728
28901
29067
29126
29148
29174
29202
29217
29259
29292
29352
29360
29362
29381
29403
29435
29436
29481
29604
29718
29720
29832
29909
29919
30007
30046
30060
30070
30130
30285
30326
30509
30537
30586
30646
30748
30802
30827
30884
30951
30964
30998
31050
31099
31109
31256
31330
31399
31472
31512
31537
31546
31549
31555
31620
31840
31849
31874
31883
32037
32041
32046
32147
32200
32205
32228
32315
32324
32386
32464
32468
32485
32501
32506
32513
32558
32575
32607
32689
32700
32709
32759
32824
32826
32850
32931
32944
32954
33050
33076
33100
33159
33186
33231
33234
33248
33254
33345
33358
33386
33495
33502
33524
33546
33551
33559
33614
33656
33816
33830
34168
34353
34374
34413
34450
34463
34510
34553
34606
34686
34713
34729
34804
34809
34852
34858
34871
34885
34976
34993
35191
35198
35225
35245
35344
35462
35522
35529
35530
35546
35564
35629
35662
35675
35814
35831
36018
36037
36075
36084
36108
36155
36163
36247
36385
36442
36443
36475
36542
36547
36685
36686
36698
36720
36725
36734
36746
36748
36807
36971
37012
37082
37165
37195
37205
37256
37278
37436
37552
37591
37703
37764
37803
37982
38054
38184
38200
38259
38422
38472
38505
38561
38569
38589
38611
38758
38794
38902
38926
38963
39010
39017
39094
39332
39391
39469
39556
39728
39763
39841
40206
40227
40287
40302
40415
40444
40510
40514
40570
40604
40674
40707
40758
40909
40998
41004
41054
41065
41130
41304
41313
41352
41404
41433
41540
41549
41665
41751
41961
41965
42127
42208
42215
42233
42243
42293
42325
42355
42598
42610
42617
42643
42713
42732
42737
42901
42909
42936
42963
42972
43056
43059
43086
43343
43403
43431
43448
43457
43459
43593
43624
43667
43785
43790
43805
43861
44159
44229
44330
44378
44399
44986
45144
45265
45540
45561
45618
45683
45729
45733
45745
45798
45815
45817
45887
45889
45914
45994
46008
46114
46173
46182
46252
46266
46270
46292
46645
46721
46735
46745
46760
46799
46885
47007
47100
47187
47204
47237
47343
47403
47654
47660
47662
47665
47761
47804
47832
47961
47984
48060
48098
48150
48375
48472
48499
48640
48675
48691
48696
48759
48819
48857
48932
48997
48998
49004
49066
49157
49168
49290
49306
49404
49580
49828
49888
49911
49920
50045
50112
50139
50161
50178
50194
50232
50237
50376
50396
50408
50439
50500
50501
50543
50695
50765
50774
50842
50850
50872
50893
50897
50946
50987
51051
51060
51068
51173
51180
51191
51240
51250
51338
51350
51371
51595
51653
51762
51772
51843
51854
51869
51957
52108
52174
52191
52201
52207
52412
52638
52864
52875
52932
53150
53201
53239
53243
53248
53259
53357
53375
53411
53414
53435
53492
53705
53710
53867
53886
53924
54073
54101
54112
54116
54124
54204
54214
54249
54296
54395
54436
54471
54521
54532
54707
54728
54792
54825
54839
54910
54985
55009
55105
55195
55227
55275
55405
55429
55432
55473
55655
55671
55892
55913
55915
56165
56168
56238
56385
56481
56488
56491
56506
56517
56667
56802
56853
57008
57189
57263
57287
57304
57325
57377
57419
57453
57639
57677
57693
57780
57781
57838
57856
57871
57917
58062
58064
58227
58246
58419
58463
58499
58752
58760
59057
59063
59080
59118
59120
59125
59129
59244
59254
59256
59357
59366
59402
59408
59548
59598
59680
59715
59717
59767
59840
59928
60060
60106
60120
60164
60191
60195
60198
60208
60305
60370
60400
60403
60421
60485
60533
60612
60643
60703
60707
60741
60747
60749
60766
60795
60830
60853
60938
60946
61112
61144
61152
61170
61256
61274
61339
61366
61437
61517
61578
61608
61697
61736
61755
61781
61785
61787
61831
61895
61926
61979
62034
62109
62287
62314
62436
62480
62541
62582
62592
62626
62665
62701
62785
62906
62963
62978
63080
63099
63140
63160
63170
63238
63282
63323
63386
63396
63425
63442
63548
63574
63602
63667
63790
63794
63838
63854
63998
64034
64117
64326
64372
64420
64557
64613
64624
64660
64700
64874
64965
65051
65122
65201
65413
65499
65549
65671
65731
65740
65818
65827
65864
65918
65968
65976
66072
66107
66188
66200
66306
66322
66343
66368
66556
66651
66660
66742
66764
66849
66876
66887
67023
67045
67048
67072
67102
67108
67143
67180
67216
67281
67332
67438
67551
67666
67670
67694
67761
67830
67891
67961
67975
68091
68113
68197
68200
68363
68403
68511
68566
68574
68599
68651
68660
68694
68708
68748
68787
68876
68957
68974
69009
69129
69162
69273
69275
69287
69306
69323
69388
69393
69463
69490
69509
69624
69633
69686
69705
69720
69746
69834
69851
69911
69913
70003
70013
70037
70069
70091
70124
70233
70319
70339
70342
70366
70400
70478
70485
70598
70677
70700
70723
70749
70866
70884
70991
71024
71050
71061
71157
71223
71237
71248
71252
71282
71335
71409
71475
71504
71511
71679
71794
71804
71919
71946
72068
72178
72261
72262
72266
72267
72268
72273
72280
72367
72371
72409
72434
72444
72555
72655
72684
72738
72858
72867
72878
72888
73036
73252
73300
73349
73473
73477
73506
73536
73545
73614
73629
73724
73782
73845
73881
73893
74016
74052
74094
74139
74185
74207
74272
74309
74435
74578
74591
74594
74757
74870
74940
74965
74978
75049
75089
75091
75094
75270
75364
75385
75391
75406
75464
75521
75603
75621
75680
75767
75939
75976
76082
76106
76124
76145
76149
76172
76179
76251
76267
76360
76616
76773
76853
76855
76922
76969
76970
76971
77030
77204
77311
77349
77351
77400
77566
77587
77595
77601
77644
77723
77754
77899
77931
77956
78002
78027
78122
78155
78217
78288
78449
78478
78488
78493
78557
78570
78575
78617
78669
78682
78731
78747
78855
79000
79242
79426
79454
79500
79619
79667
79678
79728
79759
79790
79922
79969
80006
80106
80175
80294
80366
80369
80374
80386
80396
80409
80587
80639
80648
80712
80767
80984
80997
81205
81363
81466
81559
81659
81722
81787
81808
81836
81896
81905
81911
81922
81929
81936
81990
82016
82094
82111
82245
82337
82388
82453
82556
82618
82745
82844
82893
82950
82958
82993
82996
83014
83121
83574
83581
83600
83657
83700
83714
83811
83900
83949
83956
84006
84060
84075
84082
84285
84403
84415
84431
84528
84638
84657
84725
84796
84828
84873
84947
84979
85007
85020
85022
85126
85136
85289
85295
85336
85495
85605
85651
85656
85774
85884
86021
86109
86170
86266
86323
86457
86467
86485
86550
86572
86635
86774
86835
86947
86973
87025
87039
87063
87110
87188
87524
87536
87570
87735
87737
87745
87771
87775
87800
87828
87963
88010
88023
88036
88037
88055
88080
88084
88095
88106
88217
88244
88294
88296
88418
88487
88733
88745
88791
88815
88833
88837
88921
89052
89073
89131
89145
89146
89155
89192
89243
89253
89283
89310
89357
89360
89422
89444
89488
89543
89574
89627
89783
89809
89843
89916
89964
89975
89981
90022
90059
90149
90180
90213
90215
90450
90466
90611
90679
90756
90771
90859
91106
91149
91155
91172
91232
91244
91261
91275
91342
91408
91439
91442
91619
91653
91696
91727
91731
91788
91799
91891
91899
91901
91904
91967
92018
92124
92264
92425
92469
92546
92595
92605
92723
92775
92895
92953
93025
93205
93216
93287
93371
93564
93574
93631
93632
93640
93648
93650
93655
93680
93763
93780
93794
93809
93934
93935
94005
94009
94065
94071
94125
94136
94168
94240
94321
94530
94570
94587
94698
94804
94891
94909
94939
95012
95025
95052
95137
95166
95196
95446
95518
95700
95832
95873
95910
95942
96000
96034
96036
96249
96252
96351
96367
96453
96588
96592
96626
96675
96696
96713
96777
96944
97061
97318
97339
97746
97854
97945
97961
98003
98015
98024
98116
98126
98144
98169
98213
98250
98329
98341
98373
98507
98519
98616
98628
98822
98832
98909
98934
98981
99029
99115
99122
99213
99243
99255
99262
99461
99529
99644
99660
99747
99754
99768
99787
99877
99907
99939
100123
100136
100238
100243
100267
100432
100643
100666
100667
100711
100716
100718
100865
101117
101206
101281
101296
101406
101429
101442
101447
101474
101490
101525
101771
101884
101889
101905
101984
102041
102287
102416
102529
102617
102641
102786
103033
103107
103121
103261
103466
103481
103507
103517
103519
103572
103697
103783
103794
103795
103823
103874
104101
104184
104216
104293
104322
104326
104331
104733
104755
104756
104896
104927
104936
104998
105009
105028
105084
105174
105210
105219
105274
105286
105309
105313
105429
105442
105810
106033
106109
106146
106209
106286
106539
106597
106725
106796
106816
106827
106927
107113
107129
107217
107253
107449
107537
107660
107680
107753
107812
107849
107851
108064
108075
108151
108233
108254
108334
108495
108573
108618
108674
108759
108760
108767
108804
108877
108910
108932
108999
109114
109119
109124
109147
109150
109159
109392
109450
109479
109582
109626
109633
109695
109700
109721
109732
109747
109749
109754
109906
109943
110000
110008
110010
110278
110310
110424
110442
110477
110592
110597
110678
110684
110711
110806
110853
110979
111078
111249
111263
111290
111294
111357
111520
111581
111590
111597
111626
111687
111695
111699
111753
111805
111810
111867
111876
112024
112146
112210
112268
112601
112688
112700
112748
112760
112981
112994
113002
113011
113035
113055
113076
113132
113230
113268
113284
113298
113321
113419
113488
113511
113608
113842
113847
113934
114059
114113
114129
114141
114213
114262
114313
114589
114596
114644
114742
114783
114812
114843
114936
114963
115067
115098
115138
115273
115344
115381
115404
115428
115451
115475
115627
115636
115709
115710
115739
115830
115876
115892
116005
116041
116101
116125
116209
116279
116302
116607
116681
116773
116848
116921
117047
117158
117190
117346
117373
117417
117584
117606
117641
117653
117662
117854
117871
117873
117880
117882
117923
117927
117976
118058
118182
118230
118360
118368
118403
118548
118603
118629
118694
118707
118709
118755
118763
118773
119027
119158
119169
119174
119190
119395
119595
119628
119861
119882
120121
120170
120186
120230
120265
120284
120288
120300
120367
120375
120563
120605
120785
120799
120817
120855
120857
120887
121106
121171
121432
121459
121542
121609
121646
121696
121773
121852
121888
121899
122013
122051
122137
122140
122153
122165
122186
122188
122190
122323
122326
122339
122391
122468
122511
122623
122643
122694
122697
122750
122816
122854
122859
122934
122994
123009
123057
123075
123089
123298
123342
123367
123618
123630
123636
123706
123893
123914
123938
124075
124102
124204
124265
124286
124382
124489
124505
124549
124597
124603
124621
124623
124733
124807
124870
124929
124965
125017
125024
125118
125215
125233
125246
125398
125399
125439
125447
125689
125696
125734
125834
125869
125979
126001
126054
126112
126131
126235
126267
126438
126455
126572
126671
126679
126755
126841
126904
126985
127004
127010
127023
127038
127113
127119
127184
127239
127355
127474
127589
127646
127686
127965
128066
128193
128433
128486
128703
128770
128771
128818
128851
128864
128907
128922
128933
129112
129120
129157
129181
129240
129267
129293
129388
129420
129446
129462
129513
129648
129666
129688
129775
129829
129844
130053
130098
130107
130109
130111
130116
130331
130447
130562
130582
130849
130937
130964
131019
131084
131091
131204
131282
131300
131301
131395
131399
131439
131525
131573
131645
131809
131858
131885
131925
131964
132188
132189
132205
132301
132392
132397
132559
132621
132656
132657
132665
132682
132734
132893
132903
132962
133035
133072
133099
133125
133136
133415
133605
133656
133705
133816
134081
134100
134200
134339
134615
134636
134680
134858
135019
135022
135139
135148
135149
135174
135200
135374
135402
135433
135454
135458
135511
135581
135607
135610
135625
135792
135844
135862
136070
136126
136154
136196
136205
136247
136451
136532
136537
136551
136609
136707
136715
136865
137087
137163
137170
137213
137216
137292
137585
137679
137698
137700
137739
137796
138041
138051
138268
138300
138325
138403
138404
138520
138605
138615
138727
138754
138802
138806
138809
139032
139070
139136
139178
139188
139336
139351
139429
139609
139610
139700
139781
139782
139852
139894
140003
140023
140089
140144
140194
140225
140261
140377
140428
140440
140476
140541
140631
140637
140672
140783
140791
140805
140810
140823
140840
140889
140976
141070
141155
141197
141247
141313
141324
141332
141333
141343
141355
141405
141533
141565
141758
141928
141993
142018
142149
142152
142162
142304
142305
142426
142462
142561
142709
142756
142769
142809
142852
142875
142893
142908
142921
142943
142952
143000
143035
143068
143082
143197
143247
143334
143460
143515
143593
143714
143845
143847
143856
143990
144075
144138
144143
144375
144484
144503
144511
144660
144756
144864
144882
144944
144948
144982
145024
145066
145117
145127
145128
145168
145194
145202
145254
145258
145301
145413
145510
145675
145713
145733
145748
145754
145759
145839
145927
145964
145980
146091
146123
146197
146554
146611
146641
146797
146871
146978
147028
147092
147191
147280
147289
147321
147323
147331
147352
147378
147387
147415
147481
147483
147485
147488
147583
147610
147655
147656
147662
147807
147819
148160
148194
148265
148267
148289
148292
148349
148362
148436
148578
148585
148587
148773
148991
149029
149087
149088
149137
149148
149201
149248
149313
149369
149640
149709
149713
149762
149764
149836
149925
150082
150225
150506
150511
150545
150615
150673
150690
150701
150712
150741
150765
150821
151099
151127
151215
151497
151508
151642
151813
151824
151883
151947
151960
152148
152194
152206
152232
152236
152313
152348
152493
152561
152615
152659
152667
152705
152745
152791
152812
152907
152920
152922
152927
153009
153054
153057
153073
153156
153180
153271
153515
153517
153521
153540
153555
153846
153854
153870
153876
153923
154016
154123
154176
154254
154255
154378
154439
154582
154729
154756
154870
154942
155262
155275
155371
155410
155491
155510
155515
155518
155561
155770
155911
155930
156003
156038
156053
156140
156170
156287
156505
156547
156805
156922
156923
156951
157172
157187
157194
157237
157249
157256
157310
157356
157361
157692
157715
157729
157743
157831
157859
157876
158065
158168
158333
158387
158439
158820
158957
158962
158980
158981
159089
159103
159131
159167
159227
159242
159323
159329
159379
159445
159464
159466
159511
159550
159599
159686
159775
159780
160068
160171
160291
160460
160514
160547
160592
160607
160813
160819
160918
160948
161001
161008
161292
161304
161425
161441
161639
161710
161831
161874
161885
161900
161902
162035
162099
162104
162188
162203
162275
162335
162345
162353
162395
162404
162416
162450
162525
162574
162684
162719
162767
162894
162916
163134
163299
163317
163423
163578
163601
163626
163703
163853
163888
163893
163996
164000
164115
164181
164209
164433
164472
164539
164567
164597
164688
164751
164804
164910
164932
165036
165124
165151
165243
165244
165255
165389
165428
165431
165758
165783
165804
165933
165943
165950
165956
166145
166158
166159
166164
166196
166443
166451
166456
166582
166647
166657
166663
166680
166760
166789
166848
166853
166966
167158
167164
167219
167285
167373
167451
167568
167581
167622
167695
167758
167823
167845
168258
168538
168549
168568
168596
168624
168826
168910
169118
169191
169207
169238
169249
169367
169385
169402
169408
169450
169460
169504
169612
169873
169914
169950
170049
170060
170091
170115
170190
170387
170422
170433
170466
170479
170680
170737
170876
170919
170929
170952
171180
171334
171342
171353
171403
171502
171518
171620
171830
171877
171893
171909
171965
172192
172201
172204
172218
172281
172357
172453
172505
172537
172548
172571
172578
172622
172653
172712
172715
172822
172850
172905
172915
173021
173072
173112
173117
173122
173167
173233
173286
173343
173392
173514
173543
173656
173675
173685
173773
173846
173848
173887
173896
173897
174029
174170
174183
174228
174244
174263
174280
174287
174295
174332
174333
174360
174362
174400
174477
174501
174529
174566
174576
174580
174597
174649
174753
174870
174886
174903
175006
175152
175165
175301
175459
175528
175572
175648
175663
175779
175844
175872
175897
175898
175979
176103
176278
176411
176554
176643
176719
176930
176957
177066
177120
177169
177195
177248
177326
177396
177412
177599
177605
177676
177701
177789
177863
177893
178006
178414
178488
178517
178623
178822
179001
179009
179238
179242
179429
179455
179474
179681
179735
179746
179778
179790
179880
179886
179921
179922
179938
179977
179988
180032
180112
180145
180182
180311
180352
180443
180493
180531
180544
180654
180674
180797
180907
180917
180954
180983
181043
181129
181148
181154
181197
181346
181486
181542
181597
181721
181747
181776
181823
181925
181961
182003
182041
182073
182095
182135
182278
182301
182322
182369
182411
182458
182478
182585
182617
182763
182838
182878
182934
182951
182967
182979
182991
182995
183053
183193
183353
183447
183470
183520
183710
183767
184113
184230
184231
184349
184459
184556
184586
184589
184788
184797
184829
184895
185091
185341
185398
185413
185429
185500
185659
185694
185704
185710
185770
185810
186004
186099
186167
186173
186209
186213
186220
186308
186312
186346
186418
186618
186703
186814
186830
186905
186938
187065
187069
187128
187439
187482
187492
187505
187506
187577
187643
187645
187668
187698
187738
187809
187832
187921
187946
187949
188012
188072
188218
188305
188319
188363
188374
188378
188418
188630
188652
188808
188933
188997
189002
189121
189122
189189
189203
189337
189344
189423
189472
189488
189549
189706
189797
189810
189849
189892
190074
190076
190223
190252
190294
190449
190627
190659
190711
190741
190840
190884
190891
190896
190897
190931
191088
191105
191127
191155
191168
191191
191311
191423
191470
191552
191702
191850
191891
191969
192034
192164
192170
192229
192439
192485
192505
192538
192577
192662
192663
192682
192691
192733
192768
192849
192869
192871
192985
193021
193084
193087
193091
193263
193313
193343
193442
193458
193509
193556
193630
193636
193766
193818
193840
193903
194018
194154
194309
194358
194454
194554
194685
194868
194883
194948
195003
195047
195177
195187
195189
195256
195315
195324
195408
195533
195547
195582
195702
195719
195729
195777
195793
195806
195813
195838
196193
196539
196578
196629
196720
196819
196862
196881
196897
197075
197093
197169
197208
197245
197294
197354
197394
197525
197544
197548
197566
197577
197809
197978
197984
198015
198040
198122
198147
198288
198437
198552
198689
198698
198749
198844
198859
198976
198987
199011
199019
199143
199148
199193
199326
199430
199618
199684
199707
199735
199744
199881
200030
200075
200106
200143
200209
200375
200396
200453
200608
200614
200618
200717
200738
200770
200880
200980
201047
201069
201092
201176
201213
201382
201406
201414
201564
201582
201592
201606
201783
201793
201800
201823
201952
202064
202249
202258
202267
202352
202362
202455
202468
202492
202493
202509
202584
202586
202588
202758
202770
202847
202893
202922
203070
203077
203273
203326
203352
203430
203493
203761
203881
203937
203964
204020
204091
204176
204272
204390
204402
204416
204428
204714
204724
204761
204776
204857
204890
204983
205107
205182
205184
205210
205293
205343
205413
205452
205514
205602
205607
205611
205618
205627
205641
205735
205779
205997
206009
206030
206056
206241
206251
206286
206308
206312
206387
206443
206555
206584
206609
206962
207173
207196
207251
207266
207371
207760
207786
207877
208018
208099
208244
208490
208527
208598
208721
208999
209001
209056
209091
209390
209393
209437
209513
209549
209716
209798
209801
209983
210007
210015
210036
210064
210444
210446
210456
210625
210678
210783
210920
210989
211115
211120
211138
211147
211170
211209
211375
211377
211517
211661
211729
211748
211840
211901
212081
212093
212117
212220
212232
212294
212308
212320
212350
212385
212449
212460
212521
212593
212648
212916
212987
213023
213046
213072
213099
213146
213170
213318
213332
213637
213692
213747
213973
213998
214005
214025
214039
214053
214086
214114
214173
214374
214404
214478
214501
214606
214693
214712
214917
214953
215032
215113
215152
215302
215353
215373
215392
215434
215476
215553
215585
215630
215808
215828
215832
216317
216353
216447
216450
216464
216479
216501
216505
216524
216530
216579
216601
216656
216772
216858
216887
216908
216923
216989
217026
217064
217117
217162
217236
217313
217329
217454
217748
217790
217903
217906
217942
218005
218277
218316
218440
218636
218668
218688
218713
218720
218761
218993
219046
219102
219103
219176
219268
219368
219525
219575
219613
219617
219626
219650
219743
219825
220172
220238
220408
220470
220924
221001
221304
221322
221392
221393
221399
221604
221760
221796
221872
222010
222026
222368
222380
222384
222394
222434
222446
222557
222779
222835
222855
222857
222926
222941
222956
223068
223172
223219
223543
223579
223789
223846
223923
223945
224062
224141
224309
224333
224402
224567
224590
224660
224706
224860
224869
224873
224920
225009
225066
225073
225094
225232
225251
225257
225284
225289
225305
225486
225683
225934
225941
225990
226077
226199
226223
226263
226535
226663
226674
226796
226811
226822
226899
226933
226989
227027
227075
227193
227238
227373
227524
227531
227583
227780
227858
227907
227910
228113
228290
228304
228418
228595
228596
228616
228618
228713
228723
228759
228882
228903
229012
229301
229379
229395
229404
229446
229448
229470
229541
229590
229769
230030
230269
230298
230303
230366
230520
230563
230587
230651
230765
230863
231006
231141
231165
231167
231194
231611
231620
231629
231752
231824
232108
232184
232229
232383
232390
232749
232845
232855
232865
232906
233055
233061
233086
233153
233248
233307
233312
233335
233383
233583
233690
233694
233737
233786
233820
233838
233905
234014
234053
234196
234292
234523
234605
234660
234893
235123
235137
235519
235547
235962
236102
236168
236263
236298
236348
236413
236419
236465
236504
236584
236658
236760
236806
236809
236817
236889
236898
236947
236970
237043
237045
237059
237101
237128
237169
237173
237224
237227
237240
237255
237384
237406
237477
237538
237568
237579
237604
237654
237705
237712
237864
237914
237996
238048
238144
238160
238216
238330
238473
238652
238754
238800
238863
238867
238998
239000
239005
239037
239130
239144
239191
239241
239349
239382
239392
239573
239692
239728
239767
239785
239924
239956
240019
240068
240142
240248
240315
240433
240534
240944
241088
241239
241367
241576
241617
241673
241714
241833
241879
241909
242004
242028
242057
242064
242151
242205
242242
242257
242365
242490
242549
242637
242737
242931
242944
243130
243225
243375
243524
243580
243715
243848
243911
243983
244034
244242
244267
244363
244416
244422
244430
244432
244495
244499
244510
244623
244648
244698
244714
244721
244803
244824
244869
244870
244913
244957
244997
245064
245105
245129
245258
245278
245284
245305
245379
245571
245711
245948
246098
246100
246154
246187
246202
246247
246369
246390
246460
246468
246504
246697
246699
246994
246999
247026
247061
247127
247143
247153
247157
247199
247227
247308
247310
247424
247506
247515
247682
247686
247734
247796
247840
247848
247938
248026
248404
248606
248720
248829
248991
249280
249334
249381
249388
249403
249409
249613
249689
249769
249927
249941
249946
249963
250013
250074
250111
250135
250239
250269
250298
250421
250425
250485
250557
250574
250605
250636
250659
250674
250831
250915
250923
251080
251194
251211
251283
251389
251442
251539
251598
251624
251750
251770
251815
251988
252051
252090
252203
252286
252333
252385
252473
252526
252527
252579
252694
252932
252973
253097
253508
253662
253741
253766
253919
253941
254004
254020
254079
254174
254244
254316
254450
254466
254468
254524
254543
254581
254621
254627
254637
254743
254857
254861
254895
254921
254994
255042
255118
255152
255360
255435
255452
255483
255613
255733
255761
255972
256083
256231
256341
256550
256554
256630
256640
256921
257050
257216
257220
257478
257574
257614
257869
257965
257979
257986
257997
258031
258277
258313
258625
258627
258738
258837
258876
259110
259257
259264
259334
259536
259756
259856
259868
260085
260197
260274
260284
260313
260350
260363
260376
260531
260537
260550
260573
260623
260768
260801
260814
260845
260849
260927
260957
261046
261203
261378
261471
261472
261474
261550
261684
261709
261711
261758
261800
261836
261845
261960
261987
262080
262166
262282
262574
262661
262688
262763
262810
262927
263050
263115
263152
263272
263335
263365
263501
263513
263655
263728
263749
263773
264086
264094
264122
264227
264354
264429
264627
264700
264921
264997
265016
265119
265151
265373
265394
265545
265698
265716
265859
265875
265949
265963
265979
266130
266245
266347
266499
266641
266843
266877
266879
266912
266927
266950
267315
267464
267568
267870
268041
268196
268260
268262
268440
268501
268536
268692
268723
268746
268801
268969
268989
268990
269003
269004
269074
269170
269221
269315
269394
269611
269718
269825
269934
269988
269994
270009
270051
270160
270199
270336
270346
270393
270419
270463
270496
270571
270614
270649
270782
270996
271244
271264
271283
271312
271355
271462
271593
271667
271679
271958
272115
272195
272263
272337
272408
272455
272498
272755
272796
272919
272935
272998
273005
273076
273085
273270
273288
273297
273343
273363
273545
273604
273757
273779
273903
273935
274043
274149
274317
274336
274415
274662
274751
274772
274913
274994
274999
275001
275085
275208
275250
275293
275364
275680
275717
275722
275740
275868
275877
275897
275960
275984
275994
276001
276022
276158
276255
276350
276627
276676
276688
277078
277092
277199
277206
277223
277263
277320
277395
277413
277450
277477
277621
277668
277910
278383
278392
278416
278503
278508
