17
106
143
174
175
236
254
304
338
426
471
478
485
532
536
547
556
583
670
718
719
729
746
752
766
793
795
806
829
850
891
931
935
944
955
956
957
963
972
987
993
997
1001
1008
1022
1070
1094
1106
1114
1119
1127
1181
1199
1214
1249
1296
1308
1372
1380
1396
1445
1497
1593
1631
1791
1829
1835
1866
1918
1938
1941
1950
1971
1983
1988
2003
2006
2013
2017
2021
2040
2058
2157
2177
2199
2245
2305
2314
2319
2381
2427
2453
2489
2590
2624
2676
2688
2735
2736
2780
2789
2792
2796
2836
2890
3015
3028
3064
3080
3095
3121
3141
3146
3156
3172
3174
3176
3177
3206
3215
3231
3240
3242
3261
3286
3289
3301
3356
3424
3425
3437
3461
3468
3479
3506
3510
3511
3546
3557
3625
3634
3639
3654
3655
3658
3668
3671
3697
3704
3741
3750
3798
3828
3943
3957
3967
3969
4009
4014
4035
4037
4041
4093
4120
4157
4172
4173
4181
4186
4195
4201
4205
4216
4226
4229
4231
4237
4246
4247
4287
4306
4326
4354
4357
4361
4368
4374
4394
4397
4459
4502
4522
4525
4559
4643
4703
4769
4868
4934
4939
5001
5097
5197
5247
5248
5262
5378
5401
5457
5475
5483
5498
5510
5539
5551
5558
5580
5586
5609
5613
5642
5674
5714
5754
5800
5830
5841
5877
5878
5880
5898
5926
6011
6038
6049
6051
6054
6081
6107
6139
6165
6178
6187
6252
6326
6366
6445
6465
6470
6490
6519
6535
6696
6700
6707
6808
6840
6844
6882
6900
6904
6940
6991
6999
7056
7087
7128
7133
7168
7219
7222
7238
7333
7358
7366
7382
7390
7399
7422
7436
7447
7596
7617
7627
7654
7663
7704
7735
7802
7865
7881
7950
8005
8052
8081
8178
8187
8212
8261
8297
8324
8328
8332
8337
8352
8393
8416
8445
8450
8459
8465
8539
8542
8547
8621
8628
8639
8695
8716
8734
8735
8760
8762
8778
8792
8838
8855
8863
8922
8923
8927
8932
8980
9004
9028
9059
9078
9126
9132
9152
9166
9170
9177
9235
9263
9270
9272
9317
9329
9392
9394
9422
9435
9501
9519
9547
9564
9591
9645
9675
9719
9728
9770
9781
9782
9796
9798
9800
9843
9889
9920
9952
9957
9978
10017
10023
10079
10095
10251
10278
10374
10412
10445
10448
10450
10452
10469
10473
10480
10507
10615
10663
10700
10714
10727
10729
10798
10839
10871
10877
10939
11020
11036
11082
11091
11112
11117
11124
11130
11146
11184
11185
11210
11332
11462
11467
11483
11504
11517
11520
11527
11531
11564
11621
11692
11725
11793
11825
11832
11852
11978
12022
12024
12030
12043
12066
12132
12149
12171
12196
12199
12224
12262
12333
12372
12378
12383
12400
12416
12436
12463
12465
12469
12519
12532
12543
12560
12576
12581
12593
12635
12653
12672
12678
12682
12690
12696
12697
12708
12716
12725
12752
12760
12761
12777
12803
12809
12813
12816
12819
12820
12842
12847
12876
12883
12947
12995
13031
13037
13070
13073
13075
13121
13166
13170
13192
13198
13288
13327
13402
13421
13430
13453
13484
13491
13499
13513
13514
13564
13566
13597
13606
13654
13661
13667
13689
13717
13720
13742
13749
13773
13837
13841
13909
13910
14117
14148
14150
14162
14176
14180
14246
14277
14291
14336
14345
14352
14408
14410
14411
14416
14482
14522
14530
14559
14564
14585
14592
14639
14640
14671
14689
14742
14752
14759
14876
14879
14895
14933
14948
14960
15040
15048
15059
15079
15083
15113
15124
15138
15143
15151
15178
15194
15195
15196
15205
15211
15295
15306
15352
15358
15364
15371
15372
15418
15420
15430
15470
15486
15490
15494
15502
15575
15599
15602
15627
15680
15728
15739
15754
15763
15791
15881
15906
16038
16079
16112
16165
16168
16179
16183
16303
16339
16353
16357
16393
16395
16443
16483
16493
16551
16580
16633
16642
16646
16662
16665
16676
16701
16715
16717
16777
16823
16847
16859
16873
16875
16880
16894
16909
16949
16980
17020
17039
17069
17108
17147
17160
17192
17327
17373
17386
17390
17404
17426
17437
17454
17507
17546
17569
17589
17590
17599
17600
17614
17618
17622
17729
17730
17733
17737
17808
17846
17946
17949
17957
17978
18060
18122
18142
18144
18149
18159
18163
18196
18219
18222
18235
18275
18303
18329
18339
18366
18368
18376
18526
18535
18558
18702
18707
18712
18717
18728
18749
18759
18761
18777
18779
18828
18852
18880
18909
18925
18993
19029
19031
19037
19040
19082
19134
19212
19223
19259
19299
19309
19317
19323
19331
19366
19419
19568
19596
19641
19657
19663
19703
19704
19720
19791
19834
19855
19867
19880
19894
19912
19913
19990
19994
20030
20064
20076
20115
20178
20180
20186
20208
20214
20243
20263
20309
20420
20436
20441
20454
20459
20472
20539
20541
20611
20631
20670
20783
20848
20852
20883
20884
20891
20903
20957
20970
21018
21113
21138
21170
21321
21328
21377
21405
21422
21442
21465
21471
21476
21517
21561
21611
21632
21659
21673
21713
21723
21740
21779
21782
21811
21852
21855
21867
21873
21895
21938
21944
21952
21956
21971
21980
21986
22012
22049
22071
22077
22141
22161
22180
22196
22292
22303
22354
22357
22385
22455
22458
22586
22604
22671
22688
22767
22838
22840
22849
22853
22862
22873
22874
22921
22957
23065
23074
23123
23128
23141
23146
23159
23180
23188
23258
23260
23275
23289
23300
23344
23353
23380
23399
23416
23471
23484
23487
23500
23525
23526
23562
23648
23658
23667
23698
23703
23777
23791
23874
24075
24103
24189
24211
24234
24244
24272
24276
24288
24340
24345
24355
24405
24511
24526
24561
24619
24691
24768
24769
24786
24787
24799
24856
24866
24879
24960
24963
24997
25087
25105
25149
25194
25197
25309
25322
25332
25333
25339
25341
25347
25353
25358
25359
25374
25465
25577
25588
25609
25665
25679
25687
25694
25739
25797
25924
26029
26064
26079
26088
26092
26156
26209
26237
26239
26259
26261
26285
26297
26330
26425
26497
26522
26546
26552
26569
26570
26629
26638
26732
26769
26828
26839
26852
26873
26875
26878
26920
26941
26952
27028
27048
27065
27069
27082
27120
27135
27147
27158
27166
27207
27216
27225
27239
27287
27372
27377
27387
27399
27424
27465
27546
27565
27575
27576
27590
27602
27628
27631
27641
27649
27686
27720
27721
27733
27758
27790
27796
27935
27944
27949
27979
28004
28048
28062
28086
28160
28183
28195
28266
28272
28288
28304
28325
28343
28389
28394
28497
28550
28567
28590
28617
28623
28626
28627
28658
28660
28732
28741
28747
28753
28758
28776
28840
28864
28891
28894
28940
28952
28984
28988
28994
29030
29034
29077
29090
29132
29146
29162
29187
29191
29203
29206
29222
29223
29226
29229
29288
29296
29298
29332
29334
29372
29394
29423
29439
29551
29592
29623
29663
29691
29715
29737
29754
29759
29797
29825
29861
29913
29927
29971
29974
30019
30072
30139
30159
30160
30176
30183
30206
30225
30230
30235
30239
30299
30390
30397
30431
30434
30527
30538
30580
30601
30602
30614
30667
30704
30708
30716
30726
30789
30797
30813
30829
30849
30850
30900
30914
30933
30936
30937
30944
30961
30962
30980
31003
31064
31071
31081
31098
31129
31175
31184
31242
31259
31260
31267
31286
31301
31336
31390
31447
31491
31499
31505
31507
31525
31556
31572
31614
31664
31666
31677
31683
31690
31712
31727
31736
31743
31748
31758
31764
31773
31787
31803
31804
31811
31819
31823
31860
31901
31990
32031
32032
32051
32097
32112
32121
32142
32189
32230
32240
32344
32389
32404
32407
32421
32427
32462
32487
32503
32515
32518
32541
32562
32564
32623
32645
32665
32694
32702
32715
32732
32767
32770
32772
32810
32814
32835
32838
32887
32904
32955
32958
32967
32968
32973
33034
33066
33071
33137
33147
33154
33155
33177
33178
33183
33196
33205
33213
33225
33256
33263
33276
33307
33321
33329
33347
33370
33375
33409
33438
33440
33453
33471
33477
33497
33498
33576
33617
33713
33714
33726
33793
33801
33815
33823
33825
33829
33833
33836
33838
33851
33854
33855
33859
33861
33888
33988
34072
34106
34108
34126
34179
34267
34298
34330
34363
34387
34397
34451
34455
34478
34486
34488
34523
34532
34536
34576
34603
34612
34613
34640
34696
34742
34752
34780
34864
34910
34963
34969
34970
34971
34997
35007
35099
35110
35118
35158
35222
35253
35302
35396
35430
35431
35432
35435
35441
35473
35498
35514
35548
35591
35618
35642
35673
35685
35708
35721
35732
35761
35782
35804
35816
35834
35887
35963
35964
36047
36112
36131
36234
36258
36265
36267
36269
36271
36310
36370
36405
36438
36447
36473
36541
36548
36549
36556
36560
36562
36570
36610
36611
36625
36647
36663
36671
36672
36737
36775
36865
37020
37047
37048
37105
37137
37149
37150
37178
37220
37241
37265
37270
37344
37417
37438
37445
37458
37518
37543
37560
37570
37572
37576
37579
37590
37592
37691
37710
37720
37748
37760
37762
37781
37790
37808
37809
37835
37838
37839
37852
37854
37867
37870
37879
37880
37908
37934
37941
37962
37965
37986
37991
37992
38001
38003
38004
38010
38038
38046
38059
38150
38253
38256
38289
38327
38353
38363
38365
38366
38367
38369
38371
38396
38397
38406
38409
38439
38486
38516
38565
38571
38577
38615
38638
38647
38660
38721
38726
38727
38776
38804
38823
38852
38860
38880
38908
39025
39030
39141
39145
39154
39177
39181
39192
39208
39247
39272
39361
39365
39386
39407
39418
39430
39443
39456
39460
39487
39629
39681
39707
39718
39762
39797
39825
39826
39827
39843
39846
39850
39858
39902
39962
40013
40087
40104
40131
40134
40181
40186
40194
40198
40270
40278
40293
40346
40379
40389
40425
40507
40566
40585
40591
40606
40630
40636
40713
40767
40784
40801
40804
40807
40862
40917
40940
40969
40989
41005
41009
41019
41064
41077
41160
41165
41184
41202
41214
41245
41266
41269
41314
41320
41355
41467
41479
41496
41610
41612
41628
41649
41652
41657
41659
41741
41773
41792
41826
41854
41856
41901
41966
41971
41997
42011
42028
42035
42037
42042
42067
42199
42211
42267
42305
42336
42339
42359
42383
42392
42398
42429
42463
42466
42511
42518
42527
42604
42611
42626
42630
42636
42656
42658
42665
42680
42681
42689
42709
42750
42755
42776
42785
42825
42858
42890
43004
43012
43063
43067
43070
43079
43094
43197
43200
43201
43294
43365
43368
43432
43436
43469
43470
43510
43576
43658
43659
43670
43722
43813
43838
43844
43872
43873
43931
43964
43965
43972
43991
43995
43998
44005
44007
44012
44013
44033
44042
44080
44116
44152
44183
44207
44208
44213
44243
44245
44269
44274
44287
44291
44328
44354
44363
44413
44425
44428
44474
44489
44490
44496
44511
44515
44520
44524
44528
44576
44589
44595
44618
44629
44642
44690
44728
44746
44795
44799
44801
44827
44828
44831
44835
44888
44906
44911
44918
44929
44967
44971
45040
45041
45053
45074
45125
45127
45149
45169
45239
45257
45258
45259
45260
45263
45274
45275
45280
45285
45288
45290
45293
45301
45309
45314
45333
45351
45352
45363
45371
45377
45381
45388
45395
45419
45450
45460
45461
45463
45591
45627
45632
45662
45678
45735
45754
45840
45848
45854
45855
45920
45947
45951
45957
45973
46003
46036
46052
46067
46072
46091
46126
46130
46139
46175
46207
46232
46236
46295
46296
46301
46315
46365
46394
46452
46519
46562
46568
46576
46578
46595
46603
46611
46626
46638
46688
46724
46762
46773
46820
46910
47053
47114
47129
47147
47148
47216
47228
47238
47243
47278
47342
47443
47447
47504
47506
47516
47628
47677
47680
47715
47789
47802
47806
47862
47865
47876
47879
47920
47924
47933
47972
48040
48044
48074
48087
48095
48111
48116
48131
48132
48140
48142
48159
48163
48166
48174
48313
48317
48331
48336
48370
48430
48435
48467
48468
48476
48494
48547
48582
48609
48614
48625
48638
48664
48665
48671
48676
48684
48705
48743
48756
48761
48782
48822
48829
48858
48859
48885
48916
48921
48936
48940
48941
48983
48986
48999
49014
49024
49061
49107
49117
49120
49142
49145
49156
49194
49229
49232
49301
49302
49443
49446
49465
49493
49494
49505
49551
49574
49606
49610
49621
49704
49732
49749
49883
49901
49908
49917
49962
49982
49990
50002
50039
50054
50064
50075
50082
50108
50114
50117
50126
50141
50150
50170
50313
50336
50375
50390
50406
50423
50522
50598
50605
50614
50688
50741
50747
50763
50833
50844
50910
50914
50944
50963
50966
50999
51004
51018
51019
51022
51043
51054
51057
51090
51126
51139
51150
51163
51242
51253
51260
51269
51287
51291
51310
51315
51344
51358
51366
51376
51386
51405
51409
51425
51448
51471
51502
51510
51534
51596
51627
51639
51671
51708
51709
51735
51746
51747
51748
51797
51820
51842
51845
51852
51853
51857
51858
51864
51874
51875
51912
51938
51961
51970
51975
52039
52052
52085
52094
52164
52193
52200
52219
52222
52223
52229
52240
52249
52266
52273
52281
52368
52377
52394
52413
52447
52450
52485
52488
52494
52513
52575
52583
52632
52633
52642
52660
52752
52802
52831
52923
52940
52947
52956
52963
52996
53001
53048
53054
53057
53077
53148
53159
53160
53169
53183
53185
53215
53218
53229
53238
53267
53324
53346
53401
53466
53647
53729
53769
53788
53791
53802
53803
53812
53818
53820
53841
54081
54111
54113
54171
54200
54206
54292
54306
54329
54341
54342
54392
54421
54456
54460
54463
54478
54541
54544
54597
54605
54611
54620
54624
54638
54670
54672
54678
54688
54689
54691
54701
54895
54899
54900
54921
54951
54963
54971
54983
54997
55024
55036
55039
55057
55062
55083
55097
55104
55111
55147
55153
55161
55201
55254
55365
55373
55414
55420
55453
55519
55567
55608
55635
55659
55678
55686
55706
55767
55769
55820
55841
55887
55908
55998
56009
56045
56046
56047
56053
56097
56127
56157
56192
56231
56254
56280
56285
56338
56421
56446
56455
56525
56546
56595
56645
56651
56668
56683
56691
56708
56732
56741
56751
56799
56855
56884
56895
56947
56983
56993
57024
57039
57072
57092
57149
57161
57162
57163
57176
57186
57205
57206
57261
57278
57307
57316
57360
57372
57381
57417
57471
57478
57501
57503
57511
57523
57546
57606
57621
57636
57641
57642
57673
57779
57811
57824
57863
57883
57902
57936
57939
57976
58015
58017
58030
58032
58086
58110
58117
58167
58177
58180
58193
58213
58239
58249
58250
58253
58255
58320
58335
58336
58337
58338
58345
58351
58413
58422
58430
58459
58464
58517
58580
58621
58624
58655
58656
58665
58669
58689
58722
58772
58911
58913
58930
58962
58987
59001
59014
59052
59065
59101
59138
59145
59171
59187
59203
59288
59295
59298
59303
59337
59363
59367
59372
59394
59411
59430
59471
59499
59568
59668
59729
59766
59769
59785
59788
59796
59797
59827
59833
59859
59888
59907
60012
60014
60072
60142
60155
60163
60323
60362
60420
60518
60543
60544
60551
60562
60601
60607
60628
60708
60730
60816
60861
60936
60969
61019
61061
61111
61127
61276
61282
61347
61351
61356
61371
61411
61467
61537
61543
61614
61628
61642
61664
61803
61828
61833
61863
61881
61900
61904
61917
61931
61937
61960
61968
61996
62039
62150
62158
62159
62168
62204
62275
62278
62297
62319
62360
62362
62364
62404
62421
62424
62442
62490
62528
62572
62573
62612
62618
62634
62652
62694
62703
62726
62727
62768
62864
62897
62899
62902
63007
63019
63042
63050
63051
63059
63060
63184
63185
63227
63254
63266
63271
63304
63317
63325
63375
63380
63384
63453
63506
63552
63558
63559
63591
63593
63635
63641
63652
63671
63672
63678
63739
63785
63833
63873
63878
63899
63909
63943
64011
64016
64035
64115
64140
64175
64201
64281
64311
64316
64319
64368
64402
64406
64424
64425
64458
64483
64545
64575
64609
64634
64654
64665
64692
64735
64755
64808
64879
64918
64933
64939
64946
64975
64976
64992
65000
65012
65044
65047
65103
65137
65144
65171
65268
65270
65279
65342
65355
65465
65496
65554
65567
65578
65596
65599
65652
65670
65674
65693
65725
65744
65746
65764
65769
65771
65801
65805
65820
65845
65871
65946
65953
65996
66002
66039
66066
66076
66080
66081
66093
66104
66144
66145
66226
66235
66456
66465
66541
66551
66567
66569
66597
66673
66774
66781
66784
66794
66848
66865
66926
66929
66936
66965
66976
66987
66992
67000
67042
67059
67060
67140
67150
67247
67273
67359
67365
67372
67376
67384
67397
67435
67450
67468
67482
67498
67502
67507
67510
67532
67534
67580
67582
67583
67624
67649
67661
67705
67724
67769
67801
67802
67807
67834
67849
67859
67899
67901
67977
67987
67996
68055
68073
68098
68110
68118
68159
68209
68215
68236
68242
68286
68296
68313
68317
68364
68393
68405
68470
68510
68513
68514
68584
68593
68631
68661
68804
68821
68834
68844
68884
68885
68922
68925
68949
68955
69002
69017
69039
69065
69096
69145
69151
69166
69197
69207
69210
69369
69378
69396
69409
69419
69460
69547
69793
69810
69853
69858
69912
69915
69930
69933
69955
69970
70008
70059
70099
70106
70150
70176
70181
70200
70214
70221
70227
70242
70243
70256
70274
70285
70345
70353
70404
70408
70415
70447
70450
70479
70499
70563
70565
70573
70577
70580
70651
70665
70670
70673
70731
70741
70763
70789
70828
70850
70895
70974
70998
71040
71088
71156
71210
71226
71273
71285
71311
71322
71341
71347
71357
71406
71534
71537
71544
71702
71708
71715
71727
71734
71761
71791
71833
71837
71841
71870
71887
71892
71943
71949
71973
72012
72016
72038
72089
72110
72114
72116
72147
72152
72154
72155
72186
72281
72288
72338
72343
72355
72391
72421
72470
72473
72478
72487
72502
72552
72569
72607
72624
72639
72646
72730
72763
72766
72767
72769
72777
72813
72822
72935
73061
73068
73073
73083
73225
73248
73276
73278
73279
73293
73303
73307
73318
73366
73461
73532
73541
73546
73599
73626
73631
73637
73759
73773
73832
73919
73938
73996
74123
74180
74205
74218
74234
74254
74289
74304
74310
74363
74373
74374
74394
74399
74419
74484
74486
74523
74533
74565
74587
74619
74671
74673
74678
74692
74694
74696
74793
74891
74910
74916
74948
74963
75007
75037
75038
75095
75107
75119
75145
75159
75193
75235
75269
75289
75302
75314
75367
75415
75508
75512
75514
75549
75576
75613
75623
75625
75632
75686
75692
75712
75759
75768
75821
75843
75846
75895
75898
75903
75928
75940
75945
75947
76034
76055
76060
76132
76159
76324
76530
76531
76536
76559
76571
76629
76636
76666
76714
76722
76728
76795
76896
76947
76987
77021
77049
77059
77083
77120
77121
77146
77154
77168
77169
77189
77198
77203
77206
77235
77241
77330
77364
77372
77373
77379
77420
77441
77468
77482
77512
77548
77603
77624
77641
77657
77667
77689
77696
77741
77752
77767
77772
77845
77846
77867
77872
77902
77929
77939
77946
77948
77957
77963
77966
77969
77999
78004
78050
78072
78075
78076
78077
78110
78131
78133
78134
78137
78140
78152
78154
78165
78169
78233
78261
78287
78322
78334
78373
78423
78432
78434
78522
78527
78587
78592
78594
78598
78619
78650
78665
78673
78693
78726
78734
78789
78802
78844
78858
78891
78893
78978
79016
79033
79036
79127
79149
79165
79170
79193
79197
79205
79213
79218
79230
79296
79387
79401
79429
79459
79477
79491
79529
79531
79541
79563
79586
79606
79632
79633
79660
79663
79670
79684
79752
79754
79782
79914
79917
79925
79926
79927
80003
80012
80036
80067
80107
80109
80127
80128
80193
80213
80216
80221
80224
80225
80251
80288
80313
80323
80333
80348
80382
80391
80399
80460
80468
80473
80503
80531
80618
80630
80646
80667
80714
80715
80760
80764
80777
80796
80807
80820
80835
80844
80883
80900
80902
80994
81132
81172
81263
81291
81308
81331
81426
81427
81462
81517
81539
81544
81592
81677
81698
81720
81723
81729
81778
81818
81819
81825
81830
81837
81908
81920
81930
81950
81952
81983
81984
81985
81992
82002
82007
82019
82035
82052
82122
82128
82161
82248
82284
82290
82360
82362
82394
82413
82417
82542
82581
82582
82584
82603
82670
82687
82852
82871
82876
82878
82885
82914
82970
83027
83072
83079
83085
83098
83127
83157
83161
83164
83244
83252
83288
83382
83406
83419
83442
83455
83460
83484
83498
83541
83587
83619
83646
83670
83672
83679
83727
83756
83783
83795
83812
83842
83910
83933
83935
83940
83957
83979
84096
84105
84109
84112
84114
84135
84136
84141
84154
84156
84160
84178
84181
84192
84195
84202
84226
84248
84314
84378
84463
84471
84505
84604
84620
84625
84647
84658
84734
84783
84790
84808
84892
84977
85001
85028
85032
85066
85072
85200
85215
85320
85337
85378
85386
85399
85453
85492
85494
85498
85500
85502
85568
85573
85626
85671
85699
85706
85724
85735
85738
85844
85892
85911
85949
85966
86057
86066
86074
86086
86169
86195
86260
86281
86292
86322
86371
86444
86465
86471
86473
86476
86488
86490
86567
86570
86575
86576
86577
86610
86636
86650
86652
86686
86809
86827
86840
86875
86884
86970
86974
87017
87024
87120
87129
87141
87157
87161
87221
87222
87223
87292
87442
87451
87453
87474
87503
87513
87518
87532
87550
87554
87589
87590
87618
87640
87661
87672
87750
87796
87807
87834
87853
87929
87930
87957
87965
88027
88097
88104
88184
88212
88226
88251
88264
88324
88348
88350
88363
88370
88387
88401
88423
88463
88495
88508
88527
88529
88533
88556
88580
88594
88615
88620
88638
88641
88650
88666
88673
88681
88687
88701
88720
88741
88752
88759
88848
88855
88882
88900
88903
88973
88976
88983
88990
88997
89001
89038
89051
89060
89093
89099
89137
89163
89176
89221
89230
89258
89274
89318
89322
89364
89374
89379
89398
89399
89402
89413
89443
89462
89487
89491
89500
89572
89578
89612
89677
89725
89749
89874
89951
89991
89998
90000
90034
90036
90127
90135
90138
90144
90148
90178
90179
90187
90188
90248
90258
90290
90291
90367
90391
90440
90512
90545
90685
90703
90729
90769
90804
90813
90817
90844
90876
90887
90890
90942
90954
90962
90964
90969
90979
91029
91070
91079
91108
91165
91186
91193
91204
91218
91251
91255
91258
91346
91423
91464
91475
91500
91533
91561
91569
91614
91699
91756
91764
91775
91777
91796
91804
91808
91835
91892
91896
91943
91964
91971
91987
92002
92003
92181
92193
92199
92260
92290
92324
92335
92338
92339
92357
92360
92365
92373
92399
92400
92409
92457
92467
92498
92503
92509
92525
92558
92623
92645
92653
92793
92794
92846
92851
92883
92884
92932
92949
92963
92977
93030
93063
93093
93096
93140
93154
93188
93196
93248
93283
93299
93315
93327
93330
93355
93383
93403
93427
93462
93513
93628
93682
93694
93716
93741
93756
93770
93790
93813
93903
93919
93922
93940
93944
93954
94012
94059
94060
94067
94087
94188
94202
94207
94210
94223
94229
94231
94265
94268
94392
94405
94437
94448
94466
94493
94514
94605
94644
94757
94766
94844
94857
94908
94916
94966
94968
94985
95077
95101
95107
95130
95176
95247
95255
95282
95299
95304
95305
95328
95380
95396
95405
95421
95436
95445
95478
95502
95504
95510
95512
95534
95551
95576
95579
95597
95618
95623
95624
95639
95653
95745
95765
95768
95780
95782
95852
95879
95982
95983
96003
96005
96079
96122
96125
96131
96170
96207
96243
96297
96299
96306
96340
96362
96387
96431
96505
96509
96514
96519
96561
96590
96601
96630
96661
96665
96672
96677
96684
96688
96693
96695
96700
96706
96712
96718
96729
96749
96800
96812
96819
96821
96909
96923
96963
96981
96984
96997
97008
97021
97111
97148
97222
97244
97246
97316
97330
97366
97388
97397
97405
97415
97447
97497
97538
97539
97583
97654
97665
97684
97771
97773
97798
97832
97842
97852
97866
97870
97872
97903
97946
97947
97952
97956
97977
98025
98032
98070
98071
98075
98080
98088
98155
98157
98162
98204
98209
98229
98249
98259
98272
98423
98439
98452
98477
98497
98499
98530
98538
98550
98587
98613
98624
98626
98627
98684
98706
98720
98744
98748
98756
98762
98765
98774
98786
98835
98837
98839
98856
98857
98859
98862
98885
98906
98918
98952
98956
98964
98970
98971
98977
99018
99036
99038
99053
99067
99102
99117
99126
99135
99171
99211
99256
99314
99418
99430
99476
99486
99501
99514
99538
99605
99607
99639
99664
99680
99692
99732
99778
99781
99862
99871
99894
99941
99942
99959
99963
100011
100012
100039
100048
100065
100106
100142
100264
100275
100295
100298
100299
100310
100380
100389
100428
100527
100641
100690
100697
100707
100713
100717
100757
100758
100817
100846
100876
100883
100890
100933
100962
100989
101057
101210
101225
101230
101329
101365
101437
101495
101540
101541
101560
101588
101596
101614
101615
101668
101673
101744
101749
101929
102099
102131
102166
102224
102232
102261
102263
102291
102301
102358
102370
102388
102406
102424
102486
102507
102512
102539
102608
102653
102687
102755
102797
102856
102888
102899
102923
102926
102959
103013
103018
103046
103057
103082
103083
103091
103109
103112
103157
103199
103225
103274
103313
103314
103320
103329
103335
103350
103358
103365
103388
103406
103430
103478
103486
103547
103593
103597
103602
103606
103615
103626
103639
103643
103657
103676
103696
103729
103748
103782
103789
103798
103830
103844
103861
103882
103905
103907
103926
103959
104074
104075
104086
104096
104119
104144
104146
104181
104192
104209
104231
104305
104310
104330
104346
104361
104365
104381
104389
104420
104466
104482
104570
104608
104611
104615
104623
104646
104656
104735
104818
104840
104881
104938
105005
105043
105049
105079
105090
105098
105100
105101
105131
105133
105136
105154
105172
105198
105257
105269
105301
105302
105308
105314
105347
105364
105371
105384
105454
105462
105463
105472
105486
105490
105498
105534
105580
105615
105629
105663
105686
105687
105696
105700
105732
105774
105778
105816
105931
105946
105949
105979
106027
106042
106067
106069
106072
106098
106141
106163
106188
106288
106310
106324
106334
106455
106456
106493
106495
106504
106520
106561
106566
106598
106603
106662
106686
106687
106703
106756
106812
106844
106848
106869
106891
106902
106924
106953
106978
107050
107060
107081
107104
107118
107124
107126
107128
107147
107200
107259
107260
107284
107305
107350
107391
107445
107474
107501
107516
107545
107641
107644
107646
107647
107667
107710
107743
107817
107826
107853
107865
107879
107884
107963
107992
108065
108099
108111
108119
108122
108138
108139
108162
108169
108206
108210
108214
108217
108237
108264
108285
108315
108341
108342
108431
108544
108578
108636
108650
108667
108702
108709
108712
108713
108724
108725
108738
108765
108775
108778
108781
108830
108837
108838
108840
108851
108852
108859
108896
108962
108996
109038
109077
109088
109126
109134
109140
109164
109189
109211
109234
109235
109253
109269
109287
109293
109302
109354
109415
109462
109463
109469
109487
109497
109504
109518
109537
109624
109625
109632
109678
109737
109763
109871
109879
109885
109928
109942
109975
110029
110089
110106
110118
110131
110163
110211
110216
110287
110307
110338
110343
110374
110418
110461
110511
110521
110522
110525
110538
110595
110631
110636
110689
110797
110813
110849
110854
110961
110986
111166
111187
111209
111218
111235
111277
111306
111386
111394
111399
111517
111553
111568
111571
111573
111574
111582
111592
111596
111675
111680
111683
111703
111708
111730
111737
111812
111911
111932
111971
111985
111998
112059
112067
112088
112136
112182
112224
112293
112294
112297
112300
112303
112304
112311
112325
112364
112380
112440
112504
112530
112538
112598
112632
112641
112661
112663
112667
112751
112775
112791
112812
112827
112831
112835
112864
112867
112872
112877
112938
112945
112947
112980
113045
113106
113128
113129
113163
113164
113170
113209
113262
113286
113334
113374
113376
113379
113390
113409
113413
113422
113445
113461
113465
113493
113501
113534
113544
113591
113616
113642
113643
113679
113769
113786
113793
113799
113804
113805
113811
113835
113854
113866
113877
113900
113908
113923
113925
113959
113963
114075
114084
114106
114134
114145
114329
114372
114418
114466
114470
114496
114527
114594
114619
114661
114682
114725
114772
114793
114824
114828
114848
114851
114852
114900
114909
114912
114937
114952
115040
115089
115102
115148
115169
115184
115192
115220
115223
115228
115236
115303
115318
115336
115446
115447
115533
115572
115575
115582
115648
115674
115738
115746
115799
115802
115860
115879
115882
115918
115925
115927
115942
116069
116129
116154
116179
116263
116285
116300
116342
116346
116357
116382
116390
116414
116420
116478
116498
116518
116618
116636
116657
116704
116707
116708
116720
116758
116759
116833
116852
116857
116970
117036
117063
117086
117115
117231
117235
117236
117241
117243
117244
117245
117284
117301
117330
117349
117419
117440
117445
117446
117450
117452
117465
117488
117492
117553
117600
117608
117621
117623
117665
117682
117686
117700
117817
117821
117832
117836
117839
117922
117956
117964
117991
118007
118031
118033
118060
118068
118080
118096
118111
118130
118147
118157
118160
118244
118248
118286
118293
118336
118382
118507
118509
118580
118584
118587
118652
118662
118672
118673
118723
118724
118727
118737
118797
118813
118848
118883
118885
118900
118928
118936
118960
118979
118997
119008
119023
119039
119106
119116
119122
119195
119212
119226
119300
119306
119334
119337
119347
119389
119391
119398
119400
119404
119410
119422
119441
119490
119503
119507
119510
119512
119557
119578
119657
119670
119675
119682
119686
119692
119725
119733
119770
119780
119798
119821
119825
119858
119864
119915
119945
120036
120073
120078
120146
120183
120206
120211
120219
120246
120271
120275
120416
120477
120497
120507
120511
120518
120539
120568
120608
120687
120710
120760
120871
120879
120886
120929
120943
120945
120954
120973
120993
121137
121140
121150
121240
121249
121250
121257
121301
121334
121345
121378
121385
121393
121404
121410
121413
121418
121526
121596
121604
121620
121723
121749
121763
121842
121861
121910
121981
121993
122005
122032
122039
122056
122067
122131
122148
122178
122192
122223
122257
122258
122265
122275
122343
122406
122439
122445
122586
122601
122638
122662
122668
122672
122714
122732
122745
122747
122788
122793
122798
122801
122820
122872
122873
122896
122958
123019
123020
123038
123043
123045
123048
123074
123077
123095
123101
123103
123104
123105
123133
123134
123168
123224
123227
123246
123253
123314
123321
123333
123341
123381
123407
123443
123473
123477
123497
123500
123513
123562
123587
123595
123596
123609
123624
123625
123655
123657
123666
123692
123719
123720
123724
123735
123738
123767
123776
123779
123808
123848
123869
123887
123895
123896
123924
123945
123987
123995
123998
124024
124060
124117
124167
124227
124266
124278
124294
124307
124354
124364
124371
124380
124530
124558
124606
124626
124666
124739
124750
124769
124814
124850
124889
124892
124908
124938
124952
124968
124977
125009
125044
125045
125077
125083
125112
125131
125140
125144
125162
125163
125198
125214
125223
125280
125284
125289
125306
125455
125470
125498
125509
125579
125590
125647
125724
125730
125731
125796
125859
125876
125901
125923
125926
125977
125980
126002
126026
126036
126092
126096
126098
126134
126167
126223
126252
126265
126270
126277
126315
126353
126373
126389
126490
126530
126564
126574
126589
126597
126639
126640
126672
126719
126721
126749
126763
126772
126792
126840
126862
126962
126980
127014
127026
127075
127165
127170
127193
127248
127268
127269
127270
127298
127323
127328
127369
127373
127421
127422
127423
127501
127507
127520
127550
127592
127698
127741
127791
127796
127801
127868
127932
127956
127966
127993
128017
128020
128027
128039
128041
128051
128075
128082
128083
128084
128087
128105
128119
128125
128131
128136
128140
128166
128177
128180
128199
128240
128295
128327
128343
128362
128368
128382
128418
128425
128428
128439
128447
128490
128529
128594
128648
128651
128655
128685
128689
128717
128773
128796
128800
128807
128809
128824
128921
128924
128951
128954
128970
128988
129007
129055
129089
129130
129152
129163
129203
129206
129263
129327
129381
129382
129383
129413
129537
129545
129562
129563
129574
129607
129653
129729
129734
129739
129784
129800
129814
129816
129818
129850
129891
129895
129909
129933
129940
129975
129987
130002
130005
130035
130044
130050
130063
130122
130130
130131
130201
130295
130387
130421
130550
130552
130569
130577
130589
130592
130596
130603
130627
130629
130646
130683
130733
130750
130767
130773
130850
130874
130884
130928
130983
131007
131030
131035
131060
131064
131065
131066
131085
131096
131099
131137
131140
131150
131175
131199
131201
131271
131273
131283
131285
131298
131329
131341
131345
131383
131405
131436
131441
131503
131527
131548
131560
131584
131642
131667
131683
131694
131787
131882
131898
131916
131938
132046
132064
132074
132109
132119
132142
132153
132157
132173
132200
132201
132221
132290
132302
132311
132355
132474
132526
132527
132531
132555
132580
132616
132652
132708
132744
132773
132784
132803
132826
132828
132855
132925
132932
132955
132956
132972
132985
133029
133088
133103
133115
133135
133144
133185
133219
133228
133269
133290
133382
133398
133446
133484
133487
133559
133581
133582
133586
133606
133628
133660
133701
133715
133744
133775
133779
133783
133923
133934
133939
133959
133976
133981
133988
134021
134029
134102
134134
134139
134171
134189
134223
134259
134336
134338
134382
134391
134396
134418
134423
134432
134481
134502
134504
134522
134561
134600
134605
134613
134642
134659
134667
134783
134793
134794
134796
134797
134808
134810
134822
134823
134889
134893
134922
134947
135006
135021
135110
135111
135112
135114
135115
135116
135134
135167
135197
135258
135259
135270
135278
135361
135371
135386
135409
135432
135634
135659
135681
135685
135686
135693
135736
135742
135749
135832
135839
135863
135866
135877
135900
135903
135913
135932
135949
135950
135955
135994
136024
136057
136077
136114
136138
136139
136153
136155
136156
136164
136226
136232
136243
136284
136299
136324
136329
136374
136395
136399
136404
136406
136408
136410
136415
136421
136504
136507
136521
136533
136627
136688
136692
136704
136745
136754
136843
136853
136860
136931
136990
136993
137044
137102
137151
137164
137175
137204
137208
137242
137256
137288
137337
137356
137404
137405
137412
137437
137439
137469
137502
137516
137541
137548
137596
137601
137612
137617
137653
137687
137691
137706
137727
137763
137795
137895
137957
138018
138212
138251
138270
138272
138279
138283
138306
138435
138452
138469
138493
138496
138527
138566
138568
138588
138589
138610
138617
138655
138691
138863
138867
138907
138934
138950
138965
138968
139020
139028
139085
139101
139127
139141
139195
139207
139223
139253
139257
139274
139313
139339
139352
139354
139384
139436
139437
139516
139537
139540
139576
139608
139620
139634
139666
139739
139742
139791
139801
139813
139821
139826
139830
139832
139859
139876
139885
139888
139928
139945
139948
139950
139951
139954
139955
139964
139969
139974
139994
140044
140083
140093
140123
140162
140211
140245
140249
140278
140282
140305
140308
140346
140350
140353
140356
140358
140367
140368
140370
140376
140387
140392
140441
140443
140444
140487
140500
140508
140516
140542
140553
140588
140607
140634
140648
140656
140682
140759
140765
140773
140776
140809
140817
140832
140835
140855
141001
141020
141021
141037
141069
141091
141119
141135
141164
141173
141176
141186
141196
141209
141246
141254
141348
141389
141471
141473
141518
141598
141610
141615
141647
141651
141692
141740
141766
141767
141794
141805
141811
141816
141822
141831
141848
141856
141865
141914
141976
141977
141985
142031
142044
142063
142089
142090
142091
142102
142118
142119
142121
142122
142134
142142
142163
142166
142171
142180
142184
142239
142264
142265
142342
142354
142365
142382
142384
142385
142391
142435
142436
142449
142459
142465
142471
142493
142502
142535
142544
142587
142592
142607
142638
142646
142650
142663
142667
142673
142689
142692
142695
142700
142705
142759
142787
142851
142854
142868
142890
142981
143078
143114
143122
143242
143248
143308
143311
143317
143329
143348
143374
143417
143451
143453
143473
143474
143477
143481
143520
143524
143529
143537
143570
143599
143619
143684
143685
143691
143717
143761
143780
143793
143796
143946
144078
144084
144116
144137
144139
144150
144164
144176
144181
144226
144305
144307
144333
144347
144362
144398
144434
144435
144454
144474
144476
144483
144534
144538
144555
144580
144586
144682
144686
144710
144729
144777
144779
144781
144799
144803
144812
144851
144886
144889
144936
144975
144993
145015
145054
145109
145207
145220
145227
145231
145248
145273
145322
145345
145399
145406
145407
145409
145427
145438
145441
145452
145458
145462
145477
145491
145551
145567
145570
145639
145650
145719
145720
145763
145767
145866
145886
145948
145968
145981
146003
146009
146019
146047
146054
146059
146062
146095
146110
146153
146154
146156
146170
146189
146199
146220
146266
146297
146301
146337
146345
146396
146410
146435
146438
146475
146490
146497
146504
146505
146541
146556
146589
146595
146631
146654
146710
146718
146776
146806
146816
146844
146865
146873
146889
146911
146927
146940
146952
146964
146979
146996
147008
147039
147053
147074
147152
147199
147201
147217
147237
147244
147262
147272
147324
147337
147348
147391
147402
147407
147409
147413
147428
147440
147442
147468
147517
147533
147536
147537
147542
147581
147617
147667
147681
147720
147735
147749
147753
147754
147756
147805
147811
147821
147834
147847
147876
147878
147886
147900
147991
147999
148003
148015
148017
148025
148037
148050
148101
148171
148174
148209
148238
148245
148255
148285
148312
148313
148315
148316
148356
148409
148419
148448
148488
148590
148592
148638
148640
148645
148646
148648
148649
148651
148660
148684
148695
148734
148749
148756
148788
148814
148829
148841
148853
148887
148900
148925
148967
148977
149002
149012
149013
149017
149023
149093
149106
149173
149216
149221
149230
149259
149262
149272
149294
149335
149344
149401
149406
149480
149563
149624
149641
149666
149719
149747
149777
149856
149898
149939
149944
149958
149971
149975
150002
150016
150050
150133
150153
150168
150218
150232
150317
150335
150406
150434
150442
150457
150474
150495
150503
150579
150591
150600
150602
150614
150659
150662
150677
150713
150735
150737
150771
150774
150793
150802
150805
150812
150820
150826
150944
150945
150948
151107
151130
151132
151149
151173
151183
151186
151213
151225
151239
151263
151270
151345
151364
151367
151375
151389
151420
151422
151496
151518
151522
151547
151563
151647
151652
151669
151690
151707
151714
151746
151752
151814
151838
151862
151877
151878
151885
152009
152014
152015
152057
152063
152076
152090
152102
152122
152137
152192
152211
152219
152227
152352
152361
152408
152530
152532
152539
152564
152599
152610
152669
152672
152706
152760
152855
152857
152861
152871
152947
152991
153005
153006
153032
153050
153134
153136
153161
153200
153244
153284
153317
153349
153390
153396
153474
153478
153482
153494
153523
153552
153563
153568
153573
153577
153578
153585
153602
153654
153691
153704
153742
153778
153785
153817
153820
153828
153856
153874
153878
153884
153886
153891
153924
153932
153959
153967
154005
154029
154116
154200
154207
154261
154281
154284
154289
154292
154305
154364
154374
154391
154394
154430
154438
154470
154505
154556
154573
154578
154593
154630
154634
154636
154655
154777
154786
154822
154838
154867
154869
154920
154944
154947
154948
154978
155004
155022
155026
155042
155069
155072
155083
155113
155130
155163
155186
155189
155215
155218
155233
155293
155324
155364
155368
155397
155413
155442
155454
155458
155460
155541
155562
155564
155579
155613
155650
155697
155705
155793
155794
155800
155809
155832
155838
155883
155914
155917
155946
155951
155981
155992
156042
156058
156081
156125
156177
156229
156233
156304
156325
156386
156412
156413
156469
156509
156526
156530
156561
156609
156614
156700
156714
156743
156744
156786
156816
156901
156915
156932
156979
156987
157007
157037
157041
157056
157090
157123
157181
157227
157308
157313
157396
157413
157428
157443
157517
157526
157549
157550
157551
157552
157575
157594
157600
157656
157681
157690
157754
157767
157768
157793
157801
157813
157872
157880
157882
157895
157927
157951
157996
158080
158102
158216
158230
158237
158280
158345
158364
158374
158529
158533
158603
158643
158647
158661
158664
158724
158725
158732
158735
158755
158786
158796
158802
158840
158843
158878
158880
158889
158911
158925
159012
159020
159037
159050
159070
159101
159168
159208
159221
159248
159250
159278
159279
159310
159414
159421
159434
159443
159447
159513
159514
159549
159563
159587
159655
159724
159758
159776
159797
159823
159825
159844
159989
160016
160025
160067
160084
160087
160142
160151
160159
160167
160236
160273
160275
160302
160308
160312
160342
160367
160371
160387
160391
160394
160448
160456
160488
160517
160532
160535
160554
160562
160564
160601
160633
160640
160649
160667
160675
160691
160693
160717
160719
160758
160784
160790
160818
160823
160825
160827
160838
160888
160912
160936
160994
160995
160996
160999
161006
161052
161114
161116
161141
161273
161311
161407
161415
161437
161461
161494
161501
161526
161555
161569
161579
161618
161644
161666
161715
161731
161737
161772
161773
161780
161791
161794
161804
161817
161823
161860
161875
161876
161890
161893
161907
161924
161960
161984
161987
162021
162048
162050
162068
162083
162127
162147
162224
162269
162297
162303
162317
162342
162413
162488
162507
162520
162532
162533
162546
162578
162582
162588
162604
162613
162631
162634
162640
162657
162711
162722
162795
162798
162818
162827
162867
162896
162910
162941
162974
162994
163025
163079
163159
163193
163249
163266
163343
163345
163378
163388
163414
163422
163449
163460
163485
163517
163523
163526
163539
163591
163610
163664
163696
163729
163756
163800
163805
163809
163814
163815
163832
163833
163852
163855
163857
163940
163950
163952
163964
163979
163985
164058
164066
164085
164102
164126
164133
164150
164153
164172
164208
164216
164247
164260
164261
164281
164300
164328
164442
164461
164468
164501
164512
164568
164569
164601
164607
164645
164655
164657
164673
164717
164728
164743
164753
164756
164757
164764
164781
164805
164885
164897
164911
164956
164960
165037
165041
165046
165054
165107
165109
165189
165191
165195
165205
165321
165327
165330
165353
165363
165368
165382
165385
165408
165454
165465
165495
165501
165503
165541
165551
165567
165573
165576
165592
165597
165599
165621
165634
165676
165687
165713
165726
165753
165759
165778
165824
165846
165885
165992
166101
166116
166139
166165
166174
166190
166199
166207
166215
166269
166278
166320
166328
166335
166337
166340
166354
166355
166385
166388
166410
166434
166440
166452
166461
166466
166468
166482
166490
166523
166524
166535
166575
166579
166607
166618
166628
166693
166711
166718
166728
166802
166805
166815
166868
166930
166956
166959
166960
167007
167017
167034
167047
167076
167162
167165
167174
167198
167208
167238
167242
167249
167256
167335
167338
167346
167356
167374
167446
167493
167495
167498
167505
167514
167526
167591
167630
167655
167663
167678
167751
167753
167756
167759
167787
167809
167833
167837
167846
167879
167911
167936
167937
167947
167962
167978
167981
167993
168014
168016
168040
168062
168075
168090
168093
168105
168106
168199
168217
168228
168239
168245
168358
168372
168391
168408
168455
168460
168487
168496
168498
168506
168524
168528
168530
168589
168622
168650
168754
168786
168805
168847
168921
168924
168925
168942
168974
168977
169033
169057
169084
169085
169123
169194
169195
169196
169265
169269
169279
169290
169291
169330
169363
169414
169425
169431
169434
169509
169511
169512
169519
169520
169539
169611
169654
169655
169686
169698
169717
169726
169747
169766
169769
169775
169784
169823
169825
169857
169861
169875
169910
169936
169937
169976
170008
170056
170113
170159
170216
170240
170269
170282
170311
170329
170344
170348
170351
170357
170361
170370
170407
170440
170494
170541
170543
170556
170559
170560
170569
170578
170653
170701
170775
170792
170815
170827
170828
170857
170863
170879
170894
170922
170923
170926
170931
170932
170981
171130
171170
171232
171250
171263
171272
171319
171324
171404
171409
171464
171480
171501
171593
171629
171630
171641
171643
171661
171679
171716
171717
171741
171750
171775
171781
171811
171875
171924
171945
172070
172153
172178
172249
172255
172257
172266
172301
172311
172348
172364
172372
172410
172417
172440
172487
172489
172495
172496
172508
172517
172522
172558
172606
172617
172650
172657
172667
172670
172699
172700
172771
172848
172884
172897
172908
172921
173012
173070
173081
173100
173118
173196
173220
173250
173297
173335
173379
173386
173434
173442
173453
173470
173496
173582
173590
173629
173703
173717
173719
173721
173732
173759
173765
173801
173842
173879
173902
173906
173940
173984
174008
174010
174023
174026
174064
174073
174146
174151
174154
174159
174168
174232
174246
174275
174292
174382
174519
174528
174544
174562
174589
174624
174658
174697
174700
174704
174750
174785
174802
174819
174874
174952
174975
174995
175015
175016
175029
175172
175177
175183
175188
175211
175269
175272
175295
175317
175319
175321
175327
175336
175357
175361
175367
175382
175406
175424
175453
175511
175535
175551
175563
175573
175582
175615
175644
175652
175692
175698
175706
175753
175766
175805
175817
175877
175881
175959
175978
176049
176069
176087
176102
176104
176106
176108
176134
176165
176184
176200
176203
176280
176319
176330
176338
176340
176345
176356
176371
176372
176375
176428
176433
176459
176480
176494
176567
176619
176627
176641
176662
176695
176773
176775
176779
176824
176835
176853
176856
176864
176872
176897
176909
176937
176951
176979
176986
177028
177029
177073
177158
177218
177242
177254
177294
177299
177318
177329
177339
177389
177390
177446
177455
177473
177483
177500
177502
177520
177522
177539
177540
177567
177575
177607
177614
177619
177642
177675
177684
177708
177764
177771
177774
177776
177782
177794
177815
177860
178041
178137
178163
178176
178197
178203
178218
178243
178244
178247
178250
178261
178262
178284
178300
178337
178345
178354
178358
178368
178397
178431
178524
178601
178628
178671
178673
178702
178728
178740
178751
178767
178794
178826
178837
178849
178851
178866
178959
178982
178983
178995
179031
179111
179125
179158
179221
179255
179259
179275
179278
179286
179287
179311
179325
179362
179370
179433
179467
179479
179510
179531
179558
179602
179669
179713
179756
179779
179787
179791
179792
179801
179810
179811
179818
179836
179837
179841
179925
179928
179959
179960
179974
180066
180078
180089
180099
180115
180137
180142
180147
180157
180169
180178
180198
180226
180244
180254
180265
180279
180300
180403
180431
180503
180520
180597
180625
180644
180651
180658
180709
180715
180727
180749
180751
180763
180768
180782
180799
180801
180802
180806
180809
180832
180851
180871
180894
180922
180966
180969
180973
181014
181076
181085
181098
181103
181106
181163
181173
181236
181237
181342
181350
181355
181406
181471
181475
181483
181510
181513
181517
181520
181575
181599
181607
181673
181702
181710
181717
181740
181777
181780
181784
181788
181830
181835
181854
181920
181950
181977
181983
182015
182056
182075
182100
182147
182148
182158
182170
182189
182190
182206
182207
182212
182232
182245
182249
182250
182262
182277
182297
182318
182353
182354
182355
182387
182420
182443
182501
182566
182572
182580
182623
182624
182626
182627
182632
182643
182649
182704
182709
182786
182810
182907
182913
182948
182966
183001
183012
183022
183038
183057
183102
183127
183178
183186
183187
183190
183255
183261
183267
183330
183336
183344
183358
183365
183392
183404
183471
183473
183486
183497
183506
183514
183523
183536
183538
183542
183546
183553
183586
183644
183704
183756
183805
183849
183906
183939
183958
183969
183972
183982
183996
184054
184055
184058
184111
184144
184149
184181
184202
184250
184255
184283
184309
184341
184354
184399
184408
184466
184471
184475
184476
184482
184487
184491
184497
184585
184634
184700
184712
184824
184836
184847
184935
184981
184983
184996
185024
185027
185055
185149
185153
185176
185178
185185
185209
185220
185226
185232
185254
185289
185321
185363
185405
185419
185439
185490
185518
185546
185561
185573
185576
185656
185673
185727
185756
185790
185791
185798
185804
185828
185852
185868
185883
185908
185968
185972
185978
185994
186019
186034
186045
186061
186070
186075
186088
186094
186096
186160
186172
186198
186214
186287
186305
186306
186423
186433
186467
186504
186542
186580
186581
186606
186611
186641
186663
186667
186677
186678
186689
186695
186706
186719
186725
186738
186779
186817
186875
186879
186881
186883
187008
187025
187035
187055
187066
187078
187098
187106
187132
187134
187163
187171
187242
187271
187359
187442
187511
187564
187592
187608
187650
187699
187722
187723
187735
187747
187751
187769
187801
187822
187903
187981
188000
188013
188044
188058
188065
188092
188143
188208
188222
188306
188323
188398
188437
188443
188470
188529
188539
188554
188577
188584
188592
188627
188646
188696
188705
188759
188789
188825
188829
188837
188870
188875
188878
188912
188916
188926
188948
188950
188996
189027
189039
189044
189048
189049
189055
189057
189059
189068
189094
189115
189200
189208
189216
189228
189237
189249
189285
189313
189340
189414
189418
189446
189454
189459
189518
189525
189552
189584
189610
189655
189658
189726
189732
189758
189844
189857
189858
189897
189931
189935
189945
189967
189981
189993
190014
190044
190052
190062
190063
190087
190110
190113
190134
190174
190178
190199
190249
190325
190338
190363
190368
190378
190394
190395
190406
190412
190413
190423
190426
190448
190461
190468
190488
190490
190495
190531
190556
190576
190588
190596
190602
190644
190655
190684
190700
190822
190829
190889
190905
190911
191032
191072
191112
191158
191169
191236
191269
191316
191326
191358
191417
191426
191428
191433
191441
191442
191458
191628
191658
191696
191728
191751
191769
191770
191816
191884
191976
191979
192004
192037
192062
192099
192199
192205
192210
192240
192273
192281
192299
192317
192335
192355
192361
192369
192524
192526
192529
192551
192565
192570
192582
192693
192694
192717
192718
192727
192730
192765
192775
192805
192806
192819
192877
192905
192916
192947
192980
193069
193078
193089
193110
193147
193175
193177
193185
193192
193198
193223
193248
193251
193255
193265
193275
193285
193294
193351
193371
193374
193378
193406
193422
193429
193464
193480
193484
193488
193518
193563
193570
193577
193590
193591
193638
193642
193658
193669
193675
193679
193723
193750
193757
193849
193857
193862
193931
193935
193941
193956
193959
193963
193971
193989
194012
194024
194042
194048
194068
194092
194139
194161
194205
194213
194223
194245
194251
194327
194329
194331
194338
194345
194375
194394
194395
194408
194413
194571
194634
194640
194648
194672
194734
194736
194737
194742
194744
194747
194793
194809
194894
194964
195050
195059
195069
195100
195107
195120
195139
195164
195212
195230
195265
195271
195361
195371
195398
195411
195434
195435
195490
195494
195507
195524
195526
195537
195544
195545
195583
195621
195629
195633
195653
195689
195691
195693
195694
195699
195716
195733
195734
195735
195742
195772
195819
195854
195860
195864
195869
195880
195885
195892
195901
195916
195938
195941
195977
196011
196063
196069
196071
196072
196083
196126
196128
196137
196142
196161
196172
196173
196175
196183
196185
196195
196206
196208
196209
196215
196218
196236
196244
196301
196328
196329
196331
196346
196347
196350
196352
196362
196364
196390
196400
196402
196406
196410
196413
196417
196423
196431
196478
196482
196497
196515
196544
196591
196647
196655
196662
196694
196702
196773
196783
196801
196802
196810
196814
196822
196825
196827
196831
196840
196844
196845
196855
196857
196866
196872
196889
196923
196925
196938
196950
196959
196972
196980
196986
196988
197008
197031
197051
197065
197068
197236
197252
197290
197292
197296
197298
197308
197322
197323
197332
197343
197369
197387
197401
197403
197410
197464
197465
197468
197469
197478
197482
197489
197499
197536
197549
197550
197568
197586
197604
197607
197609
197619
197633
197635
197648
197658
197674
197676
197680
197684
197700
197715
197721
197730
197749
197753
197776
197779
197784
197790
197924
197954
197960
198000
198108
198115
198118
198121
198153
198193
198194
198197
198213
198301
198303
198308
198317
198318
198332
198334
198343
198376
198377
198401
198404
198423
198432
198454
198465
198473
198495
198551
198561
198563
198575
198586
198592
198593
198622
198625
198629
198636
198693
198743
198786
198800
198801
198846
198847
198848
198849
198871
198891
198899
198902
198925
198927
198940
198993
199000
199118
199120
199176
199207
199225
199228
199229
199273
199295
199296
199320
199330
199361
199376
199401
199410
199455
199459
199484
199488
199559
199584
199606
199635
199666
199674
199720
199778
199783
199819
199863
199875
199890
199920
199968
199987
200002
200023
200031
200066
200070
200136
200141
200236
200264
200271
200289
200299
200322
200331
200332
200374
200402
200474
200482
200506
200508
200523
200563
200584
200632
200663
200680
200681
200682
200684
200691
200695
200783
200840
200946
200963
200964
201035
201039
201043
201049
201104
201154
201163
201183
201189
201227
201237
201294
201314
201316
201339
201352
201355
201409
201412
201421
201451
201454
201481
201499
201512
201576
201588
201618
201677
201748
201768
201799
201816
201827
201835
201865
201868
201880
201889
201906
201911
201932
201935
201963
201978
201990
201995
202001
202014
202015
202020
202021
202075
202080
202126
202134
202189
202226
202256
202349
202385
202424
202463
202472
202503
202510
202532
202550
202564
202593
202625
202634
202681
202727
202732
202754
202757
202765
202780
202838
202849
202853
202859
202912
202941
202948
202958
202967
202977
202996
203012
203098
203112
203116
203128
203131
203133
203136
203137
203159
203182
203183
203227
203348
203359
203377
203421
203440
203476
203482
203483
203504
203505
203516
203522
203558
203635
203641
203735
203737
203739
203747
203755
203759
203781
203788
203802
203819
203822
203861
203862
203868
203889
203911
203923
204003
204100
204118
204131
204158
204177
204213
204220
204229
204236
204276
204304
204316
204362
204397
204412
204426
204458
204462
204467
204475
204549
204570
204577
204618
204753
204838
204861
204874
204908
204924
205061
205093
205112
205113
205142
205176
205215
205216
205277
205295
205319
205346
205362
205373
205407
205438
205474
205558
205579
205592
205614
205649
205704
205717
205720
205725
205748
205783
205861
205912
205922
205937
205952
205959
205961
206018
206019
206071
206072
206073
206091
206123
206126
206147
206189
206210
206213
206236
206271
206275
206299
206375
206392
206422
206436
206445
206493
206647
206649
206653
206685
206689
206771
206813
206818
206856
206859
206895
206901
206905
206910
206918
206936
206942
206959
207007
207101
207130
207148
207168
207170
207176
207182
207183
207206
207217
207220
207262
207282
207297
207298
207313
207317
207342
207415
207428
207596
207599
207602
207718
207736
207751
207773
207828
207844
207846
207847
207850
207857
207859
207882
207899
207944
207956
207975
207976
207996
208014
208040
208096
208102
208105
208112
208115
208136
208143
208163
208166
208167
208173
208185
208219
208241
208307
208356
208361
208370
208412
208423
208428
208451
208486
208500
208529
208547
208562
208594
208621
208625
208648
208685
208689
208708
208714
208728
208746
208911
208916
208934
208936
208948
208959
208963
208977
208979
209123
209159
209163
209169
209240
209246
209250
209288
209309
209336
209350
209352
209356
209495
209556
209562
209571
209623
209700
209764
209810
209830
209835
209905
209915
209936
209941
209971
209974
210042
210072
210075
210078
210095
210120
210122
210130
210165
210166
210201
210206
210228
210231
210283
210300
210311
210346
210365
210373
210378
210452
210461
210467
210471
210473
210477
210490
210517
210540
210578
210583
210607
210619
210663
210743
210747
210751
210794
210815
210830
210831
210949
210973
210984
210996
211061
211065
211068
211069
211073
211133
211154
211155
211169
211221
211251
211256
211261
211287
211288
211300
211340
211357
211369
211382
211391
211446
211462
211464
211643
211658
211681
211696
211720
211808
211852
211869
211870
211874
211879
211882
211892
211897
211951
211964
211982
211998
212026
212037
212066
212074
212096
212135
212137
212252
212286
212339
212341
212342
212370
212466
212508
212531
212559
212576
212580
212661
212723
212731
212735
212765
212857
212867
212961
213010
213060
213068
213078
213102
213110
213124
213125
213154
213156
213167
213172
213199
213211
213239
213277
213282
213284
213285
213287
213303
213383
213384
213414
213440
213458
213459
213492
213507
213508
213588
213599
213605
213663
213674
213683
213684
213696
213742
213774
213780
213781
213820
213821
213824
213828
213834
213857
213860
213886
213894
213946
214014
214102
214144
214177
214187
214216
214251
214261
214271
214303
214306
214309
214315
214316
214322
214324
214357
214482
214639
214668
214699
214711
214717
214738
214814
214835
214836
214837
214869
214873
214884
214932
214976
214989
215044
215045
215049
215054
215060
215189
215215
215218
215222
215280
215294
215305
215317
215332
215335
215336
215343
215407
215503
215515
215517
215530
215531
215554
215566
215573
215616
215625
215670
215677
215694
215765
215767
215775
215779
215829
215842
215860
215865
215868
215869
215873
215885
215886
215893
215915
215976
215982
216025
216068
216125
216130
216141
216156
216178
216206
216213
216219
216223
216237
216285
216288
216294
216327
216350
216374
216380
216411
216423
216444
216480
216483
216497
216498
216550
216551
216566
216590
216592
216593
216608
216618
216660
216703
216844
216869
216878
216896
217024
217053
217054
217068
217122
217147
217158
217180
217221
217273
217302
217306
217326
217331
217335
217348
217360
217384
217389
217392
217409
217434
217437
217448
217451
217519
217561
217593
217605
217638
217648
217664
217691
217700
217725
217767
217777
217789
217832
217993
218020
218130
218265
218269
218305
218334
218348
218381
218404
218454
218484
218497
218523
218544
218604
218614
218616
218622
218662
218692
218703
218750
218788
218798
218801
218803
218828
218851
218863
218889
218894
218898
218899
218910
218931
218943
218961
218963
218983
219011
219025
219033
219074
219097
219134
219154
219181
219197
219210
219218
219248
219274
219288
219299
219316
219319
219340
219349
219367
219383
219498
219501
219509
219510
219551
219555
219571
219596
219604
219669
219676
219690
219694
219698
219699
219766
219778
219851
219875
219884
219897
219901
219910
219912
219916
219930
219950
219959
219973
219985
220000
220001
220011
220033
220163
220168
220186
220222
220264
220308
220343
220344
220354
220362
220445
220459
220469
220475
220485
220522
220526
220536
220550
220553
220566
220573
220696
220705
220728
220744
220747
220776
220795
220814
220816
220817
220842
220934
220971
220995
221055
221088
221108
221113
221130
221144
221154
221159
221166
221172
221198
221207
221219
221233
221241
221249
221269
221279
221290
221350
221351
221366
221374
221406
221414
221419
221445
221465
221480
221537
221547
221572
221606
221631
221680
221689
221840
221841
221849
221871
221880
221884
221945
221969
222032
222033
222035
222042
222068
222080
222090
222094
222096
222105
222136
222150
222166
222172
222179
222181
222190
222196
222199
222236
222237
222270
222289
222296
222297
222305
222325
222341
222347
222377
222403
222405
222412
222416
222436
222442
222463
222464
222465
222480
222499
222503
222506
222511
222513
222520
222528
222534
222582
222595
222601
222612
222619
222622
222628
222661
222662
222671
222689
222705
222758
222797
222814
222837
222838
222839
222863
222864
222906
223002
223023
223026
223033
223076
223083
223094
223101
223105
223121
223161
223162
223202
223240
223247
223249
223251
223259
223266
223283
223286
223318
223370
223375
223408
223416
223441
223489
223494
223495
223500
223521
223527
223546
223565
223586
223597
223668
223693
223700
223704
223706
223726
223736
223767
223778
223803
223812
223813
223814
223826
223828
223860
223883
223933
223966
223967
224065
224101
224119
224138
224173
224199
224202
224276
224279
224298
224325
224339
224353
224444
224454
224524
224547
224613
224617
224644
224694
224719
224726
224739
224744
224781
224782
224796
224821
224834
224835
224857
224861
224898
224900
224906
224960
224979
224997
225005
225021
225030
225036
225069
225086
225095
225185
225192
225195
225197
225202
225221
225225
225236
225276
225288
225332
225364
225366
225374
225382
225389
225392
225393
225409
225470
225474
225501
225521
225545
225561
225653
225659
225666
225716
225718
225731
225736
225775
225805
225831
225855
225909
225915
225918
225925
225959
225961
225975
225977
225985
226011
226050
226058
226090
226113
226127
226135
226154
226319
226368
226369
226373
226374
226426
226461
226480
226495
226574
226576
226603
226643
226648
226653
226677
226708
226709
226729
226732
226741
226777
226797
226843
226857
226945
226973
226981
226987
227007
227008
227012
227063
227067
227072
227114
227187
227198
227209
227228
227278
227324
227337
227350
227382
227394
227415
227416
227421
227439
227452
227465
227468
227513
227515
227516
227521
227529
227629
227635
227637
227649
227672
227676
227720
227744
227748
227766
227767
227772
227773
227790
227804
227812
227861
227937
227948
227959
227965
227968
227995
227997
228025
228053
228170
228172
228241
228263
228284
228306
228311
228315
228342
228391
228398
228400
228402
228426
228483
228577
228634
228654
228659
228718
228729
228747
228753
228768
228780
228801
228807
228821
228835
228896
228915
228991
229005
229011
229049
229079
229086
229135
229138
229164
229211
229212
229220
229242
229244
229248
229311
229315
229318
229327
229340
229380
229436
229474
229488
229523
229586
229587
229599
229617
229650
229675
229689
229715
229789
229830
229970
229979
229994
230012
230016
230067
230072
230086
230116
230151
230196
230229
230295
230309
230316
230332
230341
230353
230364
230378
230402
230413
230419
230445
230446
230451
230465
230498
230512
230518
230555
230638
230639
230648
230654
230662
230680
230705
230789
230804
230833
230864
230883
230894
230952
230963
230976
231005
231023
231029
231097
231129
231132
231134
231155
231180
231185
231204
231214
231225
231239
231260
231267
231321
231392
231415
231428
231429
231442
231445
231472
231555
231568
231580
231584
231618
231784
231794
231866
231899
231909
231958
231966
232030
232048
232100
232104
232110
232130
232178
232199
232254
232262
232284
232321
232349
232354
232359
232360
232457
232483
232493
232497
232517
232532
232585
232600
232610
232650
232652
232653
232676
232691
232721
232736
232756
232773
232801
232903
232911
232924
232925
232928
232930
232986
233031
233109
233236
233271
233348
233379
233469
233506
233561
233597
233614
233629
233651
233656
233666
233675
233682
233749
233779
233784
233836
233891
233973
234007
234033
234055
234072
234073
234094
234102
234118
234142
234145
234152
234180
234261
234301
234348
234353
234403
234445
234473
234481
234521
234543
234545
234578
234623
234639
234646
234653
234658
234684
234705
234713
234743
234747
234765
234789
234826
234833
234924
234937
234966
234972
234973
235087
235114
235140
235148
235151
235181
235183
235211
235257
235271
235304
235335
235373
235385
235386
235387
235389
235419
235461
235465
235470
235530
235598
235608
235618
235619
235623
235660
235697
235710
235743
235762
235821
235831
235842
235912
235918
235935
235937
235940
235961
235965
236007
236037
236161
236183
236227
236275
236285
236286
236289
236292
236307
236310
236357
236395
236402
236408
236434
236446
236538
236558
236572
236585
236610
236665
236689
236694
236701
236713
236732
236734
236740
236743
236746
236843
236871
236919
236952
236987
236994
236996
236999
237010
237096
237102
237281
237295
237302
237304
237312
237314
237368
237375
237404
237420
237428
237459
237513
237516
237580
237640
237641
237668
237734
237763
237775
237782
237787
237805
237810
237817
237822
237826
237830
237927
237940
238012
238025
238030
238031
238033
238034
238074
238078
238083
238084
238122
238141
238189
238207
238213
238229
238287
238311
238313
238355
238356
238393
238399
238411
238436
238501
238566
238575
238583
238625
238641
238650
238664
238674
238676
238683
238688
238692
238710
238730
238742
238770
238798
238809
238831
238865
238901
238925
238975
239015
239020
239027
239029
239081
239082
239083
239161
239192
239274
239287
239308
239502
239507
239527
239583
239590
239596
239598
239604
239628
239687
239747
239797
239812
239832
239868
239925
239930
239934
239950
239952
239955
239975
240023
240027
240074
240230
240235
240290
240317
240382
240408
240461
240478
240480
240483
240493
240494
240507
240516
240519
240634
240642
240675
240679
240724
240731
240779
240783
240788
240793
240873
240874
240913
241012
241136
241156
241172
241178
241273
241374
241399
241400
241403
241410
241504
241509
241513
241549
241551
241661
241697
241745
241774
241824
241831
241929
241930
241947
241954
242008
242051
242054
242104
242133
242137
242141
242142
242143
242144
242150
242219
242279
242352
242355
242360
242362
242375
242389
242402
242506
242511
242532
242566
242573
242607
242789
242812
242823
242875
242949
242972
242982
243036
243060
243061
243065
243097
243103
243140
243144
243173
243193
243197
243270
243277
243302
243312
243323
243347
243370
243394
243396
243426
243454
243471
243504
243620
243656
243661
243662
243684
243709
243719
243750
243767
243796
243808
243846
243851
243870
243893
244001
244007
244086
244143
244151
244169
244189
244191
244235
244291
244301
244327
244343
244348
244393
244434
244437
244452
244460
244466
244485
244531
244583
244593
244599
244674
244685
244688
244700
244706
244724
244734
244736
244765
244819
244827
244859
244886
244902
244907
244917
244944
244949
244970
244983
244988
244999
245013
245020
245040
245042
245087
245126
245152
245160
245207
245276
245299
245306
245316
245354
245363
245373
245376
245380
245398
245413
245416
245438
245529
245531
245541
245543
245568
245603
245657
245664
245694
245699
245702
245751
245781
245809
245871
245922
245995
246015
246023
246052
246065
246074
246081
246099
246104
246119
246129
246130
246199
246235
246258
246265
246268
246366
246424
246429
246535
246596
246617
246657
246677
246696
246752
246767
246809
246835
246838
246842
246847
246865
246867
246874
246923
246927
246929
246945
246947
246950
247012
247019
247029
247031
247042
247048
247071
247074
247111
247114
247121
247167
247189
247196
247206
247236
247246
247280
247313
247423
247426
247490
247574
247595
247605
247622
247637
247640
247668
247672
247710
247750
247785
247787
247865
247940
247942
247983
248020
248021
248030
248035
248039
248055
248064
248070
248071
248130
248236
248250
248251
248261
248286
248336
248337
248377
248474
248475
248489
248512
248514
248518
248524
248601
248632
248649
248650
248702
248717
248730
248742
248783
248892
248894
248920
248931
248946
248967
248969
248970
248983
249003
249042
249049
249055
249077
249085
249096
249114
249121
249134
249156
249185
249214
249228
249261
249266
249278
249290
249324
249336
249380
249446
249490
249495
249528
249546
249594
249685
249688
249704
249716
249747
249758
249799
249812
249842
249892
249893
249905
249916
249928
249929
249933
249942
249945
249961
249965
249969
249974
249997
250003
250020
250036
250048
250055
250098
250160
250181
250197
250232
250241
250248
250366
250390
250399
250403
250412
250431
250433
250481
250528
250556
250593
250596
250597
250598
250607
250614
250617
250621
250728
250819
250855
250858
250881
250882
250885
250888
250897
250899
250905
250916
250938
250965
250991
251011
251048
251056
251064
251077
251079
251106
251114
251119
251134
251138
251164
251181
251182
251198
251248
251254
251263
251272
251280
251290
251342
251367
251378
251428
251452
251468
251527
251545
251548
251552
251621
251623
251626
251632
251693
251700
251709
251711
251746
251748
251754
251757
251761
251771
251785
251797
251805
251834
251836
251847
251856
251857
251862
251895
251897
251914
251916
251918
251928
251930
251932
251948
251984
251999
252071
252148
252166
252209
252239
252298
252315
252324
252325
252340
252359
252373
252375
252408
252497
252500
252583
252588
252614
252626
252658
252661
252672
252697
252705
252711
252715
252734
252756
252766
252773
252778
252786
252787
252860
252890
252908
252909
252912
252926
252934
252937
252981
253007
253011
253025
253036
253040
253045
253076
253078
253091
253189
253206
253220
253233
253287
253290
253312
253341
253376
253406
253502
253565
253652
253710
253749
253769
253805
253904
253905
253909
253925
253992
254025
254030
254073
254097
254130
254132
254143
254151
254156
254188
254288
254297
254301
254306
254307
254342
254345
254353
254457
254476
254504
254511
254513
254517
254559
254562
254566
254598
254616
254686
254714
254751
254753
254756
254758
254770
254790
254794
254809
254820
254822
254828
254844
254869
254910
254918
254939
254966
254971
254996
255002
255009
255092
255116
255189
255277
255290
255292
255336
255358
255373
255389
255391
255392
255399
255401
255402
255406
255478
255480
255490
255511
255516
255561
255570
255588
255603
255606
255618
255623
255643
255644
255649
255666
255677
255714
255715
255729
255732
255771
255786
255802
255881
255886
255892
255921
255933
255986
256036
256041
256053
256097
256112
256123
256181
256244
256268
256269
256274
256288
256294
256330
256334
256383
256400
256489
256511
256570
256572
256573
256574
256583
256607
256655
256665
256680
256681
256700
256770
256789
256821
256822
256833
256836
256838
256842
256849
256863
256867
256868
256872
256885
256915
256954
256956
256971
256982
257010
257017
257033
257047
257096
257110
257124
257127
257139
257149
257167
257218
257293
257312
257345
257360
257420
257425
257451
257482
257484
257596
257620
257633
257640
257644
257659
257662
257664
257666
257667
257673
257693
257702
257711
257719
257733
257734
257740
257741
257750
257754
257757
257781
257783
257784
257790
257794
257823
257828
257843
257845
257862
257868
257873
257914
257974
257995
257998
258011
258012
258016
258037
258038
258065
258071
258080
258116
258132
258133
258142
258164
258176
258204
258206
258254
258323
258327
258331
258342
258346
258431
258464
258467
258470
258519
258544
258552
258570
258599
258617
258622
258630
258647
258657
258668
258675
258688
258709
258747
258781
258797
258809
258821
258827
258845
258861
258874
258889
258892
258913
258994
259003
259053
259072
259078
259089
259101
259119
259129
259132
259177
259181
259211
259253
259266
259287
259305
259307
259316
259360
259361
259377
259410
259427
259454
259455
259525
259530
259538
259564
259598
259625
259674
259698
259705
259722
259728
259729
259770
259812
259821
259829
259840
259841
259918
259921
259945
259957
260030
260037
260044
260090
260097
260099
260101
260122
260151
260154
260156
260158
260163
260165
260166
260169
260187
260207
260208
260211
260225
260227
260244
260318
260323
260361
260444
260492
260501
260502
260541
260548
260560
260581
260584
260613
260631
260688
260704
260717
260800
260805
260817
260823
260824
260837
260887
260899
260904
260911
260973
260984
260985
261038
261049
261081
261086
261157
261165
261189
261191
261260
261288
261289
261294
261311
261332
261382
261447
261482
261485
261487
261516
261602
261727
261731
261739
261772
261776
261778
261828
261846
261848
261858
261863
261870
261893
261909
261965
261966
261971
261973
261982
262077
262088
262089
262092
262161
262184
262211
262215
262216
262222
262263
262306
262307
262369
262433
262453
262463
262513
262524
262601
262621
262630
262633
262634
262641
262642
262663
262720
262738
262747
262760
262770
262775
262789
262836
262840
262861
262864
262894
262907
262914
262915
262931
262954
262989
262997
263005
263021
263035
263042
263057
263072
263075
263083
263091
263093
263108
263116
263122
263138
263155
263237
263238
263253
263286
263298
263337
263371
263379
263392
263402
263410
263421
263447
263460
263465
263485
263497
263499
263522
263524
263526
263533
263546
263552
263554
263562
263564
263566
263586
263596
263621
263636
263640
263662
263674
263691
263695
263696
263722
263735
263738
263741
263772
263782
263788
263826
263827
263830
263920
263936
263944
263949
263973
263985
263987
263991
264031
264057
264060
264082
264095
264106
264132
264148
264151
264166
264179
264184
264196
264225
264233
264269
264304
264341
264363
264367
264387
264408
264447
264537
264543
264545
264547
264550
264551
264552
264554
264557
264558
264559
264576
264601
264629
264640
264644
264646
264667
264680
264681
264684
264686
264694
264697
264731
264784
264788
264799
264847
264877
264885
264888
264890
264903
264918
264920
264927
264932
264933
264934
264935
264948
264954
264974
265009
265018
265021
265025
265028
265042
265081
265116
265124
265170
265218
265227
265233
265262
265280
265281
265317
265366
265376
265379
265381
265420
265486
265490
265506
265512
265530
265532
265542
265597
265635
265636
265646
265704
265743
265758
265760
265762
265769
265808
265833
265853
265876
265891
265919
265965
265975
265999
266001
266029
266030
266039
266066
266080
266100
266129
266139
266147
266152
266155
266174
266228
266250
266254
266285
266292
266306
266336
266355
266384
266467
266468
266504
266532
266562
266566
266572
266596
266604
266607
266614
266619
266624
266691
266693
266700
266702
266726
266732
266738
266769
266777
266813
266829
266831
266889
266900
266901
266913
267046
267056
267080
267081
267093
267121
267124
267126
267127
267145
267149
267154
267188
267189
267249
267279
267293
267321
267456
267465
267467
267593
267619
267630
267635
267646
267669
267687
267693
267724
267734
267744
267799
267824
267827
267853
267887
267902
267944
267953
267987
268004
268025
268029
268057
268065
268129
268141
268149
268160
268179
268247
268272
268277
268320
268343
268348
268355
268375
268402
268407
268412
268449
268460
268481
268511
268530
268561
268583
268625
268630
268636
268665
268669
268708
268756
268766
268797
268800
268811
268817
268819
268935
268951
268988
269007
269071
269128
269171
269179
269188
269213
269220
269262
269304
269331
269338
269346
269353
269362
269364
269374
269380
269401
269408
269453
269487
269492
269500
269510
269511
269542
269547
269596
269628
269666
269706
269743
269771
269773
269775
269816
269817
269818
269826
269833
269848
269854
269861
269920
270015
270022
270026
270039
270040
270070
270106
270123
270124
270126
270131
270149
270153
270155
270166
270167
270182
270184
270220
270223
270323
270373
270400
270412
270415
270420
270465
270490
270492
270536
270620
270651
270652
270663
270680
270690
270691
270697
270732
270735
270751
270753
270758
270777
270784
270793
270833
270858
270879
270905
270906
270950
271001
271027
271031
271034
271035
271036
271041
271046
271103
271230
271245
271261
271280
271294
271316
271318
271334
271350
271357
271395
271463
271480
271503
271506
271531
271548
271568
271585
271680
271696
271723
271731
271733
271793
271832
271837
271842
271862
271902
271919
271929
271963
271983
272002
272048
272062
272066
272073
272075
272076
272077
272137
272179
272191
272215
272216
272291
272309
272354
272430
272504
272509
272523
272524
272574
272582
272588
272592
272602
272609
272625
272632
272634
272648
272768
272769
272801
272889
272905
272949
272961
273023
273053
273057
273060
273106
273120
273125
273137
273145
273186
273193
273209
273212
273225
273232
273238
273265
273326
273333
273349
273419
273441
273452
273458
273459
273461
273466
273467
273468
273480
273524
273538
273539
273540
273550
273573
273613
273669
273673
273680
273695
273698
273708
273709
273734
273741
273755
273764
273768
273783
273787
273876
273913
273936
273964
274015
274019
274027
274104
274110
274111
274112
274138
274140
274145
274184
274191
274201
274205
274212
274226
274232
274288
274289
274307
274335
274373
274389
274467
274470
274480
274488
274529
274539
274542
274555
274559
274580
274637
274755
274760
274797
274798
274802
274812
274816
274823
274861
274875
274887
274888
274921
274937
275010
275043
275066
275088
275117
275175
275198
275225
275257
275258
275269
275295
275302
275314
275330
275338
275372
275501
275508
275512
275555
275602
275610
275622
275642
275678
275741
275754
275774
275798
275806
275809
275812
275814
275820
275830
275833
275836
275837
275840
275844
275851
275873
275878
275879
275906
275923
275940
275950
275951
275986
276005
276021
276041
276048
276080
276109
276114
276128
276130
276133
276143
276149
276209
276284
276299
276302
276329
276356
276357
276379
276414
276417
276419
276429
276431
276441
276470
276476
276494
276499
276506
276509
276549
276563
276578
276582
276602
276613
276615
276618
276652
276686
276716
276727
276753
276762
276817
276859
276863
276866
276877
276897
276899
276903
276928
276941
276947
276950
276957
276971
277000
277055
277110
277115
277118
277137
277141
277173
277177
277200
277231
277256
277268
277311
277319
277321
277322
277330
277362
277404
277407
277428
277430
277443
277457
277499
277503
277505
277509
277519
277545
277578
277593
277597
277706
277707
277732
277734
277756
277770
277775
277777
277780
277804
277810
277849
277908
277928
277976
277981
277991
277995
278017
278020
278031
278033
278041
278048
278050
278052
278072
278073
278128
278145
278148
278231
278248
278250
278261
278277
278285
278315
278322
278330
278353
278354
278360
278374
278385
278394
278407
278430
278431
278434
278435
278478
278499
278565
278588
278645
278651
