17
106
113
118
236
254
304
338
362
426
470
471
478
485
496
547
556
583
611
614
617
670
714
718
719
729
746
752
764
766
772
793
795
804
829
891
931
934
935
955
956
957
963
972
975
987
997
1001
1022
1033
1070
1094
1106
1114
1119
1127
1145
1161
1181
1182
1199
1214
1296
1308
1337
1372
1380
1386
1396
1445
1497
1593
1631
1646
1699
1721
1791
1829
1835
1918
1938
1941
1950
1971
1983
1988
2003
2006
2013
2017
2040
2058
2075
2157
2181
2187
2199
2245
2257
2305
2308
2319
2381
2427
2453
2460
2489
2590
2624
2627
2688
2735
2736
2791
2890
3015
3028
3064
3080
3146
3172
3176
3177
3206
3231
3240
3260
3261
3286
3289
3301
3356
3424
3437
3442
3461
3473
3474
3479
3483
3510
3511
3512
3557
3625
3634
3639
3668
3671
3697
3700
3704
3741
3750
3784
3798
3828
3943
3973
4009
4031
4035
4037
4041
4093
4120
4157
4172
4173
4181
4183
4195
4201
4205
4216
4219
4226
4229
4231
4237
4243
4246
4287
4361
4368
4374
4376
4394
4397
4459
4522
4525
4559
4596
4612
4643
4691
4703
4860
4934
5001
5039
5061
5091
5097
5140
5201
5236
5248
5284
5401
5475
5480
5483
5486
5510
5539
5551
5558
5580
5595
5604
5609
5613
5642
5674
5754
5800
5830
5838
5841
5842
5878
5879
5898
5904
5910
5926
5940
5943
5961
6028
6030
6038
6040
6049
6051
6054
6081
6082
6139
6165
6178
6187
6203
6252
6366
6445
6448
6465
6470
6490
6535
6696
6700
6707
6772
6781
6808
6816
6840
6843
6844
6850
6865
6882
6900
6904
6910
6940
6949
6972
6999
7004
7056
7087
7109
7133
7137
7143
7152
7168
7177
7201
7222
7230
7253
7268
7333
7358
7366
7390
7399
7409
7447
7617
7654
7729
7735
7802
7865
7881
7927
7950
7955
8005
8052
8081
8120
8178
8187
8212
8216
8261
8270
8297
8324
8328
8332
8352
8445
8450
8465
8539
8542
8547
8621
8628
8639
8641
8695
8735
8748
8762
8778
8792
8825
8838
8847
8863
8922
8923
8924
8927
8974
9004
9036
9042
9059
9081
9126
9166
9170
9177
9249
9263
9270
9298
9317
9329
9339
9387
9392
9422
9435
9505
9564
9629
9645
9675
9692
9728
9770
9781
9796
9798
9800
9843
9860
9863
9866
9889
9920
9938
9957
10017
10021
10023
10069
10079
10171
10251
10292
10330
10353
10361
10412
10441
10445
10448
10452
10469
10473
10475
10480
10507
10615
10646
10663
10699
10700
10714
10727
10729
10798
10839
10871
10975
11020
11029
11036
11040
11082
11091
11108
11112
11117
11130
11146
11185
11210
11311
11332
11440
11462
11467
11483
11491
11515
11517
11520
11527
11564
11692
11793
11809
11825
11852
11978
12022
12024
12030
12043
12066
12132
12171
12196
12199
12229
12378
12383
12396
12409
12414
12416
12436
12463
12469
12519
12532
12543
12576
12581
12635
12653
12658
12672
12678
12690
12696
12697
12702
12710
12712
12716
12725
12760
12761
12777
12803
12816
12819
12820
12830
12842
12847
12876
12883
12947
12954
12995
12999
13031
13037
13038
13055
13070
13073
13075
13088
13121
13132
13166
13192
13198
13233
13279
13280
13334
13402
13413
13421
13430
13453
13484
13491
13499
13513
13514
13566
13597
13654
13661
13667
13689
13717
13720
13742
13755
13764
13841
13909
13910
13929
14083
14128
14132
14150
14162
14180
14246
14291
14336
14345
14352
14408
14530
14548
14559
14562
14564
14585
14640
14671
14742
14752
14759
14770
14876
14879
14895
14915
14948
15024
15031
15039
15048
15059
15076
15083
15093
15113
15124
15133
15135
15138
15150
15151
15172
15173
15178
15194
15195
15196
15205
15211
15306
15352
15358
15364
15371
15372
15420
15430
15486
15490
15494
15502
15511
15575
15583
15599
15602
15627
15678
15680
15728
15763
15791
15906
15952
15998
16038
16079
16112
16161
16168
16353
16357
16366
16393
16395
16406
16443
16483
16551
16580
16633
16662
16665
16676
16690
16701
16713
16715
16717
16777
16823
16847
16859
16873
16875
16891
16894
16909
16949
16980
17020
17039
17069
17160
17179
17192
17233
17259
17327
17373
17390
17408
17413
17426
17466
17479
17516
17546
17569
17574
17577
17589
17590
17599
17600
17614
17712
17729
17733
17737
17748
17808
17846
17946
17949
17957
17978
18060
18120
18122
18142
18144
18149
18163
18219
18222
18235
18275
18329
18339
18366
18372
18376
18442
18526
18535
18707
18712
18717
18720
18727
18728
18759
18761
18777
18779
18828
18852
18879
18880
18909
18919
18925
18929
18993
19031
19037
19040
19134
19141
19207
19212
19223
19299
19308
19309
19317
19323
19324
19419
19568
19596
19641
19657
19663
19675
19703
19720
19787
19791
19834
19844
19855
19867
19912
19913
20064
20076
20115
20146
20178
20180
20186
20214
20243
20263
20309
20441
20454
20459
20472
20534
20611
20631
20669
20670
20754
20783
20838
20848
20852
20884
20891
20903
20970
20987
21012
21018
21089
21108
21109
21113
21123
21138
21170
21178
21321
21328
21377
21396
21401
21405
21422
21431
21442
21465
21471
21476
21517
21611
21632
21673
21701
21713
21714
21740
21750
21779
21782
21787
21794
21839
21851
21852
21855
21867
21895
21912
21952
21956
21971
21986
22012
22040
22049
22071
22077
22141
22149
22161
22180
22196
22292
22303
22317
22357
22385
22417
22455
22458
22463
22499
22525
22586
22648
22671
22767
22838
22840
22849
22853
22921
22943
22953
22997
23000
23002
23062
23065
23072
23123
23128
23135
23141
23146
23180
23188
23236
23258
23300
23303
23344
23353
23380
23399
23416
23471
23484
23487
23500
23525
23526
23562
23580
23658
23667
23675
23703
23728
23739
23777
23794
23874
23985
24071
24103
24189
24211
24234
24244
24249
24264
24272
24276
24340
24345
24405
24431
24506
24526
24558
24561
24564
24580
24655
24687
24697
24768
24769
24786
24787
24799
24828
24866
24880
24894
24933
24960
24963
24997
25066
25087
25105
25149
25165
25167
25194
25240
25309
25322
25332
25339
25341
25347
25353
25358
25359
25374
25465
25523
25577
25609
25679
25694
25739
25744
25785
25797
26029
26064
26079
26088
26209
26259
26261
26285
26297
26330
26425
26497
26522
26549
26560
26569
26570
26629
26649
26714
26732
26820
26828
26829
26852
26873
26875
26878
26920
26941
26969
27065
27135
27147
27158
27214
27216
27225
27239
27287
27333
27350
27366
27372
27387
27424
27465
27560
27565
27576
27585
27596
27602
27628
27631
27641
27647
27648
27649
27678
27689
27720
27721
27758
27790
27795
27796
27944
27949
27979
28004
28048
28160
28183
28288
28325
28343
28367
28389
28394
28508
28550
28590
28617
28623
28626
28627
28653
28655
28658
28660
28732
28741
28747
28753
28758
28776
28793
28796
28840
28864
28891
28894
28918
28940
28952
28988
29030
29034
29077
29087
29107
29132
29162
29187
29191
29203
29206
29222
29223
29226
29229
29239
29288
29298
29327
29372
29423
29439
29551
29592
29623
29635
29663
29669
29685
29691
29696
29715
29737
29754
29759
29797
29825
29861
29913
29927
29971
30002
30019
30139
30159
30161
30176
30183
30206
30221
30225
30230
30263
30299
30363
30390
30397
30431
30434
30527
30538
30569
30580
30601
30614
30708
30716
30726
30789
30797
30810
30813
30829
30849
30850
30900
30910
30914
30933
30937
30944
30949
30961
30962
30980
31000
31003
31081
31098
31175
31184
31197
31259
31260
31267
31286
31288
31301
31336
31390
31447
31451
31452
31491
31499
31505
31507
31572
31594
31662
31666
31668
31677
31690
31730
31732
31736
31743
31764
31766
31773
31784
31803
31804
31811
31819
31823
31860
31901
31990
31994
32031
32032
32050
32051
32059
32097
32119
32142
32344
32357
32369
32389
32404
32421
32427
32443
32462
32487
32511
32515
32518
32554
32562
32564
32614
32623
32645
32694
32702
32715
32732
32767
32770
32772
32810
32812
32832
32835
32855
32955
32958
32967
32968
32973
33034
33071
33137
33145
33155
33168
33177
33178
33183
33196
33205
33207
33213
33256
33258
33263
33276
33329
33370
33375
33440
33453
33471
33477
33493
33497
33498
33549
33576
33612
33617
33713
33726
33733
33793
33815
33823
33825
33829
33833
33838
33854
33855
33859
33861
33888
33988
34009
34072
34106
34166
34169
34179
34254
34267
34295
34298
34330
34363
34375
34387
34451
34455
34478
34486
34490
34532
34536
34576
34603
34612
34613
34640
34696
34752
34864
34910
34963
34969
34971
34997
35007
35025
35041
35099
35110
35222
35253
35302
35308
35423
35435
35441
35473
35498
35514
35548
35591
35606
35618
35635
35642
35673
35681
35685
35701
35708
35721
35732
35804
35816
35834
35840
35862
35963
35964
36047
36112
36131
36222
36234
36258
36265
36271
36370
36447
36468
36473
36541
36548
36556
36560
36562
36570
36611
36625
36647
36663
36671
36672
36679
36721
36737
36775
36883
36918
37047
37048
37052
37103
37105
37149
37178
37241
37265
37344
37417
37438
37445
37458
37512
37543
37560
37564
37570
37572
37575
37583
37590
37592
37666
37691
37710
37720
37762
37781
37790
37795
37808
37809
37835
37838
37839
37852
37854
37867
37870
37880
37908
37937
37962
37986
37991
38001
38003
38010
38038
38046
38059
38079
38095
38123
38150
38171
38210
38256
38301
38353
38363
38366
38367
38396
38397
38406
38436
38439
38486
38516
38563
38571
38577
38609
38615
38626
38638
38647
38660
38661
38721
38726
38727
38776
38823
38852
38860
38880
38911
38918
38983
39025
39030
39141
39145
39177
39181
39192
39208
39361
39365
39386
39439
39443
39456
39460
39466
39487
39501
39586
39593
39620
39629
39681
39718
39762
39797
39825
39826
39827
39846
39850
39858
40013
40086
40087
40088
40120
40134
40141
40181
40194
40270
40293
40379
40425
40507
40513
40536
40539
40566
40585
40591
40603
40636
40684
40692
40693
40713
40767
40784
40801
40804
40807
40821
40862
40917
40940
40950
40966
40989
41005
41009
41019
41064
41077
41165
41184
41202
41266
41278
41318
41320
41355
41399
41457
41467
41605
41612
41628
41629
41649
41652
41657
41659
41688
41707
41741
41773
41792
41826
41854
41856
41901
41974
41978
41997
42011
42017
42035
42037
42042
42067
42069
42091
42120
42211
42305
42354
42359
42383
42392
42398
42463
42527
42603
42604
42611
42630
42636
42639
42656
42658
42664
42665
42680
42681
42689
42761
42767
42776
42779
42785
42792
42808
42825
42858
42890
43004
43012
43067
43079
43080
43085
43094
43101
43143
43197
43200
43201
43248
43294
43362
43368
43432
43436
43467
43469
43470
43510
43565
43586
43598
43605
43658
43659
43670
43722
43774
43813
43838
43844
43872
43942
43964
43965
43972
43991
43995
43998
44005
44007
44012
44013
44033
44042
44080
44116
44152
44183
44207
44213
44243
44245
44256
44269
44274
44287
44292
44328
44354
44425
44428
44474
44490
44496
44515
44520
44524
44528
44576
44589
44595
44618
44629
44642
44700
44728
44746
44797
44801
44827
44828
44831
44835
44906
44918
44929
44967
44971
44975
44988
45013
45041
45053
45074
45125
45127
45149
45169
45239
45257
45258
45259
45260
45263
45274
45275
45280
45285
45290
45293
45301
45309
45327
45333
45363
45371
45381
45388
45395
45400
45417
45419
45446
45450
45453
45460
45461
45482
45484
45591
45621
45625
45627
45662
45678
45735
45740
45840
45848
45854
45855
45907
45947
45951
46003
46067
46072
46091
46126
46139
46175
46232
46236
46290
46295
46301
46315
46394
46414
46452
46478
46519
46562
46566
46568
46576
46578
46595
46603
46611
46626
46638
46688
46724
46762
46773
46782
46820
46930
47053
47093
47129
47147
47148
47226
47228
47238
47264
47278
47342
47425
47443
47504
47506
47516
47628
47680
47713
47715
47789
47795
47802
47806
47862
47865
47876
47879
47897
47920
47923
47924
47980
48040
48074
48083
48087
48095
48111
48116
48122
48131
48140
48142
48159
48163
48166
48303
48313
48317
48327
48331
48336
48370
48430
48435
48467
48468
48476
48547
48580
48582
48625
48638
48664
48665
48676
48700
48705
48743
48756
48761
48782
48822
48829
48858
48885
48916
48921
48941
48972
48983
48986
48988
48999
49014
49024
49061
49084
49107
49117
49120
49121
49122
49142
49144
49155
49156
49229
49232
49301
49302
49364
49415
49445
49446
49451
49461
49493
49494
49505
49523
49551
49606
49610
49621
49704
49713
49732
49749
49883
49901
49917
49944
49982
49990
50054
50064
50075
50082
50108
50114
50117
50126
50146
50170
50206
50260
50288
50311
50320
50375
50390
50399
50406
50423
50522
50588
50598
50605
50614
50629
50634
50688
50741
50747
50760
50763
50781
50833
50844
50858
50860
50910
50914
50963
50966
50999
51003
51004
51013
51018
51019
51022
51043
51057
51090
51107
51129
51139
51150
51163
51168
51218
51242
51253
51260
51269
51287
51291
51310
51316
51358
51359
51376
51386
51405
51409
51425
51448
51484
51502
51510
51528
51534
51627
51671
51708
51709
51735
51746
51747
51748
51788
51797
51820
51830
51845
51847
51852
51853
51857
51858
51864
51874
51890
51907
51912
51938
51961
51970
51975
52035
52039
52052
52085
52094
52119
52193
52200
52219
52222
52240
52249
52253
52266
52270
52273
52281
52339
52377
52390
52394
52440
52447
52450
52452
52485
52488
52493
52562
52619
52632
52633
52660
52699
52750
52752
52802
52827
52831
52837
52940
52947
52956
52963
52996
53001
53054
53077
53087
53096
53136
53148
53160
53185
53187
53213
53214
53215
53229
53238
53267
53303
53324
53346
53401
53647
53716
53719
53769
53788
53791
53802
53803
53805
53812
53818
53826
53841
53844
53890
54081
54111
54113
54200
54206
54207
54233
54251
54292
54311
54321
54329
54341
54421
54456
54460
54478
54544
54584
54595
54597
54611
54620
54624
54638
54670
54672
54678
54689
54691
54701
54784
54895
54899
54900
54921
54963
54971
54983
54997
55020
55024
55036
55057
55062
55071
55083
55102
55111
55127
55147
55161
55162
55187
55201
55211
55243
55254
55329
55365
55373
55414
55453
55663
55678
55686
55706
55721
55729
55820
55838
55841
55843
55887
55998
56009
56045
56047
56053
56097
56118
56127
56157
56192
56254
56280
56337
56338
56421
56446
56455
56525
56546
56560
56595
56633
56642
56645
56651
56668
56674
56683
56690
56708
56731
56732
56799
56895
56947
56983
56993
56999
57024
57072
57092
57094
57161
57162
57175
57176
57186
57203
57205
57206
57237
57307
57316
57360
57372
57373
57417
57451
57471
57484
57503
57511
57516
57523
57532
57546
57606
57621
57636
57638
57641
57642
57648
57655
57673
57734
57743
57811
57824
57863
57868
57892
57902
57936
57939
57962
58015
58025
58032
58086
58095
58110
58113
58129
58134
58162
58167
58177
58193
58213
58249
58253
58255
58317
58320
58336
58337
58338
58339
58351
58391
58413
58422
58430
58459
58464
58502
58517
58569
58580
58621
58624
58656
58665
58669
58772
58901
58907
58911
58930
58962
58987
59001
59040
59052
59060
59065
59101
59136
59138
59171
59187
59203
59288
59295
59298
59303
59337
59339
59363
59367
59372
59394
59411
59430
59471
59499
59534
59568
59668
59713
59729
59766
59769
59785
59788
59796
59797
59833
59854
59859
59907
59919
59937
60012
60072
60142
60155
60163
60181
60323
60361
60362
60363
60420
60543
60544
60551
60562
60601
60607
60642
60708
60730
60739
60825
60861
60899
60939
60969
61019
61061
61095
61111
61268
61272
61276
61282
61299
61347
61351
61356
61371
61419
61460
61467
61560
61600
61614
61628
61642
61664
61669
61752
61828
61833
61904
61931
61968
62025
62132
62150
62158
62159
62168
62204
62224
62275
62278
62317
62319
62362
62404
62424
62442
62490
62572
62573
62612
62618
62652
62672
62676
62694
62703
62726
62727
62768
62858
62864
62899
62902
63008
63016
63051
63054
63059
63155
63184
63227
63254
63266
63271
63317
63325
63344
63384
63453
63552
63553
63558
63588
63591
63641
63652
63671
63678
63713
63739
63779
63785
63873
63878
63905
63909
63943
64011
64035
64105
64109
64115
64140
64154
64155
64201
64232
64281
64316
64319
64368
64424
64425
64458
64483
64584
64600
64609
64619
64634
64654
64692
64696
64735
64755
64808
64835
64879
64918
64923
64946
64975
64976
65000
65044
65047
65087
65103
65144
65171
65268
65279
65342
65355
65455
65465
65496
65545
65554
65567
65578
65596
65599
65652
65670
65693
65744
65746
65764
65769
65771
65801
65805
65820
65823
65845
65871
65946
65996
66002
66011
66066
66067
66076
66080
66081
66093
66104
66144
66145
66226
66235
66246
66333
66500
66567
66569
66576
66595
66673
66729
66771
66781
66784
66848
66851
66865
66924
66926
66928
66929
66936
66965
66974
66976
66987
66992
67004
67018
67059
67060
67116
67140
67150
67247
67273
67365
67372
67373
67376
67384
67435
67450
67498
67502
67507
67510
67532
67580
67582
67583
67624
67649
67661
67724
67785
67801
67802
67826
67834
67849
67859
67899
67901
67932
67977
67987
67996
68034
68098
68110
68118
68127
68209
68215
68242
68286
68296
68317
68332
68364
68368
68393
68405
68470
68479
68513
68584
68661
68786
68804
68834
68844
68881
68884
68885
68925
68949
68955
69002
69017
69039
69065
69096
69138
69151
69166
69197
69207
69210
69228
69369
69378
69409
69419
69460
69540
69547
69645
69793
69810
69853
69858
69893
69912
69930
69933
69955
69970
70004
70008
70038
70099
70106
70150
70176
70200
70214
70227
70243
70256
70258
70345
70353
70404
70408
70415
70425
70430
70447
70450
70460
70479
70563
70565
70573
70580
70651
70665
70670
70673
70693
70731
70741
70757
70789
70826
70850
70895
70974
70998
71088
71140
71156
71179
71210
71226
71273
71285
71311
71341
71347
71363
71496
71534
71537
71607
71654
71702
71715
71727
71734
71768
71808
71833
71841
71887
71892
71943
71949
71973
72012
72038
72075
72079
72083
72089
72091
72095
72110
72114
72116
72147
72152
72154
72281
72288
72338
72342
72355
72412
72421
72461
72473
72474
72478
72479
72487
72492
72552
72607
72639
72730
72735
72763
72769
72774
72777
72794
72813
72822
72848
72935
72993
73005
73061
73068
73073
73083
73225
73236
73256
73278
73279
73293
73307
73318
73366
73461
73532
73541
73546
73599
73626
73631
73633
73637
73648
73660
73697
73718
73759
73773
73832
73846
73915
73919
73938
73948
73996
74101
74123
74180
74197
74234
74254
74271
74289
74310
74363
74373
74399
74432
74518
74523
74533
74565
74607
74673
74678
74692
74696
74793
74817
74891
74916
74929
74948
74963
74974
75007
75037
75062
75095
75107
75119
75159
75171
75193
75243
75269
75302
75314
75367
75415
75450
75487
75490
75491
75508
75514
75529
75549
75613
75623
75625
75630
75632
75686
75692
75752
75759
75768
75843
75877
75898
75903
75912
75928
75940
75945
75947
76034
76055
76060
76068
76132
76159
76163
76324
76326
76393
76490
76518
76530
76536
76559
76571
76629
76636
76666
76714
76725
76728
76795
76811
76896
76987
77013
77021
77049
77059
77079
77083
77121
77146
77168
77169
77198
77203
77206
77235
77241
77281
77330
77364
77372
77373
77379
77389
77397
77420
77441
77482
77512
77624
77634
77641
77642
77657
77667
77689
77691
77696
77697
77699
77741
77752
77772
77805
77845
77846
77867
77869
77872
77902
77929
77948
77957
77963
77966
77969
77999
78062
78075
78076
78110
78131
78133
78134
78140
78152
78165
78233
78255
78287
78322
78334
78395
78432
78434
78452
78522
78527
78533
78587
78592
78594
78598
78619
78665
78667
78673
78693
78726
78789
78799
78802
78844
78858
78893
78935
78953
78978
79016
79033
79036
79102
79127
79149
79165
79170
79193
79218
79223
79296
79346
79387
79413
79471
79477
79526
79529
79531
79541
79557
79563
79586
79606
79611
79633
79639
79660
79663
79669
79677
79684
79752
79754
79914
79917
79926
79927
79929
79944
80003
80012
80033
80036
80067
80090
80093
80107
80109
80115
80127
80193
80216
80221
80225
80251
80263
80288
80313
80330
80333
80348
80385
80399
80433
80459
80460
80468
80488
80503
80531
80618
80630
80644
80682
80714
80723
80754
80764
80775
80777
80796
80820
80835
80882
80883
80887
80897
80902
80993
80994
81118
81132
81172
81262
81263
81291
81308
81426
81517
81539
81540
81544
81592
81677
81682
81698
81720
81721
81806
81818
81819
81825
81829
81830
81831
81837
81908
81920
81930
81946
81950
81952
81983
81984
81985
81988
81992
82002
82007
82019
82035
82122
82161
82248
82270
82284
82290
82345
82360
82362
82394
82413
82417
82531
82542
82581
82603
82670
82735
82852
82876
82878
82914
82964
82970
83027
83042
83079
83098
83127
83157
83161
83164
83166
83244
83252
83273
83288
83406
83419
83421
83455
83460
83484
83498
83541
83626
83667
83670
83672
83679
83682
83708
83727
83756
83812
83815
83822
83842
83933
83940
83957
83979
84097
84103
84105
84109
84112
84114
84135
84136
84141
84150
84154
84156
84157
84160
84168
84178
84181
84202
84210
84314
84375
84378
84396
84458
84463
84471
84514
84604
84620
84625
84647
84658
84734
84783
84808
84977
85032
85066
85072
85142
85200
85216
85239
85337
85378
85386
85399
85400
85453
85492
85494
85500
85502
85506
85555
85573
85626
85671
85699
85706
85724
85735
85745
85761
85806
85844
85907
85949
86025
86066
86074
86086
86149
86169
86195
86260
86322
86371
86465
86471
86476
86488
86539
86544
86562
86567
86570
86575
86576
86577
86610
86626
86650
86652
86686
86809
86827
86832
86840
86875
86884
86970
86974
87017
87129
87141
87167
87222
87223
87442
87451
87453
87490
87513
87518
87532
87550
87554
87589
87590
87661
87672
87723
87731
87780
87796
87807
87830
87834
87853
87930
87957
87965
88004
88027
88097
88104
88184
88212
88264
88324
88348
88353
88357
88363
88370
88387
88397
88423
88428
88429
88463
88464
88469
88479
88495
88508
88529
88533
88538
88556
88571
88580
88594
88599
88601
88605
88615
88620
88650
88666
88673
88680
88681
88701
88720
88741
88752
88759
88785
88793
88828
88848
88882
88899
88900
88945
88975
88976
88983
88990
88997
89001
89038
89051
89060
89093
89099
89163
89176
89177
89221
89274
89295
89313
89318
89322
89353
89374
89398
89399
89402
89408
89413
89462
89478
89487
89491
89500
89518
89525
89578
89593
89658
89674
89677
89725
89771
89793
89842
89874
89895
89934
89951
89978
89998
90036
90066
90127
90135
90138
90144
90178
90179
90188
90208
90241
90248
90258
90280
90290
90351
90364
90367
90389
90391
90545
90658
90668
90685
90703
90804
90817
90844
90887
90901
90942
90950
90962
90964
90969
90979
91029
91048
91079
91108
91135
91154
91165
91186
91204
91218
91251
91258
91346
91423
91465
91475
91500
91503
91520
91533
91556
91569
91699
91726
91730
91756
91761
91764
91775
91777
91787
91789
91791
91804
91808
91827
91835
91892
91896
91943
91964
91971
91980
91983
91987
91988
92002
92003
92181
92190
92199
92290
92324
92338
92339
92346
92349
92357
92360
92365
92373
92399
92400
92409
92457
92467
92507
92509
92525
92529
92533
92543
92558
92561
92569
92623
92645
92739
92793
92794
92846
92851
92854
92884
92885
92932
92937
92949
92977
93030
93063
93075
93093
93096
93140
93176
93188
93196
93218
93248
93299
93315
93322
93327
93330
93355
93403
93427
93462
93513
93570
93628
93682
93741
93770
93790
93813
93903
93922
93938
93939
93940
93944
94041
94059
94067
94087
94097
94100
94188
94202
94207
94210
94224
94229
94231
94265
94268
94405
94437
94466
94477
94493
94514
94605
94758
94766
94838
94844
94859
94865
94908
94916
94920
94930
94947
94965
94966
94968
94971
95077
95101
95107
95109
95116
95126
95170
95245
95247
95255
95258
95299
95304
95328
95380
95387
95396
95414
95436
95445
95478
95485
95502
95504
95512
95527
95534
95551
95561
95576
95579
95615
95623
95639
95676
95710
95745
95765
95768
95780
95784
95798
95852
95879
95945
95968
95972
95982
95994
96003
96005
96079
96122
96131
96165
96170
96207
96243
96263
96293
96297
96306
96340
96342
96362
96368
96387
96431
96505
96509
96519
96561
96601
96630
96661
96665
96672
96677
96684
96693
96695
96700
96702
96706
96712
96716
96718
96749
96753
96812
96819
96848
96862
96873
96909
96923
96963
96964
96981
96983
96984
96997
97021
97027
97032
97111
97148
97217
97244
97246
97316
97330
97364
97366
97388
97397
97405
97447
97497
97538
97539
97654
97665
97684
97714
97771
97773
97780
97802
97832
97833
97835
97842
97852
97870
97872
97883
97901
97903
97946
97956
97974
98017
98025
98027
98070
98071
98075
98080
98110
98155
98157
98162
98193
98204
98209
98249
98259
98272
98321
98345
98372
98423
98452
98477
98489
98497
98499
98502
98530
98538
98550
98587
98613
98619
98624
98626
98684
98706
98720
98748
98756
98765
98820
98835
98837
98839
98842
98856
98857
98859
98862
98885
98906
98918
98946
98952
98956
98964
98971
98977
99018
99036
99038
99045
99046
99067
99069
99102
99117
99126
99135
99140
99172
99211
99256
99314
99355
99418
99430
99431
99486
99501
99514
99538
99607
99661
99664
99680
99692
99695
99732
99781
99815
99825
99862
99894
99916
99941
99959
99984
100012
100048
100101
100106
100142
100264
100275
100295
100298
100299
100310
100320
100389
100426
100527
100594
100659
100690
100691
100697
100707
100713
100717
100753
100757
100758
100817
100818
100846
100870
100883
100890
100919
100929
100989
101036
101114
101168
101210
101225
101230
101235
101365
101437
101495
101540
101541
101563
101596
101608
101614
101635
101638
101668
101673
101744
101874
101879
101885
102043
102131
102166
102224
102232
102261
102263
102291
102301
102328
102370
102394
102406
102408
102422
102424
102486
102507
102512
102539
102607
102608
102653
102668
102687
102692
102755
102883
102888
102899
102950
102959
102994
103013
103018
103024
103046
103083
103091
103109
103157
103199
103219
103223
103225
103247
103274
103290
103313
103320
103329
103365
103388
103406
103412
103430
103440
103446
103458
103461
103478
103486
103540
103597
103602
103606
103608
103609
103626
103643
103676
103696
103748
103779
103789
103798
103830
103837
103844
103846
103861
103882
103905
103907
103926
103959
104021
104074
104075
104091
104096
104119
104144
104209
104231
104305
104310
104330
104346
104354
104365
104380
104381
104389
104420
104441
104466
104482
104608
104611
104615
104623
104656
104735
104789
104818
104840
104841
104881
104911
104938
104948
105005
105023
105049
105079
105090
105098
105119
105131
105133
105136
105154
105172
105257
105302
105308
105314
105358
105364
105371
105393
105454
105462
105463
105472
105486
105490
105498
105534
105580
105615
105629
105663
105696
105700
105720
105732
105772
105774
105778
105789
105797
105816
105830
105876
105877
105949
105957
105979
106012
106027
106042
106067
106069
106072
106095
106098
106141
106163
106288
106310
106324
106331
106334
106403
106452
106455
106456
106555
106561
106566
106598
106635
106637
106654
106662
106686
106687
106703
106812
106815
106837
106844
106848
106869
106891
106902
106924
106953
106978
107005
107050
107060
107065
107081
107090
107104
107118
107124
107126
107147
107200
107284
107305
107309
107350
107391
107445
107474
107501
107545
107615
107644
107646
107647
107664
107665
107667
107710
107732
107738
107743
107755
107758
107817
107826
107853
107865
107879
107884
107963
107966
107991
107992
108037
108060
108099
108111
108118
108119
108122
108136
108138
108139
108157
108162
108208
108210
108214
108217
108264
108285
108292
108314
108315
108341
108342
108354
108358
108362
108428
108431
108578
108636
108667
108702
108708
108709
108712
108713
108724
108725
108738
108765
108766
108775
108778
108781
108830
108837
108838
108840
108851
108859
108896
108962
108975
109038
109077
109111
109126
109134
109140
109164
109189
109220
109287
109293
109297
109302
109316
109354
109415
109462
109469
109470
109487
109504
109518
109588
109621
109624
109625
109632
109678
109680
109737
109845
109851
109871
109874
109928
109942
109975
110029
110084
110108
110118
110129
110131
110153
110163
110216
110249
110287
110333
110343
110344
110383
110389
110418
110515
110522
110538
110631
110636
110689
110715
110797
110813
110849
110854
110860
110986
111131
111161
111166
111175
111187
111209
111218
111219
111235
111277
111306
111315
111386
111394
111399
111418
111423
111466
111483
111517
111521
111553
111558
111559
111574
111582
111589
111592
111596
111675
111683
111693
111708
111737
111782
111911
111932
111971
111997
112008
112051
112059
112088
112136
112182
112203
112294
112300
112303
112304
112311
112314
112323
112325
112364
112380
112440
112530
112598
112632
112638
112641
112661
112791
112812
112827
112831
112864
112867
112877
112879
112884
112892
112898
112938
112945
113020
113045
113106
113128
113129
113163
113164
113209
113262
113286
113374
113376
113379
113409
113422
113461
113465
113470
113493
113501
113513
113534
113544
113591
113616
113642
113643
113662
113667
113679
113696
113747
113769
113786
113799
113805
113811
113819
113823
113835
113849
113854
113877
113881
113900
113908
113914
113923
113925
113947
113956
113963
114014
114041
114052
114084
114106
114134
114145
114329
114372
114407
114418
114466
114470
114480
114496
114527
114573
114609
114619
114661
114666
114682
114725
114772
114793
114828
114848
114851
114852
114900
114909
114912
115051
115074
115085
115089
115167
115169
115184
115192
115197
115220
115223
115228
115236
115303
115318
115336
115339
115446
115447
115518
115533
115545
115572
115575
115582
115621
115646
115648
115650
115674
115738
115746
115758
115775
115879
115918
115927
115942
116043
116054
116061
116069
116073
116154
116179
116263
116285
116296
116300
116342
116357
116382
116390
116414
116478
116498
116508
116518
116532
116617
116618
116657
116707
116708
116758
116759
116852
116857
116970
117036
117042
117063
117073
117086
117231
117235
117243
117245
117247
117284
117301
117302
117330
117349
117396
117445
117450
117452
117465
117488
117492
117549
117600
117608
117621
117623
117636
117665
117682
117686
117760
117817
117821
117825
117832
117836
117839
117922
117931
117956
117964
117991
118007
118016
118031
118034
118068
118070
118080
118096
118130
118147
118157
118160
118188
118244
118248
118286
118336
118347
118348
118382
118398
118413
118492
118507
118509
118535
118574
118580
118584
118597
118636
118652
118672
118673
118724
118727
118739
118777
118813
118825
118863
118883
118900
118928
118936
118979
118997
119008
119039
119105
119122
119195
119212
119226
119229
119258
119287
119300
119325
119334
119337
119347
119398
119400
119410
119441
119471
119512
119557
119578
119657
119670
119682
119686
119692
119725
119733
119770
119780
119781
119798
119821
119843
119858
119864
119905
119915
119945
119994
120036
120061
120073
120078
120116
120146
120183
120211
120219
120246
120271
120275
120388
120401
120404
120416
120450
120477
120497
120511
120518
120592
120608
120644
120687
120710
120712
120871
120879
120886
120889
120934
120943
120954
120973
120993
121140
121240
121249
121260
121268
121326
121334
121345
121378
121385
121390
121393
121404
121410
121413
121418
121477
121526
121557
121596
121604
121620
121749
121763
121805
121815
121842
121851
121857
121910
121927
121928
121936
121981
122005
122039
122067
122091
122131
122133
122173
122178
122181
122192
122257
122258
122265
122275
122295
122343
122406
122445
122586
122601
122638
122668
122672
122745
122747
122788
122798
122820
122872
122873
122896
122905
122943
122958
123019
123020
123043
123045
123048
123064
123074
123077
123095
123101
123103
123105
123133
123134
123168
123224
123228
123233
123246
123314
123323
123333
123341
123432
123440
123473
123477
123497
123500
123513
123562
123572
123587
123596
123600
123609
123624
123631
123692
123720
123724
123735
123738
123767
123777
123779
123848
123894
123924
123929
123967
123987
123992
123995
123998
124060
124117
124266
124278
124294
124307
124354
124380
124451
124530
124558
124626
124666
124739
124750
124764
124769
124850
124889
124893
124908
124938
124952
124963
124968
124971
124977
124990
125009
125032
125044
125045
125057
125083
125112
125131
125140
125144
125162
125188
125212
125214
125280
125284
125289
125306
125450
125509
125579
125590
125647
125654
125726
125730
125796
125859
125916
125919
125923
125926
125977
126002
126026
126036
126049
126076
126092
126096
126098
126134
126167
126223
126252
126265
126270
126277
126353
126389
126468
126485
126490
126530
126564
126574
126597
126638
126639
126640
126719
126749
126772
126792
126862
126930
126962
127014
127018
127026
127075
127165
127170
127180
127193
127229
127248
127268
127270
127278
127298
127320
127326
127360
127361
127369
127395
127421
127422
127423
127441
127501
127550
127562
127592
127698
127791
127795
127796
127798
127801
127868
127966
127982
128017
128020
128029
128039
128041
128051
128076
128082
128083
128084
128087
128105
128119
128120
128125
128131
128136
128144
128166
128180
128199
128219
128235
128327
128336
128339
128343
128347
128362
128365
128368
128382
128418
128425
128439
128441
128447
128450
128459
128500
128529
128536
128594
128648
128651
128655
128668
128685
128717
128749
128767
128773
128790
128800
128807
128809
128824
128877
128921
128924
128925
128930
128951
128954
129007
129055
129058
129089
129093
129145
129154
129203
129263
129281
129327
129359
129381
129383
129413
129492
129537
129545
129563
129607
129633
129653
129729
129734
129739
129784
129800
129801
129814
129816
129818
129850
129891
129895
129900
129909
129933
129974
129975
130002
130044
130050
130063
130201
130240
130295
130305
130387
130392
130421
130529
130552
130566
130569
130577
130581
130589
130592
130596
130603
130614
130646
130683
130733
130750
130767
130773
130779
130805
130850
130928
130983
131007
131030
131060
131064
131065
131066
131085
131096
131099
131137
131140
131146
131175
131184
131199
131201
131271
131273
131285
131298
131326
131329
131341
131345
131383
131405
131427
131430
131436
131441
131503
131526
131527
131543
131548
131560
131584
131642
131667
131683
131694
131709
131751
131787
131799
131882
131898
131916
131938
132046
132064
132074
132093
132109
132119
132129
132130
132142
132153
132173
132200
132201
132214
132221
132282
132290
132302
132311
132318
132322
132474
132526
132527
132531
132554
132555
132580
132652
132708
132744
132773
132784
132803
132822
132826
132828
132925
132955
132972
132985
133045
133088
133103
133115
133135
133144
133185
133219
133228
133269
133287
133290
133366
133382
133423
133446
133484
133487
133559
133581
133582
133586
133606
133628
133701
133715
133744
133775
133919
133923
133934
133959
133976
134009
134021
134029
134102
134134
134139
134189
134223
134245
134259
134336
134338
134382
134388
134391
134396
134418
134419
134423
134432
134465
134474
134481
134502
134504
134561
134600
134605
134613
134642
134659
134673
134779
134783
134785
134793
134794
134796
134797
134805
134810
134817
134821
134823
134847
134889
134893
134922
134947
134992
135021
135110
135114
135116
135134
135167
135197
135233
135259
135272
135278
135361
135371
135382
135386
135409
135432
135445
135503
135634
135659
135681
135685
135686
135693
135749
135756
135839
135855
135863
135866
135877
135913
135932
135949
135950
135955
135994
136057
136077
136099
136114
136138
136139
136152
136153
136155
136156
136203
136226
136232
136243
136269
136284
136292
136299
136324
136329
136395
136399
136404
136406
136410
136415
136421
136507
136521
136548
136620
136684
136688
136692
136704
136721
136754
136843
136848
136853
136858
136931
136937
136992
136993
137039
137044
137102
137151
137183
137204
137208
137242
137271
137288
137311
137337
137356
137398
137399
137404
137405
137469
137517
137541
137548
137584
137596
137601
137617
137653
137687
137691
137710
137727
137763
137793
137795
137894
137895
137916
137957
137972
137982
138212
138251
138306
138417
138452
138469
138493
138496
138527
138565
138568
138588
138589
138609
138610
138617
138655
138691
138703
138708
138805
138867
138893
138907
138934
138950
138965
138968
139028
139101
139105
139127
139141
139151
139205
139207
139223
139253
139274
139313
139339
139352
139354
139384
139437
139516
139537
139540
139570
139608
139634
139666
139739
139742
139804
139813
139821
139826
139830
139859
139876
139885
139928
139945
139948
139950
139951
139954
139957
139964
139969
139974
139994
140004
140044
140083
140093
140119
140211
140245
140249
140278
140305
140308
140311
140346
140350
140353
140356
140358
140367
140370
140376
140392
140441
140444
140487
140500
140508
140516
140542
140547
140552
140553
140591
140598
140634
140648
140658
140682
140730
140776
140798
140817
140832
140855
140862
140915
141021
141037
141069
141091
141119
141135
141154
141164
141173
141176
141186
141190
141196
141232
141290
141389
141473
141497
141518
141598
141610
141615
141652
141692
141740
141754
141762
141767
141768
141794
141801
141805
141811
141814
141816
141818
141822
141839
141846
141848
141856
141861
141865
141914
141920
141976
141977
141979
141985
142067
142089
142091
142094
142095
142097
142102
142105
142118
142119
142121
142134
142163
142166
142171
142180
142182
142191
142194
142205
142239
142265
142342
142354
142375
142379
142382
142384
142386
142391
142393
142435
142436
142449
142459
142471
142502
142505
142535
142540
142544
142587
142592
142646
142650
142663
142669
142673
142689
142695
142700
142705
142759
142787
142803
142851
142854
142868
142890
142962
142965
143067
143078
143102
143114
143122
143228
143248
143288
143308
143311
143329
143348
143374
143417
143427
143451
143453
143473
143477
143524
143529
143553
143570
143599
143642
143646
143670
143684
143685
143691
143717
143761
143772
143776
143780
143793
143796
143916
143941
143946
144055
144078
144137
144139
144156
144164
144181
144197
144226
144305
144333
144347
144354
144362
144398
144408
144434
144435
144461
144474
144476
144534
144538
144580
144586
144596
144686
144710
144729
144777
144781
144799
144803
144812
144851
144873
144886
144889
144936
144975
144993
145008
145015
145054
145073
145109
145145
145205
145207
145227
145231
145248
145259
145272
145299
145322
145345
145399
145406
145409
145414
145427
145438
145452
145462
145477
145491
145495
145523
145528
145548
145551
145561
145567
145575
145639
145650
145714
145719
145763
145811
145833
145866
145875
145876
145948
145968
145974
145981
146003
146009
146016
146047
146054
146059
146062
146065
146095
146103
146110
146143
146146
146153
146156
146170
146181
146189
146199
146220
146266
146286
146297
146301
146308
146326
146338
146345
146364
146399
146410
146435
146490
146494
146541
146549
146556
146589
146595
146631
146685
146710
146727
146773
146776
146806
146816
146841
146844
146865
146911
146919
146927
146940
146952
146964
146996
147008
147039
147043
147074
147201
147215
147217
147237
147239
147244
147272
147274
147324
147337
147348
147380
147391
147402
147409
147413
147428
147440
147442
147468
147503
147533
147536
147537
147542
147554
147581
147617
147667
147749
147753
147754
147805
147821
147834
147876
147878
147886
147889
147900
147916
147964
147991
147999
148003
148010
148015
148025
148050
148058
148068
148079
148101
148171
148205
148209
148245
148255
148285
148296
148297
148312
148313
148314
148316
148356
148365
148367
148409
148411
148419
148448
148488
148536
148590
148592
148638
148640
148643
148645
148648
148649
148651
148660
148665
148684
148695
148749
148756
148788
148812
148829
148841
148848
148853
148876
148887
148900
148967
149002
149003
149012
149013
149017
149023
149038
149093
149106
149111
149173
149208
149216
149230
149262
149294
149335
149401
149480
149493
149563
149591
149617
149624
149641
149666
149719
149777
149816
149821
149898
149900
149939
149944
149958
149971
149986
150016
150050
150094
150133
150153
150168
150191
150218
150317
150335
150351
150382
150406
150434
150440
150442
150457
150495
150579
150591
150600
150602
150614
150662
150677
150713
150737
150771
150773
150774
150776
150802
150805
150812
150826
150839
150840
150944
150945
150948
150983
151107
151130
151132
151149
151158
151173
151183
151186
151213
151225
151239
151263
151270
151345
151361
151364
151367
151375
151389
151420
151422
151496
151518
151547
151563
151582
151603
151634
151652
151690
151707
151714
151750
151751
151752
151769
151814
151838
151858
151862
151878
151885
151903
151983
152009
152020
152057
152062
152063
152072
152076
152090
152122
152137
152164
152167
152192
152219
152227
152361
152408
152412
152530
152532
152535
152539
152564
152599
152610
152669
152706
152760
152855
152861
152871
152918
152921
153005
153006
153032
153050
153084
153134
153136
153200
153244
153259
153284
153324
153390
153396
153482
153494
153539
153563
153568
153573
153574
153575
153578
153585
153619
153691
153742
153760
153778
153785
153809
153817
153820
153828
153856
153874
153884
153891
153892
153932
153959
153967
154005
154011
154029
154116
154151
154207
154261
154284
154289
154305
154341
154364
154374
154391
154394
154430
154438
154470
154505
154556
154573
154578
154606
154609
154630
154634
154636
154637
154655
154658
154668
154777
154797
154822
154838
154867
154869
154920
154932
154948
154959
154975
154978
154998
155004
155022
155042
155047
155069
155072
155083
155113
155161
155163
155186
155189
155191
155233
155293
155299
155324
155364
155368
155397
155409
155413
155440
155442
155454
155458
155460
155541
155564
155579
155613
155697
155705
155800
155809
155832
155838
155861
155873
155883
155914
155917
155946
155951
155962
155981
155992
156041
156058
156125
156220
156229
156233
156316
156325
156381
156412
156413
156467
156469
156509
156526
156530
156561
156609
156614
156685
156743
156744
156786
156815
156901
156914
156915
156932
156941
156979
156987
156993
157007
157037
157056
157090
157098
157117
157123
157270
157296
157308
157313
157389
157396
157413
157428
157443
157517
157524
157526
157549
157550
157551
157552
157575
157599
157620
157656
157681
157690
157754
157758
157767
157801
157848
157872
157882
157895
157912
157927
157951
157972
157996
158080
158089
158098
158102
158216
158280
158345
158364
158374
158529
158562
158603
158669
158725
158732
158735
158786
158796
158802
158840
158878
158880
158889
158924
158925
158976
159012
159037
159051
159101
159144
159168
159208
159221
159248
159278
159409
159414
159421
159434
159443
159447
159463
159513
159563
159587
159597
159655
159753
159758
159776
159797
159823
159825
159844
159876
159989
160016
160025
160040
160067
160084
160087
160142
160159
160236
160275
160302
160308
160312
160329
160342
160359
160367
160370
160371
160387
160391
160394
160448
160456
160488
160517
160532
160535
160554
160562
160564
160601
160633
160640
160657
160667
160669
160675
160691
160717
160719
160725
160758
160771
160784
160790
160818
160823
160827
160831
160834
160838
160888
160936
160988
160994
160996
160997
160999
161006
161052
161116
161124
161141
161191
161196
161273
161279
161311
161312
161326
161391
161415
161437
161444
161461
161484
161526
161528
161555
161644
161666
161714
161731
161737
161772
161780
161791
161794
161804
161817
161860
161875
161876
161884
161890
161907
161924
161960
162048
162050
162068
162083
162092
162127
162263
162303
162317
162342
162371
162488
162507
162520
162532
162533
162546
162578
162582
162588
162604
162613
162631
162634
162640
162657
162722
162794
162795
162798
162818
162827
162867
162896
162941
162974
162985
162986
163025
163069
163079
163159
163160
163180
163193
163211
163249
163266
163327
163343
163380
163388
163422
163432
163449
163476
163485
163517
163523
163526
163539
163591
163610
163729
163800
163805
163809
163814
163815
163833
163844
163852
163855
163857
163904
163911
163940
163950
163964
163985
164058
164075
164085
164102
164129
164133
164150
164208
164216
164221
164247
164258
164260
164261
164273
164281
164300
164313
164328
164435
164442
164449
164461
164568
164569
164583
164601
164607
164645
164655
164673
164679
164717
164735
164738
164743
164753
164756
164764
164781
164805
164885
164897
164960
165037
165041
165046
165050
165054
165078
165107
165109
165130
165138
165188
165189
165191
165195
165205
165292
165321
165353
165363
165368
165382
165385
165408
165418
165454
165465
165495
165501
165503
165541
165551
165552
165559
165564
165567
165573
165576
165595
165597
165599
165605
165621
165631
165634
165641
165676
165726
165729
165746
165753
165778
165821
165824
165846
165885
165903
165992
166021
166101
166139
166165
166183
166190
166199
166278
166320
166328
166335
166340
166355
166385
166387
166388
166410
166461
166466
166468
166473
166523
166524
166535
166575
166584
166607
166628
166690
166693
166711
166737
166802
166805
166815
166838
166868
166907
166937
166941
166956
166959
166960
166984
167047
167062
167076
167167
167198
167208
167242
167256
167258
167338
167341
167346
167356
167374
167402
167445
167446
167493
167495
167498
167499
167505
167514
167591
167678
167727
167751
167756
167759
167806
167809
167833
167837
167846
167879
167936
167937
167947
167962
167978
167981
167993
168014
168016
168027
168040
168062
168090
168093
168105
168106
168159
168199
168245
168358
168360
168365
168372
168391
168395
168408
168455
168460
168496
168498
168506
168510
168524
168528
168589
168650
168683
168738
168775
168777
168786
168847
168921
168924
168942
168967
168974
168978
169057
169058
169085
169123
169194
169195
169196
169265
169279
169290
169291
169330
169363
169394
169412
169425
169509
169511
169519
169520
169535
169539
169654
169698
169720
169726
169747
169762
169766
169769
169775
169784
169791
169832
169857
169861
169875
169910
169937
169940
169976
170001
170008
170020
170056
170076
170113
170159
170169
170240
170269
170282
170311
170329
170344
170348
170351
170357
170361
170370
170379
170407
170430
170440
170508
170541
170543
170560
170569
170578
170581
170588
170600
170701
170826
170827
170828
170857
170863
170894
170922
170923
170926
170931
171129
171130
171170
171250
171263
171272
171322
171324
171413
171480
171501
171580
171593
171630
171641
171661
171679
171691
171702
171716
171717
171741
171746
171750
171755
171775
171783
171875
171945
171954
172043
172060
172070
172153
172178
172237
172249
172257
172266
172274
172286
172301
172311
172348
172364
172372
172410
172440
172446
172472
172487
172489
172495
172496
172508
172517
172522
172558
172583
172606
172617
172667
172670
172699
172700
172771
172848
172884
172897
172908
172920
172921
172941
172991
173012
173037
173070
173081
173088
173100
173118
173220
173250
173297
173350
173356
173379
173434
173442
173452
173494
173496
173582
173590
173629
173633
173703
173717
173719
173721
173734
173759
173764
173765
173771
173801
173806
173879
173902
173906
173940
174008
174010
174064
174146
174151
174154
174155
174159
174292
174350
174382
174414
174494
174519
174528
174544
174624
174658
174697
174700
174704
174740
174750
174760
174785
174802
174819
174822
174832
174874
174952
174975
174995
175015
175125
175172
175177
175183
175188
175211
175269
175272
175295
175319
175327
175345
175357
175361
175382
175395
175406
175424
175436
175453
175504
175507
175511
175514
175544
175573
175582
175644
175673
175692
175706
175753
175766
175805
175817
175876
175877
175982
176049
176087
176102
176104
176105
176106
176108
176134
176139
176154
176165
176184
176203
176268
176280
176319
176330
176338
176340
176345
176356
176371
176372
176373
176375
176428
176433
176459
176466
176480
176486
176494
176567
176611
176619
176627
176641
176652
176659
176662
176695
176717
176773
176775
176779
176800
176824
176835
176853
176856
176864
176869
176872
176894
176897
176909
176937
176948
176951
176986
177006
177028
177029
177034
177055
177218
177242
177250
177254
177255
177265
177299
177313
177318
177329
177335
177339
177352
177389
177390
177397
177401
177446
177455
177473
177483
177500
177520
177522
177539
177540
177547
177575
177607
177614
177619
177642
177675
177684
177699
177708
177774
177782
177794
177815
177860
177965
178041
178137
178163
178182
178192
178197
178218
178243
178244
178247
178250
178261
178262
178284
178345
178354
178358
178368
178397
178431
178477
178524
178601
178628
178671
178673
178702
178728
178729
178738
178740
178767
178794
178846
178866
178934
178959
178982
178983
178995
179111
179125
179130
179142
179158
179221
179255
179259
179278
179286
179287
179301
179311
179325
179362
179370
179423
179494
179507
179510
179531
179551
179558
179602
179617
179669
179671
179673
179704
179756
179779
179787
179791
179792
179798
179801
179810
179811
179836
179841
179844
179867
179918
179925
179928
179960
179974
180066
180083
180113
180115
180118
180134
180137
180142
180169
180173
180178
180198
180211
180226
180254
180300
180310
180390
180403
180408
180463
180496
180520
180543
180596
180597
180625
180627
180644
180651
180658
180659
180709
180727
180749
180763
180768
180782
180799
180801
180802
180809
180832
180851
180866
180871
180918
180922
180966
180969
180973
181014
181076
181085
181098
181107
181163
181173
181183
181237
181246
181342
181355
181406
181410
181470
181471
181475
181483
181495
181510
181520
181575
181599
181607
181616
181631
181702
181710
181717
181740
181777
181779
181780
181784
181788
181804
181830
181835
181847
181920
181950
181963
181977
181983
182010
182015
182030
182056
182100
182147
182148
182158
182170
182173
182189
182190
182206
182207
182212
182232
182245
182249
182250
182262
182277
182297
182318
182348
182353
182354
182355
182387
182420
182501
182566
182571
182572
182575
182578
182581
182587
182624
182626
182627
182630
182632
182640
182643
182649
182675
182704
182709
182786
182810
182907
182915
182948
182962
182964
182966
182975
183012
183022
183057
183102
183110
183127
183178
183186
183190
183211
183255
183267
183298
183305
183330
183336
183358
183365
183371
183404
183486
183497
183506
183509
183514
183523
183533
183536
183542
183546
183553
183586
183644
183704
183712
183729
183747
183756
183805
183835
183849
183889
183906
183939
183969
183972
183982
183996
184055
184058
184071
184085
184111
184144
184181
184202
184250
184283
184309
184320
184335
184341
184354
184399
184466
184471
184475
184476
184488
184497
184634
184647
184650
184700
184824
184847
184981
184983
184995
185027
185055
185178
185185
185194
185209
185215
185226
185232
185242
185254
185289
185321
185363
185405
185446
185490
185518
185561
185573
185656
185673
185727
185752
185756
185780
185790
185791
185798
185804
185819
185852
185968
185972
185978
185979
185994
185998
186019
186026
186045
186061
186070
186075
186088
186089
186094
186096
186172
186198
186214
186305
186306
186423
186433
186467
186504
186542
186548
186563
186580
186606
186607
186611
186663
186667
186677
186678
186689
186706
186719
186725
186738
186774
186779
186808
186817
186875
186879
186881
186883
186961
186962
186972
187008
187025
187035
187055
187066
187078
187106
187122
187132
187134
187163
187169
187171
187212
187242
187271
187320
187358
187359
187406
187442
187564
187592
187603
187608
187650
187699
187747
187751
187756
187769
187789
187801
187840
187903
187943
187981
188000
188013
188019
188044
188065
188092
188125
188138
188143
188208
188217
188222
188225
188306
188323
188347
188398
188406
188437
188443
188521
188529
188539
188554
188577
188584
188589
188592
188646
188677
188696
188705
188759
188776
188786
188789
188825
188829
188865
188875
188878
188913
188916
188926
188948
188950
188957
188969
188987
188996
189024
189027
189039
189044
189048
189049
189051
189054
189059
189063
189068
189094
189115
189150
189185
189200
189208
189209
189249
189285
189288
189290
189294
189313
189340
189414
189418
189446
189454
189514
189518
189521
189525
189552
189584
189588
189591
189610
189621
189655
189658
189717
189726
189742
189758
189788
189804
189844
189848
189857
189858
189889
189945
189967
189989
189993
190014
190044
190052
190063
190110
190134
190174
190178
190180
190182
190188
190198
190249
190325
190332
190338
190346
190363
190368
190378
190385
190394
190395
190398
190406
190412
190413
190422
190423
190448
190461
190468
190469
190488
190531
190539
190556
190576
190583
190588
190602
190621
190644
190655
190684
190688
190690
190700
190822
190829
190869
190905
190911
191057
191072
191109
191113
191126
191181
191232
191236
191252
191269
191293
191316
191359
191417
191426
191428
191433
191441
191442
191458
191559
191599
191628
191658
191696
191728
191751
191769
191770
191815
191823
191879
191884
191925
191930
191935
191968
191975
191976
191979
191999
192002
192004
192037
192053
192099
192199
192203
192205
192210
192273
192281
192299
192311
192317
192335
192355
192361
192369
192458
192501
192524
192551
192565
192570
192582
192657
192665
192693
192717
192718
192727
192730
192731
192765
192775
192780
192800
192805
192806
192819
192862
192877
192905
192910
192916
192937
192980
193069
193078
193089
193155
193175
193185
193192
193243
193248
193255
193268
193273
193285
193289
193294
193297
193351
193358
193367
193371
193374
193378
193385
193406
193422
193464
193477
193480
193496
193518
193563
193570
193590
193591
193642
193649
193658
193669
193675
193723
193750
193757
193817
193856
193857
193935
193941
193956
193959
193963
193971
193989
194012
194026
194042
194048
194068
194092
194139
194161
194213
194216
194223
194228
194245
194251
194329
194331
194338
194345
194375
194394
194395
194413
194414
194438
194486
194487
194571
194578
194634
194640
194648
194672
194734
194736
194737
194742
194744
194747
194793
194809
194894
194972
195013
195050
195059
195069
195107
195120
195125
195139
195148
195164
195228
195230
195266
195321
195328
195347
195361
195398
195407
195411
195434
195435
195494
195503
195507
195524
195537
195544
195545
195583
195591
195618
195621
195629
195653
195658
195691
195694
195699
195704
195708
195716
195733
195734
195742
195819
195860
195864
195869
195880
195884
195885
195892
195901
195916
195935
195938
195941
195977
195997
196063
196069
196071
196072
196083
196114
196126
196137
196138
196142
196161
196172
196183
196185
196195
196206
196208
196209
196215
196218
196224
196232
196236
196244
196301
196328
196331
196344
196346
196347
196350
196356
196362
196364
196390
196400
196410
196413
196417
196421
196423
196431
196436
196462
196482
196491
196515
196542
196544
196561
196575
196591
196613
196618
196627
196647
196655
196672
196694
196702
196773
196801
196802
196803
196810
196813
196814
196825
196827
196830
196840
196844
196845
196855
196857
196866
196872
196885
196889
196925
196942
196950
196959
196966
196972
196977
196980
196986
196988
197003
197008
197044
197049
197050
197051
197065
197068
197149
197252
197290
197292
197296
197298
197308
197322
197369
197382
197387
197403
197421
197424
197433
197462
197464
197465
197469
197482
197489
197536
197537
197549
197550
197568
197586
197604
197609
197610
197619
197633
197635
197658
197672
197674
197680
197699
197700
197705
197715
197721
197730
197749
197751
197753
197755
197776
197779
197790
197924
197954
197960
198115
198121
198153
198193
198194
198197
198213
198271
198294
198301
198305
198308
198317
198318
198319
198332
198334
198343
198401
198423
198432
198465
198473
198551
198561
198563
198568
198572
198575
198593
198625
198629
198636
198743
198786
198800
198801
198808
198846
198871
198892
198925
198927
198940
198960
198993
199000
199118
199133
199176
199207
199225
199273
199296
199320
199321
199361
199376
199398
199401
199410
199455
199484
199488
199524
199559
199584
199593
199606
199635
199666
199674
199678
199720
199778
199783
199804
199863
199890
199920
199968
199987
200002
200023
200041
200066
200070
200113
200136
200141
200161
200234
200236
200271
200289
200299
200312
200321
200322
200331
200332
200344
200363
200374
200377
200474
200482
200506
200508
200523
200584
200663
200670
200681
200682
200684
200695
200783
200790
200829
200910
200933
200934
200946
200963
201016
201035
201039
201049
201163
201183
201189
201209
201227
201237
201254
201264
201294
201314
201316
201339
201347
201354
201355
201409
201412
201421
201451
201454
201481
201499
201512
201517
201538
201576
201580
201588
201614
201616
201618
201677
201748
201768
201799
201819
201820
201826
201835
201865
201880
201897
201911
201915
201935
201963
201971
201990
202001
202013
202014
202015
202018
202020
202021
202028
202080
202126
202189
202226
202256
202363
202385
202404
202424
202463
202471
202472
202483
202503
202526
202550
202593
202625
202648
202670
202681
202732
202739
202750
202754
202757
202765
202780
202789
202838
202844
202849
202853
202859
202948
202950
202953
202958
202977
202996
203012
203047
203076
203087
203098
203112
203116
203123
203127
203131
203133
203136
203137
203141
203143
203159
203182
203183
203227
203348
203359
203371
203421
203440
203473
203476
203482
203483
203504
203505
203522
203529
203558
203635
203648
203698
203724
203726
203735
203737
203739
203747
203759
203776
203781
203788
203802
203819
203822
203840
203861
203862
203868
203889
203896
203915
203923
204054
204056
204078
204096
204100
204118
204131
204158
204171
204177
204213
204229
204231
204236
204249
204269
204276
204304
204316
204340
204362
204397
204460
204462
204467
204475
204549
204577
204602
204618
204644
204701
204747
204753
204838
204861
204908
204924
204971
204980
205061
205093
205112
205113
205176
205216
205319
205346
205362
205373
205407
205414
205451
205558
205579
205592
205614
205704
205717
205725
205748
205783
205856
205866
205915
205922
205937
205952
205959
206018
206019
206071
206072
206091
206123
206147
206189
206198
206210
206213
206216
206236
206275
206299
206343
206392
206422
206436
206445
206493
206647
206653
206685
206689
206813
206818
206819
206841
206848
206895
206901
206905
206910
206915
206917
206923
206936
206942
206959
207003
207007
207101
207130
207168
207170
207182
207183
207206
207212
207217
207220
207262
207282
207297
207298
207342
207356
207381
207415
207428
207464
207599
207634
207718
207751
207757
207773
207818
207844
207847
207857
207859
207881
207882
207886
207899
207975
207976
207996
208035
208040
208096
208097
208105
208112
208129
208143
208163
208166
208173
208293
208305
208307
208412
208423
208428
208451
208453
208499
208513
208562
208563
208621
208625
208648
208685
208708
208728
208746
208797
208810
208813
208903
208934
208936
208948
208959
208977
208978
208979
209010
209100
209109
209123
209126
209148
209159
209169
209235
209240
209246
209288
209336
209352
209440
209447
209495
209562
209563
209571
209623
209700
209763
209764
209810
209827
209830
209835
209863
209915
209936
209941
209971
209974
210075
210078
210090
210095
210108
210120
210122
210130
210154
210165
210166
210206
210224
210228
210231
210283
210300
210311
210338
210346
210365
210373
210378
210436
210452
210461
210471
210473
210477
210505
210517
210537
210540
210578
210583
210607
210619
210743
210772
210791
210794
210831
210949
210973
210984
210996
211053
211061
211063
211065
211068
211069
211073
211085
211133
211155
211169
211221
211251
211256
211287
211288
211289
211300
211302
211340
211349
211369
211372
211382
211444
211464
211523
211640
211643
211645
211658
211681
211696
211720
211743
211829
211852
211869
211874
211879
211882
211897
211938
211951
211964
211978
211984
211998
212037
212066
212074
212091
212096
212127
212131
212134
212135
212160
212185
212188
212286
212302
212339
212341
212342
212370
212396
212466
212508
212559
212576
212580
212606
212661
212723
212731
212735
212763
212765
212851
212857
212867
212928
212953
213002
213010
213047
213058
213060
213061
213078
213102
213110
213124
213125
213154
213156
213172
213174
213199
213201
213211
213223
213239
213249
213277
213282
213284
213287
213331
213383
213384
213400
213414
213440
213458
213459
213492
213498
213508
213510
213544
213599
213605
213663
213683
213690
213696
213731
213733
213742
213751
213774
213780
213781
213820
213821
213824
213828
213834
213860
213875
213946
214014
214102
214144
214187
214216
214251
214261
214303
214306
214309
214315
214316
214317
214322
214349
214444
214482
214512
214587
214639
214643
214668
214699
214711
214738
214788
214814
214836
214837
214873
214884
214894
214932
214976
214989
215018
215044
215045
215049
215054
215060
215080
215153
215189
215200
215218
215280
215317
215332
215333
215343
215407
215457
215503
215515
215531
215549
215554
215573
215616
215670
215677
215692
215708
215736
215742
215765
215772
215775
215829
215842
215868
215869
215873
215885
215886
215915
215982
216025
216031
216050
216059
216064
216068
216125
216130
216141
216156
216178
216192
216213
216215
216237
216285
216288
216294
216296
216327
216350
216380
216411
216423
216432
216444
216480
216483
216497
216498
216550
216551
216566
216590
216592
216593
216608
216618
216633
216660
216690
216844
216869
216878
216896
216917
217024
217054
217066
217068
217111
217122
217147
217158
217273
217285
217302
217331
217348
217360
217384
217389
217392
217409
217436
217447
217448
217451
217561
217569
217580
217605
217638
217648
217664
217691
217725
217767
217777
217789
217838
217993
218048
218130
218169
218265
218305
218309
218334
218350
218381
218390
218404
218421
218454
218470
218474
218484
218485
218497
218523
218568
218602
218604
218611
218613
218614
218616
218622
218662
218692
218703
218750
218759
218764
218770
218777
218788
218796
218798
218817
218828
218863
218889
218898
218910
218914
218925
218931
218943
218959
218961
218966
219011
219025
219028
219033
219074
219121
219134
219145
219154
219157
219167
219181
219197
219210
219230
219248
219258
219263
219288
219299
219319
219340
219349
219383
219389
219391
219396
219426
219493
219498
219509
219527
219551
219555
219571
219596
219669
219676
219690
219694
219698
219766
219778
219805
219850
219851
219875
219884
219893
219897
219901
219906
219910
219912
219913
219916
219930
219950
219959
219973
220011
220100
220163
220168
220308
220339
220344
220362
220364
220366
220459
220469
220475
220485
220518
220522
220536
220550
220566
220573
220591
220650
220696
220701
220705
220727
220728
220744
220747
220774
220776
220795
220816
220842
220934
220961
220971
220991
220995
221052
221055
221088
221101
221113
221125
221144
221145
221147
221159
221166
221172
221176
221178
221207
221208
221233
221241
221249
221269
221274
221279
221280
221290
221300
221314
221350
221351
221374
221414
221419
221480
221537
221547
221572
221573
221606
221614
221631
221680
221689
221821
221840
221841
221849
221871
221880
221885
221945
221969
222033
222080
222090
222094
222096
222105
222150
222166
222173
222179
222181
222190
222196
222199
222223
222236
222237
222250
222270
222290
222296
222297
222305
222314
222325
222342
222347
222403
222405
222412
222416
222431
222436
222442
222480
222513
222520
222539
222555
222582
222600
222601
222607
222612
222619
222628
222662
222671
222689
222758
222776
222807
222814
222819
222827
222837
222863
222864
222906
223003
223023
223026
223033
223067
223076
223094
223105
223121
223135
223161
223162
223202
223240
223249
223250
223251
223257
223259
223266
223283
223318
223370
223375
223408
223416
223441
223489
223500
223521
223527
223546
223586
223597
223663
223674
223700
223706
223712
223718
223724
223726
223727
223736
223762
223778
223812
223813
223814
223828
223860
223870
223883
223900
223966
224065
224101
224133
224173
224193
224199
224202
224248
224276
224278
224279
224298
224308
224325
224339
224353
224380
224433
224444
224453
224454
224525
224545
224547
224554
224644
224694
224719
224726
224736
224739
224744
224745
224748
224781
224782
224796
224802
224821
224834
224857
224861
224879
224898
224900
224960
224979
224981
225005
225021
225030
225036
225069
225087
225093
225095
225161
225185
225192
225195
225197
225202
225221
225236
225276
225323
225327
225332
225364
225366
225374
225382
225392
225409
225410
225470
225474
225522
225545
225617
225666
225716
225718
225721
225731
225775
225777
225791
225855
225903
225909
225915
225918
225925
225937
225959
225963
225977
225985
226011
226050
226058
226090
226127
226135
226154
226196
226317
226319
226358
226361
226368
226369
226373
226377
226461
226480
226495
226574
226576
226585
226643
226653
226677
226692
226708
226715
226729
226732
226741
226777
226837
226843
226849
226857
226866
226922
226936
226945
226973
226976
226981
226987
227004
227008
227012
227063
227067
227072
227079
227080
227114
227187
227198
227209
227228
227278
227324
227337
227350
227439
227443
227465
227468
227513
227515
227521
227529
227534
227576
227599
227629
227635
227637
227649
227672
227720
227744
227748
227766
227772
227775
227790
227804
227812
227861
227937
227948
227965
227968
227983
227995
228025
228050
228053
228056
228142
228164
228170
228172
228241
228263
228284
228306
228311
228315
228342
228391
228398
228402
228426
228483
228537
228550
228577
228634
228654
228659
228701
228729
228742
228747
228750
228771
228787
228801
228821
228835
228896
228899
228991
229005
229011
229049
229083
229086
229135
229138
229164
229211
229220
229244
229248
229311
229315
229318
229340
229368
229436
229454
229474
229488
229502
229523
229586
229587
229596
229599
229617
229650
229675
229707
229715
229726
229789
229829
229841
229907
229970
229979
229994
229995
229996
230012
230016
230017
230067
230072
230086
230150
230151
230159
230215
230229
230246
230295
230309
230311
230332
230378
230402
230413
230419
230445
230451
230465
230485
230498
230512
230518
230555
230608
230639
230648
230654
230662
230680
230687
230703
230789
230804
230833
230862
230864
230883
230894
230898
230932
230947
230952
230963
230976
231023
231092
231097
231123
231129
231134
231155
231180
231188
231204
231213
231214
231225
231234
231239
231260
231267
231321
231392
231395
231424
231427
231442
231468
231555
231618
231784
231794
231813
231861
231866
231881
231899
231902
231909
231941
231942
231944
231958
231965
231966
232030
232048
232104
232110
232130
232178
232199
232254
232284
232311
232321
232349
232354
232359
232360
232483
232493
232497
232517
232532
232585
232600
232610
232650
232652
232653
232676
232691
232721
232736
232756
232773
232801
232810
232903
232911
232924
232925
232928
232930
232936
232986
233031
233092
233100
233109
233161
233236
233271
233290
233379
233387
233394
233469
233506
233511
233561
233597
233629
233648
233656
233666
233674
233708
233749
233779
233784
233836
233891
234002
234007
234033
234055
234072
234073
234102
234118
234142
234152
234157
234180
234299
234348
234353
234397
234403
234442
234445
234481
234484
234521
234543
234545
234578
234623
234639
234646
234655
234656
234658
234682
234684
234713
234743
234747
234765
234826
234833
234924
234937
234942
234966
234972
234973
235151
235179
235209
235221
235257
235271
235304
235335
235373
235386
235387
235389
235403
235418
235419
235432
235465
235470
235481
235575
235587
235598
235608
235618
235619
235623
235660
235697
235710
235743
235762
235821
235831
235842
235884
235912
235918
235935
235937
235940
235965
235978
236007
236079
236083
236106
236108
236141
236163
236183
236200
236227
236275
236289
236292
236327
236330
236357
236401
236402
236418
236434
236446
236483
236538
236555
236558
236572
236585
236610
236665
236668
236694
236701
236712
236713
236718
236732
236733
236734
236740
236843
236871
236919
236936
236952
236978
236987
236996
236999
237102
237188
237251
237295
237296
237302
237304
237314
237368
237375
237404
237431
237459
237465
237513
237544
237580
237640
237717
237719
237734
237736
237747
237763
237775
237782
237787
237805
237810
237812
237817
237822
237826
237829
237830
237838
237927
237968
237998
238025
238031
238033
238041
238043
238078
238081
238083
238122
238141
238163
238207
238253
238313
238325
238355
238356
238393
238399
238411
238436
238575
238583
238625
238641
238650
238656
238659
238664
238674
238676
238688
238692
238710
238742
238770
238782
238798
238818
238848
238865
238901
238975
239015
239020
239027
239029
239081
239082
239083
239150
239161
239192
239224
239234
239261
239274
239377
239379
239406
239502
239507
239527
239590
239596
239619
239634
239637
239673
239683
239687
239747
239771
239797
239812
239832
239868
239925
239930
239950
239952
239955
239975
240027
240042
240043
240074
240077
240084
240230
240235
240243
240290
240303
240317
240382
240404
240408
240461
240478
240480
240483
240493
240494
240507
240519
240526
240613
240634
240642
240675
240679
240699
240709
240731
240773
240779
240783
240788
240793
240827
240862
240874
240913
240917
241012
241136
241156
241172
241178
241179
241273
241334
241338
241374
241399
241400
241410
241479
241513
241551
241633
241652
241655
241661
241668
241697
241741
241754
241774
241824
241863
241929
241930
241954
241978
242051
242054
242104
242133
242140
242141
242142
242143
242144
242275
242279
242352
242355
242360
242362
242375
242402
242436
242474
242498
242506
242511
242566
242573
242603
242607
242647
242651
242697
242761
242789
242812
242875
242890
242972
242982
243036
243060
243061
243065
243103
243144
243173
243193
243197
243270
243274
243277
243302
243304
243312
243323
243347
243348
243370
243394
243396
243400
243426
243454
243471
243620
243661
243662
243684
243719
243750
243767
243796
243801
243808
243856
243918
243970
244001
244004
244007
244036
244086
244112
244143
244151
244169
244189
244191
244215
244291
244301
244327
244348
244393
244408
244428
244452
244460
244466
244485
244557
244583
244599
244674
244688
244700
244706
244724
244732
244734
244827
244876
244881
244886
244898
244902
244907
244916
244917
244949
244983
244988
244999
245007
245011
245013
245020
245042
245126
245152
245155
245207
245219
245234
245281
245299
245363
245373
245376
245398
245416
245438
245505
245518
245526
245531
245538
245543
245568
245603
245640
245645
245646
245657
245663
245664
245672
245694
245702
245751
245781
245809
245855
245857
245871
245922
245982
245995
246006
246018
246021
246027
246052
246065
246066
246074
246075
246081
246099
246104
246108
246119
246129
246130
246199
246207
246235
246250
246258
246291
246300
246366
246424
246535
246638
246677
246680
246688
246696
246719
246720
246730
246746
246752
246767
246783
246809
246835
246842
246847
246867
246874
246891
246921
246923
246926
246927
246929
246942
246947
247012
247028
247029
247031
247047
247048
247064
247071
247111
247114
247121
247122
247167
247189
247196
247206
247209
247213
247246
247276
247280
247313
247363
247434
247450
247490
247497
247498
247595
247668
247672
247710
247750
247787
247849
247863
247865
247897
247942
247983
248021
248030
248035
248039
248053
248064
248070
248082
248093
248130
248143
248236
248261
248274
248318
248336
248337
248356
248377
248386
248424
248439
248443
248475
248489
248509
248512
248514
248518
248524
248601
248650
248691
248702
248717
248730
248742
248762
248783
248787
248892
248894
248903
248920
248946
248967
248969
248970
249003
249042
249049
249067
249077
249085
249096
249156
249185
249214
249228
249234
249259
249261
249266
249278
249336
249380
249446
249461
249490
249570
249607
249685
249694
249704
249716
249747
249812
249817
249833
249842
249902
249905
249921
249928
249929
249933
249945
249961
249965
249969
249974
249993
249997
250003
250020
250021
250042
250055
250143
250181
250197
250241
250248
250364
250371
250399
250403
250412
250423
250433
250448
250455
250470
250471
250528
250593
250596
250597
250607
250608
250614
250617
250728
250758
250819
250855
250858
250882
250883
250885
250888
250893
250897
250899
250905
250916
250938
250965
250991
251011
251048
251056
251063
251077
251106
251119
251134
251138
251164
251181
251198
251248
251254
251261
251263
251272
251285
251288
251290
251311
251318
251342
251367
251378
251404
251527
251545
251548
251549
251552
251600
251621
251623
251626
251687
251693
251700
251746
251748
251754
251757
251761
251763
251771
251785
251790
251797
251805
251811
251834
251836
251847
251862
251895
251897
251901
251916
251918
251921
251927
251928
251930
251932
251936
251948
252071
252109
252148
252166
252239
252324
252325
252340
252353
252359
252375
252408
252413
252497
252500
252586
252588
252614
252626
252635
252639
252658
252697
252705
252711
252715
252744
252756
252773
252774
252778
252780
252781
252786
252787
252845
252860
252890
252892
252903
252908
252909
252912
252926
252934
252937
252978
252981
252994
253000
253007
253011
253025
253031
253054
253058
253078
253088
253091
253098
253233
253284
253287
253290
253294
253341
253376
253406
253434
253448
253502
253584
253696
253697
253705
253749
253769
253822
253849
253859
253904
253905
253909
253986
254025
254030
254132
254137
254141
254143
254147
254151
254188
254198
254288
254297
254301
254306
254307
254332
254342
254345
254369
254440
254460
254476
254504
254507
254511
254513
254517
254520
254559
254566
254598
254616
254620
254686
254714
254751
254756
254758
254768
254790
254794
254809
254828
254844
254848
254869
254897
254910
254939
254964
254966
254971
254996
255002
255009
255051
255089
255092
255116
255140
255189
255226
255246
255277
255290
255291
255336
255373
255391
255392
255399
255401
255402
255406
255477
255478
255480
255490
255539
255561
255570
255588
255597
255607
255618
255623
255643
255644
255649
255666
255673
255677
255711
255714
255715
255729
255732
255771
255786
255802
255809
255858
255866
255881
255886
255893
255902
255913
255921
255933
255986
256036
256053
256097
256112
256123
256244
256260
256268
256269
256274
256288
256330
256333
256334
256356
256376
256383
256436
256462
256489
256570
256572
256573
256574
256583
256587
256607
256623
256632
256655
256665
256677
256700
256770
256789
256830
256833
256836
256838
256842
256844
256849
256851
256861
256863
256872
256878
256884
256885
256891
256894
256915
256919
256956
256982
257010
257017
257020
257033
257047
257096
257139
257167
257248
257293
257360
257380
257425
257426
257437
257470
257482
257484
257596
257620
257633
257640
257653
257659
257662
257664
257666
257667
257673
257680
257687
257702
257711
257714
257719
257721
257733
257734
257738
257740
257741
257750
257757
257764
257777
257781
257783
257784
257789
257794
257823
257830
257843
257845
257868
257873
257876
257995
257998
258006
258008
258012
258016
258037
258038
258056
258080
258086
258132
258142
258164
258176
258204
258206
258212
258214
258221
258229
258254
258323
258327
258331
258342
258346
258431
258467
258472
258570
258599
258622
258630
258647
258668
258674
258675
258688
258709
258712
258747
258748
258755
258781
258821
258827
258845
258861
258874
258875
258889
258892
258913
258937
258994
259003
259053
259078
259089
259091
259101
259119
259129
259132
259177
259181
259209
259253
259266
259271
259287
259288
259304
259305
259307
259311
259316
259322
259361
259377
259427
259446
259452
259454
259455
259530
259564
259623
259625
259644
259674
259698
259705
259728
259736
259744
259770
259777
259786
259812
259821
259829
259837
259840
259841
259861
259906
259921
259927
259935
259945
259948
260006
260030
260037
260044
260090
260097
260101
260151
260153
260154
260158
260163
260164
260165
260166
260187
260198
260207
260208
260211
260225
260227
260236
260244
260318
260323
260357
260361
260444
260490
260492
260497
260501
260502
260541
260548
260581
260584
260613
260647
260654
260657
260688
260703
260704
260717
260800
260805
260817
260824
260834
260887
260899
260904
260911
260942
260973
260984
260985
261026
261038
261049
261081
261086
261119
261157
261165
261191
261198
261205
261240
261260
261288
261311
261332
261382
261447
261487
261544
261602
261704
261727
261731
261739
261759
261772
261776
261778
261781
261828
261858
261863
261870
261873
261893
261965
261966
261971
261973
261982
262088
262089
262092
262158
262180
262184
262211
262214
262215
262216
262222
262257
262263
262306
262307
262330
262369
262433
262453
262463
262513
262524
262621
262623
262632
262633
262634
262641
262642
262651
262653
262663
262738
262746
262775
262786
262789
262791
262794
262819
262836
262840
262864
262870
262878
262894
262907
262909
262914
262915
262931
262954
262989
262991
262992
262997
263007
263021
263035
263057
263059
263066
263072
263075
263091
263093
263095
263108
263116
263122
263138
263155
263228
263237
263238
263253
263286
263298
263371
263379
263392
263401
263402
263406
263410
263447
263460
263465
263485
263499
263522
263524
263526
263533
263546
263552
263554
263557
263562
263577
263595
263596
263621
263636
263640
263674
263691
263695
263696
263722
263738
263772
263782
263788
263826
263827
263828
263830
263869
263894
263920
263944
263949
263954
263973
263983
263985
263987
264031
264046
264057
264065
264082
264095
264106
264123
264148
264151
264154
264166
264184
264215
264233
264266
264269
264283
264304
264341
264363
264367
264387
264408
264447
264504
264543
264545
264547
264550
264552
264553
264554
264557
264558
264559
264570
264576
264584
264601
264640
264644
264646
264667
264681
264684
264694
264697
264731
264777
264784
264788
264794
264799
264831
264842
264847
264885
264888
264890
264917
264918
264932
264933
264934
264948
264954
264974
264982
265018
265021
265025
265028
265081
265084
265116
265124
265170
265172
265218
265226
265227
265233
265253
265281
265318
265343
265376
265381
265420
265486
265490
265492
265506
265525
265530
265540
265542
265595
265596
265597
265635
265646
265704
265727
265734
265743
265758
265760
265762
265769
265781
265808
265822
265833
265835
265853
265876
265891
265904
265918
265919
265921
265965
265975
265992
265998
265999
266001
266030
266039
266053
266066
266080
266082
266100
266129
266139
266147
266155
266174
266205
266228
266250
266278
266306
266329
266336
266355
266384
266422
266454
266468
266504
266511
266532
266533
266562
266566
266572
266596
266601
266604
266607
266614
266619
266621
266624
266672
266691
266693
266702
266712
266726
266732
266738
266769
266787
266789
266813
266826
266831
266889
266900
266901
266906
266967
267022
267023
267046
267056
267080
267093
267098
267121
267126
267127
267149
267154
267188
267189
267206
267249
267279
267293
267321
267439
267440
267456
267467
267519
267630
267635
267648
267669
267687
267693
267698
267734
267744
267799
267824
267827
267850
267853
267902
267944
267953
267987
268017
268025
268029
268065
268066
268080
268129
268141
268149
268160
268179
268218
268247
268256
268314
268320
268337
268345
268355
268366
268375
268402
268407
268408
268409
268412
268449
268460
268466
268481
268489
268495
268511
268530
268561
268583
268596
268625
268630
268636
268645
268648
268669
268673
268707
268708
268766
268800
268819
268907
268935
268951
268976
269007
269071
269128
269163
269171
269179
269188
269190
269210
269213
269220
269252
269304
269331
269338
269346
269353
269362
269364
269374
269397
269401
269453
269487
269500
269510
269511
269542
269547
269596
269666
269669
269706
269713
269743
269746
269771
269773
269775
269817
269818
269829
269833
269848
269854
269861
269920
270015
270022
270026
270039
270040
270106
270110
270123
270124
270126
270131
270153
270155
270166
270167
270182
270184
270220
270223
270316
270323
270344
270385
270400
270415
270420
270430
270435
270465
270490
270492
270581
270624
270626
270652
270656
270661
270663
270680
270690
270691
270697
270732
270735
270751
270753
270758
270777
270788
270793
270833
270879
270898
270904
270905
270906
270972
271027
271034
271035
271036
271041
271056
271103
271226
271230
271245
271261
271267
271280
271294
271314
271316
271317
271318
271327
271334
271357
271381
271395
271407
271453
271457
271463
271511
271531
271548
271568
271600
271615
271619
271642
271680
271696
271723
271731
271791
271793
271800
271832
271840
271842
271862
271885
271902
271919
271929
271963
271971
271983
272002
272048
272057
272062
272066
272073
272075
272076
272077
272078
272137
272139
272148
272179
272215
272216
272283
272291
272309
272354
272398
272419
272430
272450
272504
272509
272523
272524
272574
272582
272588
272592
272602
272609
272610
272625
272632
272634
272641
272648
272696
272766
272768
272769
272774
272801
272889
272905
272949
272961
272973
272984
272985
273000
273013
273057
273060
273120
273125
273137
273145
273172
273186
273193
273207
273212
273238
273265
273326
273333
273349
273401
273419
273441
273452
273459
273466
273467
273468
273474
273480
273482
273528
273538
273539
273540
273563
273573
273601
273613
273647
273669
273698
273709
273716
273734
273741
273764
273787
273788
273812
273876
273913
273936
273964
274003
274015
274019
274027
274049
274059
274104
274110
274111
274140
274145
274178
274184
274191
274201
274202
274205
274211
274212
274213
274223
274226
274232
274288
274289
274298
274307
274335
274344
274361
274389
274456
274467
274470
274480
274488
274529
274539
274544
274555
274580
274637
274639
274755
274797
274798
274802
274816
274823
274826
274834
274852
274861
274875
274887
274890
274921
274937
274980
275010
275013
275066
275117
275175
275198
275257
275269
275295
275302
275338
275369
275372
275472
275494
275501
275508
275512
275525
275555
275583
275602
275610
275623
275642
275678
275741
275747
275749
275754
275768
275774
275800
275806
275809
275811
275812
275814
275833
275837
275840
275844
275852
275873
275878
275879
275906
275914
275923
275940
275950
275951
275986
276005
276021
276025
276041
276080
276084
276109
276114
276127
276128
276130
276133
276140
276149
276155
276209
276243
276265
276271
276284
276302
276318
276323
276329
276357
276379
276414
276417
276419
276421
276429
276431
276441
276476
276494
276495
276499
276506
276509
276549
276556
276563
276578
276582
276613
276615
276618
276652
276686
276716
276727
276753
276787
276789
276810
276817
276820
276859
276863
276866
276877
276897
276903
276927
276941
276947
276950
276957
277019
277055
277110
277118
277137
277141
277149
277152
277173
277177
277200
277231
277256
277268
277311
277319
277321
277329
277330
277362
277404
277407
277428
277430
277433
277443
277457
277499
277503
277505
277509
277519
277545
277578
277593
277597
277625
277642
277707
277732
277734
277770
277771
277775
277776
277777
277789
277810
277849
277912
277928
277981
277995
278017
278020
278031
278033
278041
278052
278053
278064
278072
278073
278081
278128
278145
278148
278231
278236
278242
278248
278258
278261
278266
278268
278270
278277
278315
278322
278330
278353
278354
278360
278374
278385
278394
278407
278408
278431
278434
278442
278456
278478
278499
278588
278623
278643
278645
278651
278663
