27
235
278
640
768
773
818
872
894
984
1085
1193
1853
2339
2392
2737
2820
3113
3198
3305
3954
3999
4062
4085
4652
4999
5139
5145
5193
5282
5302
5445
5799
5897
5949
6056
6364
6546
6630
7719
8176
8246
8368
8509
8614
8684
8800
9029
9131
9293
9382
9496
9536
9540
9699
9773
9887
10373
10422
10474
10609
10716
10775
11352
11585
11814
12337
12376
12384
12662
12669
13862
14034
14114
14300
14475
14488
14731
14776
14828
14845
15455
15537
16164
16258
16338
16869
16961
16991
17035
17052
17576
17585
17650
17684
17817
17820
17885
17894
18000
18100
18445
18493
18716
18735
18757
19059
19145
19683
20057
20129
20198
20256
20588
20609
21283
21424
21481
21789
22223
22224
22389
22405
22480
22621
22659
22678
22681
22685
22806
23015
23018
23276
23359
23476
24208
24450
24640
24791
24983
25774
26158
26175
26198
26365
26374
26376
26474
26482
26519
26719
27176
27313
27586
28023
28312
28344
28351
28482
28485
28491
28618
28783
28790
28954
28975
29014
29059
29165
29653
30136
30147
30222
30277
30323
30324
30348
30419
30526
30590
30741
31073
31143
31223
31378
31393
31431
31522
31596
31646
32175
32411
32438
32488
32553
32580
33301
33310
33509
33597
33644
33752
33766
34795
34886
35085
35259
35271
35540
35627
35655
35966
35997
36322
36827
36828
36845
36896
37539
37970
37973
37988
38115
38362
38411
38652
38944
39058
39197
39392
39947
40130
40178
40212
40246
40433
40541
40797
41215
41288
41362
41452
41682
41698
41812
42210
42340
42673
42674
42677
42788
42873
42883
42916
43444
43574
43637
44342
44347
44738
44868
44938
45100
45247
45349
45402
45404
46001
46209
46316
46357
46431
46689
46899
47180
47224
47331
47471
47561
47723
48000
48125
48193
48581
48644
48839
49047
49054
49287
49288
49389
49531
49614
49676
49737
49740
49972
49994
50031
50072
50129
50192
50424
50431
50792
50952
51067
51111
51132
51183
51211
51259
51467
52088
52183
52245
52426
52970
52979
53228
54032
54048
54192
54217
54438
54517
54865
55229
55465
55668
55680
55758
55821
55977
56310
56365
56414
56451
56545
56573
56686
56705
56769
56923
57461
57587
57695
57845
57854
57979
58012
58067
58096
58140
58191
58276
58394
58515
58586
58633
58690
59006
59706
59870
60099
60193
60270
60299
60318
60660
60684
60902
61064
61073
61252
61634
61847
61891
62137
62166
62276
62556
62711
62729
62762
63030
63148
63196
63452
63499
63935
64022
64087
64412
64564
64695
64934
64945
64949
65126
65153
65487
65629
65712
65786
65810
65814
65843
65848
65939
66161
66351
66536
66537
66584
66639
66918
67001
67212
67389
67439
67584
67688
67983
67988
68107
68109
68120
68624
68658
68699
68919
68941
69216
69231
69259
69439
69449
69611
69640
69707
70075
70156
70340
70649
70758
70975
71142
71332
71384
71509
71713
71783
72240
72297
72431
72958
73025
73423
73593
73649
73877
74145
74420
74433
74441
74567
74922
74971
74982
75265
75509
75682
75755
76009
76116
76381
76444
76816
77019
77023
77100
77575
77610
77635
77648
77671
77694
77720
77738
77740
77863
77974
78284
78356
78394
78455
78560
78756
78871
78975
79298
79662
79696
79808
80325
80636
80645
80731
80757
81097
81568
81616
81909
81997
82190
82282
82365
82380
82479
82696
82839
82867
82984
83051
83171
83189
83384
84119
84165
84292
84360
85353
85638
85640
85659
85683
85727
85779
86061
86173
86279
86394
86735
86972
86999
87041
87748
87824
88078
88194
88205
88472
89280
89436
89546
89549
89860
89972
90157
90425
90514
90852
91030
91107
91656
91732
91763
92187
92603
92690
92801
92922
93143
93179
93240
93319
93496
94001
94427
94700
94900
95072
95533
95598
96040
96241
96334
96341
96343
96489
96728
96864
97196
97335
97351
97370
97433
97587
97668
97690
97790
97900
98240
98243
98532
98594
98735
98860
99054
99101
99350
99512
99705
99934
100120
100600
100805
100826
100840
101070
101968
102087
102368
102515
102767
103512
103522
103638
103663
103728
104009
104054
104338
104351
104374
104442
104727
104766
104951
104992
105033
105118
105476
105549
106001
106268
106601
106624
106811
107010
107351
107677
108070
108129
108205
108796
108857
109127
109682
109743
109799
110028
110289
110402
110491
110562
110564
110679
110831
111169
111255
111309
111329
111795
111888
112038
112296
112322
112396
112643
112726
112918
112926
113073
113120
113412
113663
113691
113810
113822
113933
113973
114007
114049
114186
114273
114414
115486
115790
116121
116223
116259
116381
116496
116523
116863
116884
116989
117141
117775
117968
118541
118791
118796
119000
119065
119459
119568
119593
119671
119694
119729
119913
120598
120737
120843
120863
120926
120938
121227
121276
121717
121784
121864
121953
122145
122509
122690
122847
123067
123203
123266
123332
123617
123620
123639
123755
123757
123919
124021
124145
124255
124388
124424
124432
124442
124466
124754
124953
125040
125078
125164
125281
125487
125568
125575
125615
125746
125787
125969
126200
126875
126909
127210
127450
127491
128098
128126
128337
128380
128522
128580
128704
129127
129223
129251
129322
129396
129432
129833
129931
129952
130228
130394
130399
130459
130511
130840
131027
131120
131147
131187
131472
131568
131779
132037
132098
132650
132810
132816
132857
133289
133746
134068
134225
134496
134990
135025
135082
135220
135245
135305
135434
135731
135850
135891
136170
136191
136192
136272
136359
136376
136388
136624
136687
136787
136789
137058
137139
137259
137455
137616
137850
137945
138069
138249
138252
138750
138771
138955
139179
139191
139617
139819
140219
140332
140590
140605
140641
140685
141085
141218
141484
141653
141788
141841
141863
141911
141959
141966
142098
142107
142114
142138
142348
142442
142543
142604
142655
142897
143048
143076
143096
143271
143306
143383
143401
143444
143606
143641
143755
143792
143800
143889
143939
143978
144059
144371
144524
144664
145072
145116
145187
145189
145193
145203
145251
145265
145310
145312
145416
145454
145544
145879
146048
146406
146573
146579
146590
146623
146757
146946
147357
147535
147539
147660
147856
147917
148449
148472
148547
148700
149311
149364
149380
149381
149489
149541
150078
150426
150504
150792
151273
151356
151377
151516
151717
151834
151976
152004
152133
152264
152288
152696
152817
152851
152896
152906
152942
153099
153355
153510
153794
153883
153893
153978
154166
154193
154266
154291
154295
154389
154402
154452
154492
154638
154665
154936
155407
155678
156326
156405
156747
156759
156817
157129
157140
157253
157482
157534
157689
157845
157968
158072
158155
158708
158803
158929
159141
159316
159411
159861
159919
160002
160130
160202
160297
160493
160689
161029
161129
161224
161539
161739
161740
161764
161946
161986
162125
162325
162368
162407
162591
162728
162755
162786
163214
163264
163279
163395
163586
163732
163789
163796
163901
163992
164029
164225
164425
164532
164558
164595
164708
164713
164878
164901
164905
165028
165181
165392
165556
165648
165688
165704
166379
166415
166637
166762
166870
166946
167263
167267
167364
167408
167439
167782
167791
168053
168101
168174
168218
168491
169059
169156
169175
169208
169218
169419
169421
169441
169964
169967
170134
170181
170274
170360
170455
170793
170833
170905
171236
171359
171600
171607
171647
172073
172205
172230
172356
172551
172552
172563
172577
172772
173007
173195
173561
174173
174306
174426
174510
174563
174634
174695
174824
174897
175456
175602
175609
175634
175660
175728
176770
176821
176997
177160
177720
177723
178166
178185
178216
178441
178489
178498
178569
178689
179110
179131
179159
179218
179448
179450
179684
179807
179847
179900
180232
180643
180661
180754
180977
181114
181152
181271
181344
181487
181696
181887
181899
181978
182174
182199
182361
182404
182562
182583
182730
183033
183355
183532
183539
183684
183866
184101
184473
184489
184780
185291
185507
185580
185713
185792
185854
185891
185965
185977
186104
186180
186294
186797
186853
186894
187006
187248
187323
187670
187965
188010
188337
188818
188850
189038
189042
189482
189517
189666
189690
189774
189973
190016
190354
190356
190798
191197
191213
191356
191532
192020
192539
192619
192627
193169
193300
193340
193716
193882
193894
194249
194311
194425
194503
194523
194803
194903
195318
195732
195951
195987
196123
196267
196416
196564
196678
196837
197070
197084
197450
197496
197696
197748
197772
197864
197979
198021
198077
198392
198682
199129
199329
199365
199380
199504
199590
199859
199923
200063
200069
200127
200205
200416
201152
201559
201713
201735
201958
202401
202968
202971
203025
203053
203226
203487
203682
203921
203948
204343
204405
204520
204612
205082
205388
205393
205835
205950
206169
206546
206597
206617
206907
206949
207122
207438
207905
208017
208079
208160
208301
208424
208812
208866
209051
209068
209077
209326
209379
209488
209552
209683
209866
209885
209982
210080
210162
210367
210682
210822
210859
211214
211297
211395
211501
211587
211662
211945
211960
212458
213104
213150
213550
213642
213847
213848
214170
214199
214342
214375
214485
214846
214997
215052
215248
215356
215443
215465
215696
215698
216164
216263
216628
216673
216804
216988
217124
217199
217325
217502
217599
217706
218010
218145
218173
218190
218299
218307
218493
218785
218815
219141
219151
219209
219306
219345
219632
219641
219693
219715
219790
219987
220106
220117
220671
220823
220873
220981
221015
221056
221360
221365
221580
221767
221987
222000
222135
222365
222440
222445
222692
222761
223014
223029
223293
223544
223729
223774
224160
224216
224321
224859
224878
224947
225011
225171
225272
225386
225520
225593
225622
225689
225810
226305
226310
226469
226644
226703
226723
227070
227077
227296
227738
227843
227973
228021
228041
228075
228173
228433
228570
228605
228609
228627
228647
228666
228770
229070
229077
229199
229609
229635
229702
229814
229940
230088
230097
230360
230723
230899
230929
230996
231109
231139
231341
231500
231796
232017
232059
232250
232280
232320
232378
232400
232402
232821
232881
233291
233441
233584
233752
233777
233917
234043
234131
234253
234394
234433
234499
234535
234586
234650
234670
234776
235232
235233
235421
235651
235756
235794
235817
235855
235891
235969
236064
236092
236162
236428
236575
236673
236724
236730
236786
236862
237033
237573
237575
237754
237761
238016
238418
238484
238623
238633
238668
238811
238934
238936
238953
239171
239212
239625
239731
239823
239871
239885
240046
240066
240144
240301
240347
240445
240471
240726
240936
241056
241460
241907
242195
242261
242386
242514
242849
243021
243160
243265
243407
243474
243553
244100
244137
244561
244627
244748
245091
245220
245262
245852
246257
246285
246320
246508
246613
246718
246904
246996
247070
247107
247118
247161
247243
247414
247597
247908
247921
248219
248485
248584
248979
249199
249435
249479
249533
249539
249684
249687
249690
249761
249814
249827
249931
249967
250059
250163
250236
250242
250373
250383
250536
250599
251130
251246
251306
251309
251406
251459
251534
251558
251792
251835
251840
251911
251926
252246
252426
252503
252517
252553
252737
252862
252962
253232
253709
253778
254059
254083
254120
254128
254432
254541
254572
254699
255082
255174
255390
255723
255888
256178
256183
256230
256327
256338
256449
256551
256588
256641
256711
256759
257179
257247
257397
257663
257684
257728
257779
257822
258238
258382
258623
259246
259298
259353
259731
259899
260036
260059
260407
260538
260682
260745
260893
260897
260916
261682
261865
262107
262558
262605
262669
263094
263182
263520
263550
263628
263719
263746
264048
264109
264143
264478
264688
264724
264873
265056
265208
265429
265534
265815
265847
265928
266274
266506
266556
266590
267021
267254
267347
267386
267401
267690
267910
267951
267990
268053
268098
268115
268415
268448
268618
268627
268795
269294
269332
269403
269588
269597
269721
270037
270284
270500
270528
270643
270826
270973
271051
271059
271173
271287
271309
271383
271582
272190
272199
272212
272290
272321
272445
272563
272645
273198
273249
273522
273568
273591
273671
273902
274225
274246
274273
274299
274301
274771
274830
275106
275373
275569
275824
275920
276007
276157
276573
276589
276775
276884
277067
277353
277356
277367
277431
277641
277697
277739
277801
278023
278281
278576
