17
113
118
129
143
174
254
374
479
485
536
547
551
564
583
617
670
706
714
719
735
744
746
764
772
804
806
850
891
909
913
924
934
935
939
944
956
957
963
972
997
1070
1094
1119
1127
1145
1188
1199
1214
1249
1337
1342
1372
1380
1403
1405
1415
1445
1497
1593
1631
1689
1699
1762
1808
1809
1824
1829
1835
1866
1918
1942
1952
1983
2006
2013
2017
2021
2040
2058
2067
2068
2100
2157
2161
2177
2181
2199
2229
2245
2305
2314
2318
2319
2368
2590
2591
2593
2616
2621
2624
2642
2735
2736
2741
2789
2836
2861
2961
3015
3028
3064
3080
3086
3146
3156
3172
3176
3177
3206
3240
3260
3261
3286
3289
3315
3395
3424
3425
3437
3442
3468
3479
3506
3510
3531
3546
3639
3658
3668
3671
3674
3678
3697
3704
3784
3828
3914
3943
3957
4009
4031
4037
4046
4093
4102
4135
4143
4172
4173
4181
4195
4216
4226
4231
4237
4287
4361
4368
4376
4397
4459
4502
4522
4525
4527
4596
4612
4643
4680
4691
4703
4708
4713
4807
4860
4934
4939
5001
5039
5051
5061
5091
5097
5201
5247
5262
5284
5381
5401
5475
5480
5510
5580
5609
5642
5674
5714
5800
5830
5838
5847
5877
5880
5885
5893
5910
5919
5926
5940
5961
6038
6049
6050
6051
6054
6081
6082
6139
6165
6178
6252
6263
6326
6366
6445
6448
6470
6535
6552
6696
6707
6772
6843
6844
6850
6860
6865
6882
6904
6910
6937
6940
6967
6991
7004
7056
7087
7133
7137
7143
7168
7177
7192
7201
7219
7222
7233
7238
7262
7268
7278
7358
7366
7399
7409
7447
7596
7654
7663
7704
7707
7855
7865
7881
7929
7950
7955
8052
8081
8086
8143
8178
8187
8212
8216
8239
8261
8324
8332
8357
8362
8393
8445
8450
8535
8542
8621
8628
8635
8639
8651
8652
8695
8734
8735
8748
8760
8762
8784
8863
8922
8923
8927
8929
8932
8942
8974
8977
9001
9004
9011
9028
9042
9070
9078
9091
9126
9132
9152
9166
9211
9263
9270
9313
9317
9379
9387
9392
9394
9435
9449
9564
9591
9629
9645
9665
9675
9719
9782
9793
9796
9798
9800
9845
9866
9926
9952
9957
9978
9996
10017
10023
10050
10065
10079
10095
10155
10171
10248
10251
10259
10278
10330
10343
10346
10473
10480
10483
10507
10556
10615
10646
10661
10699
10700
10702
10714
10728
10839
10902
10939
11030
11036
11082
11091
11112
11124
11146
11184
11210
11462
11478
11482
11483
11489
11517
11520
11522
11529
11564
11692
11793
11805
11809
11825
11832
11852
11886
11978
12030
12043
12066
12070
12088
12171
12199
12260
12262
12333
12342
12378
12400
12463
12469
12519
12532
12536
12543
12581
12593
12623
12635
12678
12686
12690
12696
12708
12716
12752
12760
12761
12777
12778
12788
12803
12813
12819
12820
12842
12883
12947
12954
12995
12996
13055
13070
13073
13075
13170
13198
13205
13233
13279
13288
13298
13327
13338
13410
13413
13421
13430
13453
13456
13499
13513
13564
13606
13667
13689
13717
13742
13773
13801
13837
13841
13843
13876
13909
13910
13929
14083
14124
14128
14150
14176
14180
14246
14291
14330
14352
14408
14416
14482
14530
14548
14620
14666
14671
14742
14752
14770
14784
14879
14895
14924
14948
14960
15010
15021
15039
15059
15076
15113
15124
15151
15172
15173
15195
15196
15205
15221
15250
15306
15315
15358
15364
15372
15420
15430
15486
15490
15494
15583
15602
15627
15680
15728
15791
15825
15942
15998
16011
16038
16079
16112
16181
16183
16303
16327
16353
16356
16393
16406
16441
16443
16483
16551
16582
16633
16642
16646
16662
16665
16676
16688
16701
16715
16717
16777
16847
16859
16880
16891
16894
16909
16949
16953
17020
17030
17039
17040
17047
17051
17069
17160
17179
17201
17314
17327
17373
17390
17426
17437
17454
17455
17466
17472
17479
17516
17537
17546
17569
17589
17590
17657
17730
17733
17748
17808
17813
17857
17946
17978
18060
18103
18141
18142
18163
18196
18219
18222
18275
18303
18329
18339
18349
18366
18368
18376
18424
18442
18500
18525
18526
18655
18696
18702
18707
18712
18717
18720
18722
18728
18729
18731
18732
18749
18761
18772
18777
18779
18782
18789
18852
18879
18880
18909
18919
19015
19029
19031
19037
19082
19134
19223
19308
19309
19317
19323
19324
19366
19419
19568
19596
19612
19641
19657
19663
19703
19719
19834
19841
19855
19880
19913
19936
20030
20064
20076
20115
20178
20180
20186
20243
20276
20316
20364
20436
20441
20454
20459
20464
20472
20534
20589
20611
20631
20670
20674
20754
20759
20783
20813
20848
20862
20884
20891
20903
20957
20970
20982
20987
20995
21012
21018
21026
21062
21068
21088
21107
21108
21113
21118
21138
21253
21321
21328
21396
21399
21405
21422
21431
21442
21465
21476
21515
21517
21561
21611
21638
21659
21673
21714
21723
21731
21739
21740
21750
21757
21777
21782
21794
21811
21850
21855
21895
21971
21986
22012
22040
22077
22141
22149
22161
22180
22196
22292
22303
22317
22357
22455
22458
22525
22532
22586
22671
22688
22756
22765
22767
22849
22853
22873
22880
22943
22953
22957
23000
23062
23065
23072
23128
23135
23139
23141
23146
23159
23273
23275
23300
23303
23350
23353
23380
23399
23411
23416
23471
23487
23526
23562
23658
23698
23703
23739
23777
23791
23794
23920
23985
24016
24071
24089
24189
24234
24272
24288
24325
24340
24344
24345
24355
24484
24500
24558
24561
24564
24619
24655
24687
24691
24697
24761
24768
24769
24786
24827
24828
24866
24880
24894
24930
24955
24960
24963
24997
25005
25019
25063
25087
25105
25149
25157
25165
25194
25197
25309
25332
25339
25346
25347
25353
25358
25359
25374
25423
25471
25504
25518
25577
25588
25590
25605
25687
25739
25785
25815
26064
26079
26088
26171
26185
26209
26234
26239
26259
26297
26330
26425
26497
26517
26522
26546
26569
26570
26638
26649
26651
26687
26747
26749
26769
26828
26829
26839
26852
26875
26878
26920
26941
26944
26952
26969
27048
27064
27065
27166
27193
27207
27216
27225
27240
27333
27350
27372
27377
27387
27465
27486
27546
27575
27576
27583
27585
27590
27598
27602
27619
27631
27642
27648
27649
27686
27689
27695
27720
27721
27758
27796
27824
27944
27949
27979
28062
28074
28158
28162
28165
28191
28195
28272
28303
28304
28305
28325
28343
28394
28439
28444
28497
28617
28623
28626
28627
28660
28732
28741
28748
28758
28776
28833
28872
28891
28894
28940
28952
28984
28988
29023
29034
29077
29090
29107
29127
29132
29140
29191
29203
29206
29222
29223
29226
29229
29286
29295
29296
29298
29332
29394
29439
29551
29663
29669
29685
29691
29696
29741
29759
29782
29784
29797
29802
29808
29825
29861
29913
29927
29971
29974
30002
30019
30126
30127
30150
30159
30160
30176
30183
30206
30221
30225
30239
30249
30263
30283
30375
30390
30434
30538
30569
30601
30602
30614
30659
30704
30788
30799
30813
30849
30850
30900
30910
30917
30933
30936
30937
30944
30948
30949
30980
30994
31000
31003
31019
31024
31081
31098
31129
31184
31186
31197
31259
31286
31301
31452
31491
31499
31507
31510
31525
31556
31594
31605
31664
31666
31670
31677
31683
31690
31705
31712
31736
31764
31773
31784
31799
31811
31819
31823
31835
31889
31990
32031
32032
32049
32051
32097
32119
32142
32230
32303
32349
32369
32389
32404
32421
32427
32462
32487
32514
32515
32518
32541
32562
32614
32623
32625
32665
32702
32732
32772
32810
32814
32832
32835
32838
32904
32958
32967
33098
33145
33155
33171
33177
33178
33183
33196
33205
33213
33225
33256
33263
33276
33347
33375
33440
33453
33497
33549
33556
33607
33617
33661
33663
33713
33714
33733
33742
33755
33791
33793
33801
33804
33821
33823
33825
33829
33833
33838
33850
33851
33854
33859
33866
33942
33988
33997
34072
34106
34179
34265
34267
34298
34321
34451
34454
34478
34484
34486
34525
34552
34576
34603
34613
34640
34696
34728
34752
34766
34864
34910
34948
34960
34963
34969
34971
34973
34997
35007
35041
35047
35099
35110
35222
35253
35302
35308
35392
35396
35423
35429
35430
35431
35435
35441
35461
35473
35498
35516
35591
35618
35681
35685
35701
35732
35761
35804
35807
35816
35834
35862
35887
35961
35963
35964
36011
36047
36112
36174
36175
36182
36222
36234
36258
36265
36267
36269
36271
36310
36326
36357
36370
36386
36405
36438
36447
36468
36503
36509
36541
36548
36556
36560
36610
36611
36647
36671
36672
36737
36775
36918
36923
37048
37103
37137
37149
37150
37172
37178
37215
37220
37241
37265
37311
37344
37417
37445
37474
37510
37560
37564
37572
37575
37580
37583
37584
37590
37592
37593
37666
37691
37720
37748
37762
37781
37790
37809
37835
37838
37852
37867
37870
37879
37880
37965
37967
37991
37992
38010
38038
38045
38047
38059
38095
38123
38210
38253
38289
38301
38327
38353
38365
38366
38371
38403
38486
38516
38596
38615
38647
38661
38721
38726
38727
38746
38747
38804
38852
38856
38945
38983
39030
39154
39177
39192
39245
39247
39282
39349
39361
39407
39418
39430
39431
39439
39443
39447
39456
39460
39466
39487
39501
39547
39586
39620
39696
39707
39718
39747
39795
39797
39826
39827
39835
39843
39846
39850
39858
39948
40012
40013
40085
40087
40120
40126
40131
40134
40135
40141
40145
40169
40181
40204
40270
40293
40379
40389
40425
40457
40513
40522
40536
40539
40566
40591
40598
40599
40606
40630
40652
40704
40713
40767
40801
40804
40845
40862
40989
41009
41064
41160
41165
41202
41245
41269
41320
41349
41355
41467
41610
41612
41633
41649
41652
41658
41659
41678
41792
41826
41854
41896
41901
41971
41974
41979
42017
42022
42036
42060
42061
42063
42067
42091
42198
42199
42211
42267
42305
42330
42335
42339
42359
42383
42392
42398
42429
42430
42463
42511
42518
42527
42552
42603
42604
42609
42626
42630
42639
42645
42658
42660
42666
42680
42681
42689
42699
42716
42755
42761
42776
42782
42785
42792
42825
42858
42890
42978
43004
43067
43079
43085
43094
43101
43143
43197
43247
43294
43368
43436
43467
43470
43474
43477
43502
43510
43565
43580
43605
43658
43659
43670
43774
43838
43844
43863
43872
43873
43931
43942
43964
43965
43972
43978
43995
43998
44007
44013
44042
44069
44080
44152
44207
44208
44215
44243
44245
44256
44263
44269
44274
44287
44328
44349
44354
44413
44425
44428
44496
44511
44512
44520
44524
44526
44528
44576
44589
44595
44618
44629
44642
44700
44728
44746
44795
44796
44797
44827
44831
44835
44888
44906
44911
44929
44964
44967
44978
45005
45034
45041
45053
45125
45127
45156
45158
45169
45192
45239
45258
45259
45274
45275
45285
45288
45290
45293
45301
45310
45316
45324
45345
45363
45381
45395
45400
45417
45419
45436
45446
45460
45461
45470
45476
45482
45504
45591
45621
45627
45645
45662
45678
45725
45743
45803
45840
45907
45913
45947
45954
45966
46004
46026
46052
46091
46095
46126
46130
46139
46217
46232
46274
46290
46295
46301
46315
46365
46366
46452
46478
46486
46519
46538
46562
46566
46568
46576
46578
46580
46584
46592
46595
46611
46627
46688
46724
46773
46782
46808
46910
46930
47026
47053
47114
47129
47147
47148
47159
47226
47228
47230
47231
47238
47243
47278
47347
47365
47443
47447
47504
47677
47680
47713
47789
47795
47802
47806
47860
47862
47865
47924
47933
47980
48047
48074
48087
48089
48095
48116
48132
48156
48163
48166
48168
48174
48209
48303
48313
48317
48331
48336
48370
48430
48467
48468
48476
48539
48580
48582
48609
48612
48625
48638
48664
48665
48676
48684
48700
48705
48756
48758
48782
48822
48838
48858
48859
48885
48916
48921
48936
48940
48941
48964
48983
48992
48999
49014
49024
49061
49084
49117
49142
49144
49145
49156
49158
49232
49301
49302
49415
49443
49445
49493
49494
49505
49523
49544
49574
49606
49634
49668
49704
49708
49713
49749
49768
49877
49883
49901
49917
49962
50000
50002
50004
50039
50054
50064
50081
50082
50106
50114
50141
50143
50147
50150
50206
50260
50280
50311
50320
50390
50406
50459
50522
50576
50598
50605
50616
50692
50733
50741
50763
50833
50835
50844
50867
50966
50995
50999
51018
51019
51023
51024
51043
51057
51090
51107
51117
51126
51133
51139
51150
51163
51217
51218
51253
51260
51287
51291
51310
51315
51339
51358
51359
51366
51376
51386
51399
51405
51408
51425
51448
51462
51502
51510
51534
51583
51627
51671
51686
51708
51709
51727
51747
51748
51797
51842
51845
51852
51853
51857
51864
51914
51921
51938
51970
52035
52063
52070
52119
52164
52193
52200
52222
52240
52249
52253
52266
52270
52271
52281
52299
52339
52377
52378
52390
52394
52401
52413
52416
52440
52447
52450
52488
52493
52575
52626
52632
52660
52699
52750
52752
52802
52831
52837
52940
52956
52996
53001
53008
53027
53054
53136
53160
53169
53185
53213
53217
53218
53229
53238
53241
53325
53346
53401
53466
53647
53791
53802
53803
53812
53818
53827
53841
53844
54018
54081
54111
54113
54193
54200
54284
54292
54329
54342
54392
54419
54421
54456
54460
54544
54611
54620
54628
54638
54670
54672
54678
54691
54697
54701
54731
54895
54921
54951
54971
54983
55020
55036
55057
55058
55062
55070
55071
55111
55147
55153
55161
55201
55243
55254
55302
55365
55403
55509
55567
55635
55659
55686
55706
55721
55729
55769
55782
55820
55838
55841
55887
55908
55911
55973
55982
56009
56045
56047
56053
56097
56127
56139
56152
56157
56162
56192
56231
56254
56326
56337
56338
56416
56421
56423
56446
56455
56470
56503
56525
56546
56547
56551
56595
56637
56645
56653
56668
56674
56683
56690
56699
56731
56732
56741
56799
56844
56855
56983
56993
57024
57072
57094
57111
57118
57161
57167
57175
57176
57184
57195
57237
57247
57261
57278
57307
57316
57332
57360
57372
57374
57417
57445
57447
57466
57471
57478
57484
57501
57511
57523
57546
57606
57619
57621
57636
57641
57642
57672
57673
57694
57733
57734
57824
57863
57868
57892
57902
57939
57958
57962
57976
57993
57998
58002
58015
58030
58031
58032
58086
58129
58167
58177
58193
58196
58213
58218
58249
58317
58320
58338
58339
58351
58413
58430
58459
58464
58580
58655
58662
58665
58669
58689
58710
58722
58732
58892
58911
58913
58930
59014
59060
59065
59101
59136
59145
59187
59203
59228
59288
59295
59298
59303
59337
59340
59363
59367
59372
59411
59430
59499
59534
59552
59568
59571
59668
59720
59785
59788
59796
59797
59827
59833
59888
59907
59937
59992
60014
60072
60142
60155
60163
60181
60201
60317
60323
60324
60361
60362
60463
60488
60492
60511
60530
60543
60544
60551
60562
60601
60607
60642
60727
60739
60816
60861
60906
60939
61007
61029
61062
61095
61111
61127
61143
61230
61266
61282
61288
61316
61347
61351
61356
61411
61419
61435
61460
61467
61614
61628
61664
61669
61677
61752
61802
61803
61824
61828
61833
61848
61881
61916
61931
61960
61968
61996
62025
62039
62058
62132
62150
62158
62159
62168
62204
62256
62275
62278
62317
62353
62364
62404
62424
62442
62478
62490
62528
62573
62612
62618
62666
62676
62694
62718
62738
62768
62819
62820
62838
62864
62899
62902
63024
63050
63059
63096
63167
63184
63185
63227
63229
63266
63271
63304
63317
63384
63409
63453
63539
63552
63553
63559
63593
63635
63641
63652
63671
63785
63833
63873
63876
63884
63899
63905
63943
64011
64035
64096
64100
64109
64115
64154
64201
64299
64347
64368
64394
64402
64403
64425
64483
64493
64575
64584
64619
64665
64692
64696
64735
64918
64939
64975
64992
65000
65015
65044
65103
65134
65137
65144
65160
65162
65171
65229
65279
65342
65355
65388
65455
65496
65545
65554
65567
65578
65583
65599
65693
65725
65746
65801
65802
65805
65820
65823
65845
65871
65978
66002
66076
66145
66215
66226
66235
66264
66297
66456
66500
66541
66567
66569
66597
66713
66718
66719
66729
66774
66781
66784
66848
66851
66865
66901
66928
66936
66955
66965
66976
66992
67000
67004
67017
67018
67059
67060
67150
67167
67181
67182
67247
67273
67288
67321
67354
67359
67376
67380
67397
67435
67450
67451
67468
67489
67506
67507
67520
67532
67534
67580
67582
67583
67624
67641
67644
67649
67661
67705
67719
67724
67769
67801
67802
67834
67849
67897
67899
67901
67932
67982
68034
68055
68076
68077
68087
68110
68118
68195
68209
68215
68242
68286
68296
68313
68317
68318
68329
68364
68368
68393
68395
68470
68501
68513
68661
68662
68804
68821
68834
68844
68884
68885
68921
68922
68925
68955
68959
68987
69002
69017
69065
69080
69096
69122
69151
69165
69166
69168
69197
69201
69229
69278
69342
69369
69371
69396
69409
69419
69460
69478
69547
69645
69653
69741
69793
69810
69820
69853
69930
69970
70059
70099
70150
70176
70180
70200
70214
70221
70299
70345
70358
70404
70408
70415
70447
70450
70456
70476
70521
70523
70538
70561
70563
70565
70573
70577
70580
70651
70653
70654
70665
70670
70673
70731
70733
70787
70850
70968
70998
71000
71040
71153
71210
71273
71322
71341
71347
71357
71363
71369
71393
71399
71406
71524
71566
71607
71702
71705
71708
71727
71730
71768
71793
71833
71887
71943
71945
72011
72031
72038
72081
72083
72089
72110
72114
72116
72118
72131
72132
72135
72147
72152
72154
72186
72281
72288
72338
72342
72343
72421
72470
72473
72478
72481
72492
72502
72507
72552
72569
72639
72646
72730
72763
72766
72767
72777
72794
72848
72935
73061
73073
73225
73236
73256
73278
73279
73318
73366
73427
73461
73532
73541
73546
73637
73765
73832
73846
73856
73862
73868
73919
73938
73948
73996
74021
74123
74205
74227
74254
74289
74310
74374
74394
74399
74419
74484
74486
74518
74523
74533
74559
74654
74656
74671
74678
74686
74692
74694
74696
74793
74817
74877
74891
74916
74991
75038
75062
75095
75107
75112
75119
75159
75235
75243
75244
75269
75302
75318
75491
75508
75514
75529
75549
75566
75576
75613
75623
75625
75752
75821
75843
75846
75912
75913
75940
75947
76034
76055
76060
76084
76089
76099
76110
76132
76159
76324
76326
76355
76382
76443
76462
76518
76559
76562
76629
76636
76648
76660
76666
76714
76717
76725
76728
76811
76824
76896
76947
77062
77079
77120
77121
77146
77154
77165
77183
77189
77198
77320
77330
77372
77373
77379
77389
77420
77459
77468
77487
77512
77609
77624
77634
77657
77667
77683
77689
77691
77701
77765
77772
77800
77846
77851
77872
77902
77929
77946
77948
77963
77966
77969
78001
78004
78065
78075
78076
78131
78133
78134
78137
78140
78142
78146
78169
78228
78231
78248
78275
78287
78322
78334
78389
78414
78423
78432
78447
78452
78522
78527
78569
78579
78587
78592
78619
78665
78802
78832
78843
78858
78876
78893
78953
79016
79033
79048
79127
79149
79165
79170
79193
79218
79230
79387
79413
79429
79459
79526
79529
79531
79557
79571
79579
79586
79606
79611
79632
79633
79639
79663
79669
79670
79752
79754
79782
79917
79929
80012
80033
80036
80050
80067
80090
80093
80107
80127
80128
80185
80193
80213
80216
80221
80224
80225
80243
80313
80323
80333
80348
80382
80385
80390
80399
80433
80459
80473
80488
80531
80576
80590
80608
80644
80682
80726
80734
80754
80769
80807
80820
80835
80844
80897
80902
80994
81118
81172
81263
81291
81406
81426
81462
81544
81564
81677
81698
81720
81811
81819
81825
81831
81908
81921
81930
81952
81983
81984
81985
81992
82002
82007
82019
82035
82038
82043
82048
82049
82122
82161
82248
82270
82290
82394
82413
82417
82531
82558
82581
82582
82584
82603
82670
82718
82735
82798
82852
82871
82878
82884
82914
82986
83072
83079
83085
83098
83122
83127
83157
83164
83244
83252
83273
83288
83382
83406
83419
83460
83481
83484
83498
83619
83626
83638
83646
83655
83665
83666
83667
83672
83679
83681
83686
83727
83750
83756
83783
83812
83815
83822
83842
83935
83979
84088
84097
84105
84109
84135
84141
84150
84154
84160
84178
84189
84192
84195
84202
84299
84378
84410
84424
84428
84458
84463
84514
84589
84620
84625
84647
84658
84660
84734
84770
84783
84808
84892
84924
85032
85066
85072
85142
85204
85215
85216
85320
85334
85378
85386
85397
85399
85400
85453
85492
85494
85500
85519
85573
85626
85643
85655
85671
85699
85706
85724
85738
85892
85912
85949
85966
86066
86074
86113
86149
86150
86169
86178
86197
86199
86260
86274
86281
86322
86334
86371
86418
86465
86471
86476
86488
86490
86539
86544
86567
86570
86576
86577
86594
86610
86636
86650
86652
86686
86694
86720
86809
86827
86840
86884
86957
86968
86970
86974
86982
87008
87017
87071
87100
87120
87129
87141
87161
87221
87222
87223
87292
87439
87442
87453
87472
87474
87503
87518
87532
87549
87550
87554
87589
87615
87661
87672
87723
87750
87780
87796
87798
87807
87929
87938
87965
88027
88083
88184
88212
88226
88264
88324
88349
88350
88357
88363
88370
88397
88401
88429
88443
88463
88464
88469
88479
88509
88529
88533
88556
88615
88620
88638
88650
88666
88667
88673
88680
88681
88687
88701
88720
88741
88752
88759
88785
88793
88828
88848
88855
88882
88900
88903
88945
88976
88983
89001
89038
89060
89093
89095
89099
89108
89116
89137
89184
89221
89235
89274
89295
89322
89364
89374
89379
89398
89399
89408
89413
89443
89455
89462
89478
89500
89572
89578
89593
89612
89812
89842
89890
89910
89966
89978
89991
89998
90036
90094
90135
90144
90175
90178
90188
90205
90208
90241
90258
90259
90280
90290
90291
90304
90305
90351
90367
90391
90512
90619
90668
90671
90685
90747
90804
90813
90817
90844
90861
90890
90905
90939
90941
90962
90964
90969
90979
90980
91029
91048
91079
91108
91135
91186
91204
91255
91258
91335
91346
91404
91423
91436
91464
91475
91500
91503
91556
91558
91561
91682
91699
91726
91730
91756
91761
91775
91789
91813
91825
91835
91892
91896
91943
91971
91987
91988
92003
92190
92192
92199
92279
92290
92306
92338
92346
92372
92373
92378
92409
92467
92498
92503
92525
92533
92543
92558
92561
92569
92575
92582
92645
92789
92794
92798
92846
92856
92885
92932
92935
92937
92963
92977
93046
93063
93075
93096
93188
93196
93200
93218
93248
93283
93299
93308
93322
93327
93330
93355
93403
93427
93462
93644
93682
93694
93716
93741
93756
93790
93901
93922
93939
93944
93954
94012
94059
94060
94087
94091
94097
94100
94153
94188
94207
94219
94223
94229
94231
94268
94334
94392
94394
94405
94444
94448
94466
94477
94514
94539
94674
94757
94760
94766
94844
94869
94908
94916
94922
94932
94947
94966
94968
94970
95077
95101
95107
95109
95112
95132
95176
95245
95255
95258
95282
95299
95304
95305
95328
95380
95396
95405
95421
95478
95480
95510
95512
95522
95534
95551
95587
95676
95695
95745
95765
95772
95788
95835
95852
95945
95975
95980
95994
96003
96005
96089
96122
96125
96170
96207
96243
96263
96265
96270
96297
96299
96306
96340
96342
96362
96373
96387
96431
96506
96509
96514
96516
96518
96519
96557
96561
96590
96601
96630
96665
96672
96677
96684
96688
96693
96695
96697
96700
96704
96718
96729
96749
96763
96800
96812
96819
96909
96963
96981
96997
97021
97032
97111
97148
97193
97246
97263
97264
97316
97330
97397
97405
97416
97447
97506
97539
97546
97565
97583
97588
97654
97665
97684
97744
97758
97771
97773
97815
97832
97848
97866
97870
97872
97903
97946
97956
97974
98017
98025
98027
98070
98071
98080
98088
98155
98157
98162
98204
98229
98249
98259
98265
98272
98372
98393
98423
98452
98489
98502
98530
98550
98587
98613
98619
98626
98684
98720
98756
98765
98774
98837
98856
98857
98862
98885
98906
98918
98946
98956
98971
98977
99018
99036
99038
99045
99069
99102
99117
99126
99135
99207
99211
99237
99238
99249
99256
99303
99362
99366
99430
99486
99501
99514
99538
99649
99661
99680
99692
99724
99732
99762
99778
99851
99862
99871
99894
99941
99942
99959
100048
100106
100139
100295
100298
100299
100310
100320
100339
100370
100380
100389
100527
100596
100625
100659
100691
100698
100707
100713
100753
100757
100817
100846
100890
100919
100933
100969
100989
100995
101057
101114
101168
101184
101195
101230
101232
101350
101365
101436
101437
101560
101563
101596
101608
101655
101657
101668
101673
101744
101749
101764
101874
101879
101949
102099
102102
102224
102262
102263
102291
102301
102328
102358
102359
102370
102388
102406
102422
102424
102486
102507
102653
102687
102692
102723
102749
102755
102778
102797
102883
102941
102972
102994
103018
103044
103057
103083
103091
103100
103109
103154
103157
103223
103225
103274
103314
103320
103350
103358
103365
103406
103430
103440
103478
103486
103547
103553
103556
103608
103643
103657
103676
103748
103779
103782
103789
103798
103830
103832
103836
103844
103846
103864
103878
103905
103907
103959
104085
104086
104089
104096
104110
104144
104146
104192
104209
104240
104286
104296
104305
104312
104330
104333
104346
104365
104381
104389
104411
104441
104482
104573
104656
104706
104735
104789
104808
104818
104840
104938
105005
105043
105079
105133
105136
105172
105198
105217
105246
105314
105320
105362
105371
105393
105454
105463
105472
105486
105498
105534
105580
105583
105615
105629
105653
105663
105670
105696
105700
105720
105772
105774
105778
105789
105816
105832
105870
105877
105931
105957
105979
106002
106023
106027
106028
106042
106067
106069
106090
106163
106238
106283
106289
106324
106334
106403
106455
106456
106495
106508
106566
106603
106611
106614
106635
106662
106670
106686
106687
106703
106812
106844
106848
106872
106891
106902
106924
107005
107050
107060
107079
107090
107124
107126
107166
107175
107178
107259
107260
107284
107290
107305
107350
107359
107391
107445
107474
107501
107516
107532
107613
107615
107644
107647
107665
107667
107710
107732
107743
107755
107790
107817
107826
107865
107879
107886
107966
107991
107992
108113
108118
108138
108139
108157
108162
108169
108210
108211
108214
108217
108264
108285
108292
108315
108362
108363
108469
108544
108578
108614
108636
108667
108691
108709
108712
108714
108718
108738
108762
108765
108766
108775
108778
108781
108816
108833
108838
108851
108859
108867
108896
108946
108990
108994
108996
108997
109077
109111
109126
109140
109189
109211
109220
109233
109234
109235
109248
109251
109253
109287
109293
109302
109354
109362
109395
109415
109462
109469
109487
109504
109588
109607
109624
109632
109678
109680
109737
109767
109769
109869
109871
109885
109887
109942
109955
109958
109975
110029
110106
110131
110153
110159
110211
110216
110249
110280
110284
110287
110302
110333
110338
110343
110344
110374
110406
110457
110461
110480
110521
110522
110525
110538
110567
110595
110636
110689
110714
110813
110854
110963
111131
111161
111175
111178
111209
111218
111219
111225
111235
111277
111315
111386
111399
111418
111423
111569
111571
111582
111596
111628
111675
111680
111683
111691
111703
111708
111728
111730
111737
111782
111812
111898
111929
111932
111971
111997
112008
112051
112059
112080
112084
112088
112098
112103
112136
112145
112203
112224
112240
112242
112294
112297
112300
112304
112314
112325
112364
112440
112481
112598
112632
112638
112641
112661
112663
112759
112791
112812
112827
112867
112877
112889
112892
112945
112980
113025
113045
113081
113106
113108
113128
113129
113148
113163
113164
113170
113209
113262
113286
113333
113334
113374
113376
113379
113409
113413
113436
113445
113461
113465
113470
113501
113544
113591
113616
113643
113679
113704
113709
113799
113804
113805
113806
113823
113835
113839
113854
113877
113881
113900
113923
113947
113991
114029
114106
114134
114145
114168
114274
114322
114372
114407
114418
114470
114496
114592
114594
114609
114619
114666
114772
114793
114824
114828
114848
114851
114852
114900
114909
114912
114929
114937
114996
115033
115035
115059
115085
115089
115148
115169
115175
115184
115192
115223
115228
115236
115251
115303
115318
115336
115393
115447
115533
115546
115552
115572
115582
115621
115626
115674
115708
115738
115746
115758
115873
115879
115881
115882
115918
115927
115939
115961
116043
116061
116069
116154
116179
116263
116264
116285
116299
116380
116382
116383
116414
116498
116518
116532
116636
116657
116668
116707
116708
116758
116833
116857
116945
116962
116968
116970
116984
117036
117042
117045
117073
117115
117142
117231
117235
117243
117245
117284
117302
117330
117396
117440
117445
117450
117452
117488
117492
117547
117549
117553
117608
117622
117636
117665
117699
117731
117760
117817
117820
117836
117922
117964
118016
118068
118070
118111
118121
118130
118134
118157
118160
118227
118244
118248
118286
118336
118347
118348
118398
118492
118502
118507
118549
118574
118580
118584
118597
118652
118662
118666
118672
118724
118727
118739
118777
118797
118825
118861
118863
118870
118883
118885
118928
118936
118981
119008
119023
119039
119072
119105
119106
119116
119122
119212
119226
119228
119251
119257
119300
119330
119337
119389
119400
119410
119481
119490
119510
119512
119675
119682
119684
119686
119692
119725
119730
119738
119780
119798
119821
119825
119828
119843
119858
119864
119866
119872
119945
119994
120016
120035
120061
120073
120078
120116
120122
120183
120211
120246
120271
120275
120298
120341
120404
120416
120450
120477
120504
120511
120539
120568
120584
120687
120710
120879
120886
120929
120943
120954
120993
121116
121137
121140
121150
121214
121240
121246
121249
121257
121260
121265
121301
121306
121334
121338
121382
121384
121385
121390
121393
121404
121418
121526
121528
121604
121620
121748
121749
121751
121763
121766
121783
121805
121851
121857
121902
121945
121981
122005
122032
122056
122067
122131
122133
122148
122166
122176
122178
122192
122223
122257
122258
122261
122265
122275
122337
122343
122406
122439
122469
122580
122586
122599
122601
122638
122662
122668
122672
122747
122788
122798
122820
122873
122952
122958
123019
123020
123038
123043
123045
123048
123074
123077
123101
123103
123104
123134
123168
123190
123210
123224
123233
123341
123381
123407
123432
123473
123477
123479
123497
123500
123513
123561
123562
123595
123596
123609
123631
123640
123666
123692
123724
123767
123776
123779
123808
123837
123848
123894
123895
123945
123987
123995
123998
124024
124060
124091
124117
124266
124279
124280
124294
124307
124371
124380
124391
124451
124460
124526
124587
124606
124608
124619
124666
124737
124739
124750
124764
124769
124814
124841
124850
124889
124892
124893
124908
124938
125009
125023
125046
125057
125077
125083
125112
125131
125162
125163
125198
125214
125272
125284
125288
125306
125336
125470
125498
125509
125590
125647
125654
125724
125731
125792
125855
125856
125859
125876
125912
125919
125923
125926
125977
125980
126026
126036
126090
126092
126096
126134
126138
126223
126252
126270
126374
126413
126468
126484
126485
126490
126491
126513
126516
126530
126574
126640
126719
126822
126823
126885
126962
127018
127026
127109
127170
127180
127193
127221
127242
127248
127265
127266
127268
127269
127270
127298
127320
127323
127326
127328
127361
127369
127395
127422
127423
127424
127501
127520
127551
127560
127592
127661
127698
127747
127790
127791
127795
127803
127824
127868
127932
127956
127993
128017
128020
128029
128039
128041
128045
128051
128075
128082
128083
128084
128101
128105
128108
128118
128119
128120
128125
128131
128136
128140
128141
128166
128180
128199
128336
128343
128368
128402
128418
128425
128439
128450
128469
128490
128529
128536
128594
128648
128651
128655
128685
128699
128705
128717
128749
128773
128787
128797
128809
128810
128824
128925
128930
128951
128954
128988
129093
129130
129143
129152
129203
129263
129265
129281
129306
129312
129327
129359
129381
129382
129383
129413
129436
129492
129563
129653
129658
129814
129816
129845
129850
129904
129909
129925
129975
129987
130002
130005
130043
130044
130050
130063
130104
130122
130130
130131
130295
130305
130387
130409
130421
130442
130475
130529
130552
130557
130560
130569
130577
130585
130589
130592
130603
130606
130623
130629
130646
130683
130709
130733
130748
130750
130767
130773
130779
130805
130892
130919
130921
130928
130947
130983
131007
131060
131064
131065
131066
131085
131099
131137
131140
131146
131150
131175
131184
131192
131199
131201
131271
131273
131283
131285
131298
131326
131345
131383
131405
131427
131430
131436
131503
131543
131544
131548
131584
131656
131683
131709
131787
131799
131882
131898
131938
132016
132046
132064
132074
132093
132109
132118
132130
132142
132153
132173
132200
132201
132214
132221
132290
132292
132318
132322
132474
132526
132531
132554
132555
132580
132616
132620
132652
132659
132693
132708
132744
132751
132773
132826
132828
132841
132932
132955
132956
132972
133045
133088
133092
133103
133135
133185
133219
133228
133250
133257
133269
133280
133287
133337
133382
133398
133446
133484
133559
133581
133582
133586
133628
133701
133744
133775
133897
133919
133923
133934
133988
134009
134029
134044
134102
134134
134139
134189
134223
134259
134278
134336
134338
134382
134396
134418
134481
134495
134502
134504
134561
134562
134605
134613
134639
134644
134673
134779
134783
134785
134793
134794
134805
134821
134834
134870
134874
134912
134947
134991
135021
135033
135073
135075
135111
135114
135116
135134
135167
135233
135302
135306
135343
135386
135432
135563
135634
135685
135693
135742
135832
135855
135863
135877
135894
135913
135937
135955
135978
135994
135997
136024
136055
136057
136077
136114
136121
136139
136152
136153
136155
136156
136168
136232
136269
136284
136324
136325
136329
136395
136397
136399
136410
136415
136421
136430
136437
136507
136521
136647
136688
136692
136843
136937
136993
137044
137064
137151
137175
137183
137204
137208
137227
137241
137242
137255
137256
137279
137288
137311
137356
137374
137398
137405
137439
137469
137521
137541
137548
137596
137601
137612
137617
137652
137653
137687
137706
137710
137727
137763
137861
137894
137943
137950
138018
138130
138158
138212
138302
138324
138334
138411
138422
138452
138469
138490
138527
138565
138568
138587
138588
138589
138598
138609
138655
138691
138845
138863
138867
138894
138916
138965
139085
139105
139127
139129
139143
139195
139205
139207
139223
139253
139257
139309
139313
139314
139352
139354
139384
139516
139532
139540
139576
139608
139620
139666
139742
139801
139804
139813
139826
139830
139859
139885
139928
139945
139948
139954
139955
139957
139964
139994
140004
140032
140044
140071
140083
140090
140093
140119
140155
140188
140210
140211
140245
140249
140278
140305
140308
140353
140358
140363
140366
140367
140387
140392
140443
140444
140500
140508
140531
140545
140588
140598
140623
140634
140656
140658
140661
140682
140765
140772
140775
140776
140798
140817
140855
140862
140865
141021
141069
141091
141119
141154
141173
141196
141212
141216
141224
141225
141229
141232
141254
141348
141471
141497
141518
141615
141647
141651
141662
141692
141725
141740
141757
141766
141768
141794
141798
141805
141806
141811
141816
141825
141831
141839
141848
141849
141861
141865
141914
141976
141977
141979
142044
142067
142091
142094
142097
142102
142113
142118
142119
142126
142127
142142
142163
142166
142172
142180
142182
142184
142186
142194
142205
142265
142324
142354
142365
142366
142369
142375
142379
142382
142386
142393
142435
142436
142445
142449
142459
142465
142502
142505
142519
142544
142592
142636
142638
142667
142669
142673
142689
142695
142705
142787
142806
142851
142854
142868
142890
142981
143078
143107
143122
143241
143248
143317
143320
143348
143374
143417
143425
143451
143453
143477
143481
143520
143524
143529
143537
143561
143570
143619
143642
143685
143691
143717
143761
143780
143916
143993
144026
144065
144084
144108
144125
144139
144164
144176
144197
144226
144265
144305
144307
144329
144347
144354
144359
144362
144434
144435
144454
144474
144476
144534
144547
144579
144586
144596
144663
144710
144777
144851
144881
144886
144889
144962
144993
145008
145054
145073
145109
145176
145205
145207
145227
145248
145259
145392
145399
145406
145407
145409
145427
145450
145452
145458
145477
145491
145495
145509
145523
145528
145561
145570
145639
145650
145714
145717
145763
145767
145811
145866
145875
145897
145959
145968
145976
145997
146003
146024
146047
146059
146062
146065
146103
146110
146154
146158
146170
146189
146199
146297
146298
146301
146325
146337
146339
146345
146364
146396
146435
146475
146490
146494
146497
146504
146505
146541
146549
146589
146595
146631
146657
146685
146718
146776
146806
146816
146841
146844
146911
146919
146959
146964
146979
146996
147008
147039
147043
147053
147168
147201
147236
147237
147239
147262
147272
147324
147325
147337
147348
147391
147402
147409
147413
147414
147428
147440
147442
147457
147468
147503
147511
147536
147537
147554
147561
147567
147617
147667
147735
147753
147754
147756
147796
147804
147805
147811
147821
147834
147876
147878
147889
147900
147964
147999
148000
148002
148003
148015
148017
148019
148025
148037
148050
148058
148079
148101
148135
148174
148175
148205
148209
148312
148313
148314
148315
148347
148348
148356
148365
148409
148411
148419
148428
148448
148488
148536
148577
148590
148602
148640
148645
148651
148656
148665
148684
148695
148734
148749
148756
148796
148812
148814
148818
148829
148841
148876
148887
148900
148967
148977
149012
149017
149023
149093
149111
149173
149208
149216
149230
149294
149344
149346
149401
149527
149591
149624
149641
149666
149719
149747
149757
149856
149889
149898
149900
149939
149944
149971
149975
150002
150016
150050
150094
150153
150168
150191
150218
150249
150335
150343
150406
150434
150440
150442
150474
150495
150503
150579
150591
150600
150662
150677
150713
150735
150757
150773
150776
150802
150812
150826
150839
150944
150945
150948
150976
151107
151130
151132
151158
151172
151173
151183
151186
151208
151225
151263
151345
151361
151364
151367
151372
151375
151388
151389
151420
151422
151518
151522
151547
151608
151705
151707
151714
151750
151822
151838
151903
151913
151930
151983
152014
152057
152063
152072
152076
152137
152167
152192
152211
152219
152227
152294
152361
152408
152436
152530
152532
152539
152564
152599
152649
152657
152668
152669
152685
152760
152850
152876
152918
152955
152991
153005
153006
153032
153050
153052
153128
153134
153136
153148
153161
153200
153244
153349
153390
153478
153482
153494
153552
153574
153578
153585
153611
153646
153664
153691
153743
153778
153785
153820
153828
153856
153884
153890
153891
153959
153967
154041
154150
154155
154200
154245
154250
154258
154261
154274
154281
154284
154289
154305
154374
154394
154406
154415
154430
154438
154441
154470
154505
154510
154556
154573
154578
154593
154605
154609
154630
154634
154637
154655
154658
154668
154693
154777
154781
154869
154919
154920
154944
154947
154948
154959
154975
154978
155004
155026
155033
155042
155072
155083
155127
155131
155145
155151
155163
155186
155190
155194
155218
155269
155299
155324
155337
155364
155368
155413
155418
155442
155458
155470
155564
155579
155613
155697
155705
155745
155800
155832
155838
155883
155896
155914
155917
155951
155962
155992
156010
156041
156054
156066
156146
156153
156169
156220
156229
156304
156316
156323
156346
156381
156413
156438
156509
156526
156530
156561
156609
156614
156700
156743
156744
156777
156786
156808
156815
156833
156901
156914
156915
156917
156932
156947
156979
156987
157041
157042
157044
157056
157079
157084
157090
157098
157123
157181
157252
157270
157308
157413
157428
157462
157470
157511
157517
157526
157549
157550
157551
157575
157590
157594
157600
157620
157656
157726
157754
157767
157801
157872
157879
157880
157882
157927
157996
158010
158031
158080
158089
158096
158098
158216
158280
158313
158345
158348
158364
158374
158379
158525
158529
158533
158641
158643
158724
158725
158755
158786
158796
158802
158840
158843
158853
158878
158880
158911
158924
158976
158977
159012
159020
159026
159040
159050
159051
159090
159144
159168
159187
159224
159248
159279
159332
159409
159414
159421
159434
159443
159447
159477
159513
159549
159563
159587
159597
159758
159776
159796
159823
159912
159983
159989
160040
160042
160067
160087
160142
160151
160159
160160
160167
160236
160251
160261
160266
160273
160302
160329
160342
160345
160367
160370
160371
160387
160448
160456
160488
160507
160517
160532
160554
160564
160601
160657
160667
160669
160675
160691
160717
160771
160790
160818
160823
160827
160831
160834
160838
160888
160988
160994
160996
160997
160999
161006
161052
161079
161109
161122
161141
161196
161250
161273
161311
161353
161407
161444
161461
161484
161526
161528
161555
161644
161655
161662
161715
161731
161737
161772
161780
161791
161817
161823
161890
161960
162021
162050
162068
162127
162129
162140
162145
162221
162269
162303
162317
162342
162364
162371
162375
162400
162402
162413
162488
162507
162514
162520
162524
162533
162578
162582
162588
162590
162604
162631
162634
162657
162711
162722
162751
162760
162795
162798
162818
162827
162833
162910
162931
162941
162974
162985
162991
163202
163211
163266
163327
163343
163345
163414
163432
163449
163485
163517
163520
163523
163525
163539
163591
163664
163696
163729
163736
163756
163800
163809
163814
163815
163833
163852
163855
163857
163904
163920
163940
163964
163979
163985
164014
164044
164058
164066
164085
164091
164107
164133
164149
164153
164208
164216
164240
164247
164260
164261
164273
164281
164328
164348
164387
164429
164449
164461
164568
164569
164583
164601
164607
164609
164618
164645
164648
164655
164657
164673
164679
164682
164728
164743
164753
164756
164757
164764
164781
164860
164885
164956
165037
165040
165041
165046
165050
165054
165078
165107
165130
165138
165188
165189
165191
165195
165278
165321
165330
165353
165361
165368
165378
165382
165388
165398
165404
165408
165495
165501
165541
165552
165567
165583
165599
165605
165631
165649
165667
165687
165713
165726
165745
165747
165753
165759
165778
165821
165824
165885
165971
165992
166026
166101
166133
166139
166156
166165
166174
166190
166199
166215
166278
166320
166329
166335
166354
166355
166385
166440
166452
166466
166468
166473
166482
166511
166523
166524
166535
166584
166628
166693
166718
166802
166815
166856
166859
166868
166907
166956
166959
166960
166982
166989
167017
167100
167162
167208
167242
167249
167256
167258
167315
167338
167341
167382
167402
167412
167445
167446
167454
167499
167505
167514
167617
167655
167663
167678
167686
167719
167751
167759
167779
167787
167802
167809
167833
167837
167911
167936
167937
167947
167956
167981
168027
168040
168075
168090
168105
168106
168199
168201
168228
168245
168262
168271
168408
168460
168496
168506
168510
168524
168528
168530
168589
168609
168625
168650
168683
168777
168786
168805
168836
168847
168921
168924
168925
168967
168974
169058
169085
169123
169194
169195
169265
169279
169290
169291
169330
169373
169394
169425
169431
169509
169511
169512
169513
169519
169539
169611
169654
169698
169710
169726
169743
169747
169762
169766
169769
169775
169784
169823
169849
169857
169861
169875
169910
169936
169937
169946
169976
170008
170056
170113
170159
170269
170298
170311
170344
170351
170357
170365
170398
170407
170440
170541
170543
170562
170563
170581
170588
170590
170600
170631
170701
170765
170792
170815
170827
170828
170863
170894
170922
170923
170926
170931
170981
171129
171130
171189
171232
171250
171263
171272
171318
171322
171324
171409
171413
171464
171480
171482
171486
171590
171629
171630
171641
171643
171679
171691
171702
171716
171717
171718
171741
171750
171772
171775
171781
171873
171875
171924
171945
171954
171989
172060
172070
172102
172184
172257
172301
172329
172350
172354
172364
172383
172407
172410
172417
172418
172472
172487
172489
172495
172496
172508
172522
172533
172589
172617
172667
172670
172707
172758
172771
172797
172848
172860
172884
172908
172921
172973
172991
173012
173046
173070
173081
173100
173220
173250
173255
173271
173297
173350
173356
173367
173379
173386
173434
173442
173494
173533
173582
173629
173636
173705
173719
173732
173765
173771
173842
173879
173902
173940
173984
174010
174023
174073
174098
174146
174151
174154
174155
174197
174202
174210
174232
174251
174292
174307
174382
174412
174494
174497
174519
174521
174528
174562
174589
174697
174700
174704
174740
174760
174785
174802
174816
174819
174850
174952
174975
174995
175015
175016
175029
175044
175164
175175
175177
175183
175188
175207
175244
175255
175269
175295
175317
175327
175335
175336
175345
175382
175424
175436
175453
175511
175535
175544
175563
175582
175603
175615
175620
175644
175650
175652
175673
175698
175736
175737
175753
175766
175774
175805
175817
175860
175881
175926
175959
175978
176036
176087
176104
176106
176134
176139
176165
176200
176203
176312
176319
176330
176338
176345
176371
176375
176382
176433
176459
176466
176486
176567
176619
176662
176695
176698
176717
176723
176775
176795
176835
176853
176856
176864
176869
176872
176897
176937
176948
176979
176986
177028
177029
177054
177055
177123
177141
177218
177242
177250
177254
177255
177294
177318
177335
177352
177389
177390
177397
177401
177446
177455
177483
177500
177520
177522
177575
177614
177619
177642
177644
177675
177684
177695
177699
177708
177739
177764
177767
177774
177777
177782
177794
177843
177860
177965
178041
178090
178163
178176
178197
178203
178218
178250
178261
178262
178284
178358
178386
178390
178397
178431
178496
178524
178565
178594
178601
178628
178671
178672
178728
178738
178740
178751
178767
178779
178824
178842
178851
178866
178956
178959
178982
178983
178984
178995
179031
179058
179111
179125
179141
179142
179158
179167
179214
179221
179255
179259
179264
179278
179286
179287
179301
179311
179325
179362
179386
179414
179423
179433
179446
179478
179479
179494
179507
179510
179558
179602
179617
179671
179673
179709
179713
179756
179779
179787
179792
179801
179802
179811
179818
179836
179844
179904
179925
179928
179954
179960
179962
180036
180066
180089
180113
180115
180118
180137
180142
180146
180147
180157
180163
180169
180173
180178
180198
180226
180244
180254
180265
180354
180403
180408
180431
180489
180496
180503
180520
180543
180597
180599
180644
180651
180658
180669
180709
180715
180749
180763
180768
180799
180806
180809
180832
180869
180894
180897
180918
180922
180969
180973
181014
181123
181163
181173
181209
181236
181336
181342
181355
181376
181406
181410
181475
181483
181495
181510
181517
181520
181521
181541
181616
181702
181710
181717
181740
181777
181779
181780
181784
181786
181788
181830
181835
181847
181851
181854
181920
181940
182015
182030
182056
182091
182100
182133
182147
182148
182150
182158
182170
182189
182190
182206
182207
182212
182232
182249
182250
182258
182297
182318
182353
182354
182355
182420
182474
182501
182566
182573
182575
182580
182623
182624
182632
182638
182643
182649
182704
182709
182786
182810
182906
182907
182913
182915
182944
182962
182964
183022
183032
183038
183093
183102
183127
183158
183168
183178
183187
183188
183267
183305
183323
183330
183336
183338
183344
183365
183371
183404
183415
183497
183509
183514
183523
183533
183536
183538
183542
183543
183546
183553
183558
183644
183707
183729
183747
183753
183805
183838
183849
183906
183907
183939
183958
183969
183972
183982
183996
184055
184058
184071
184085
184111
184144
184181
184240
184246
184250
184255
184309
184313
184320
184354
184408
184471
184487
184488
184491
184497
184506
184634
184652
184699
184709
184712
184814
184824
184836
184847
184903
184937
184943
184995
184996
185001
185007
185027
185055
185154
185162
185186
185194
185209
185215
185226
185232
185254
185306
185336
185363
185405
185446
185466
185490
185518
185546
185576
185650
185752
185756
185780
185790
185791
185798
185804
185881
185883
185900
185918
185970
185979
185994
185998
186045
186070
186088
186089
186094
186149
186160
186172
186216
186306
186432
186433
186467
186542
186548
186563
186580
186606
186607
186611
186663
186667
186677
186706
186725
186774
186863
186865
186879
186881
186906
186929
186952
186961
186972
187035
187055
187066
187132
187134
187148
187163
187169
187242
187271
187296
187317
187357
187359
187374
187406
187442
187564
187603
187608
187632
187650
187675
187699
187747
187751
187769
187771
187788
187801
187822
187903
188000
188014
188036
188044
188058
188064
188065
188092
188105
188125
188168
188217
188222
188230
188280
188306
188323
188343
188346
188347
188443
188529
188539
188554
188576
188589
188624
188646
188683
188692
188696
188705
188714
188759
188776
188787
188825
188837
188865
188875
188878
188881
188891
188896
188913
188948
188953
188987
188996
189027
189044
189059
189063
189094
189114
189150
189200
189208
189275
189285
189288
189294
189302
189313
189318
189340
189370
189454
189459
189489
189525
189552
189581
189584
189610
189717
189726
189732
189758
189801
189844
189848
189857
189858
189889
189931
189967
189989
189993
190052
190062
190087
190134
190153
190182
190199
190249
190325
190332
190338
190360
190363
190378
190394
190395
190405
190406
190413
190422
190435
190436
190448
190461
190468
190488
190490
190499
190502
190511
190530
190531
190556
190573
190576
190592
190602
190644
190655
190677
190690
190693
190700
190776
190822
190874
190911
191019
191032
191072
191100
191109
191158
191169
191181
191232
191236
191269
191296
191316
191324
191333
191428
191433
191441
191442
191625
191628
191728
191751
191769
191770
191798
191879
191884
191925
191935
191971
191979
191980
191985
192002
192004
192013
192037
192045
192062
192099
192190
192199
192205
192210
192240
192252
192281
192299
192305
192311
192317
192355
192361
192369
192458
192524
192527
192529
192551
192564
192582
192693
192717
192718
192727
192730
192731
192765
192775
192778
192780
192802
192805
192806
192862
192905
192915
192916
192947
192966
192980
193069
193078
193099
193100
193110
193163
193175
193185
193192
193208
193212
193236
193248
193268
193275
193285
193294
193298
193358
193374
193378
193406
193461
193464
193477
193480
193484
193518
193559
193563
193570
193577
193591
193638
193641
193642
193658
193660
193669
193675
193757
193813
193817
193849
193931
193935
193936
193956
193963
193971
193989
194012
194026
194042
194048
194068
194092
194139
194170
194205
194213
194223
194228
194251
194312
194329
194331
194338
194374
194389
194394
194408
194571
194634
194640
194672
194747
194774
194809
194942
194959
195050
195059
195069
195100
195120
195164
195184
195212
195228
195230
195271
195321
195371
195394
195398
195435
195463
195490
195503
195526
195536
195537
195542
195544
195545
195621
195629
195648
195653
195691
195699
195708
195716
195735
195742
195772
195819
195854
195864
195869
195880
195885
195938
195941
195977
195997
196032
196063
196072
196082
196083
196115
196128
196137
196138
196142
196154
196161
196173
196175
196183
196184
196186
196206
196215
196218
196224
196236
196244
196281
196295
196301
196320
196329
196336
196347
196350
196364
196390
196410
196413
196417
196423
196431
196436
196515
196544
196553
196561
196575
196591
196613
196618
196637
196647
196655
196672
196694
196783
196799
196803
196810
196813
196814
196825
196827
196831
196840
196855
196857
196866
196872
196885
196920
196923
196925
196950
196958
196972
196986
196988
196991
197003
197025
197049
197051
197068
197149
197296
197298
197308
197322
197332
197343
197363
197369
197401
197403
197410
197422
197424
197464
197468
197469
197482
197489
197499
197545
197549
197550
197586
197604
197607
197609
197617
197619
197633
197648
197672
197676
197680
197684
197698
197699
197700
197705
197710
197715
197721
197730
197751
197858
197879
197880
197924
197954
198000
198092
198115
198121
198153
198194
198271
198285
198301
198303
198308
198317
198318
198319
198332
198343
198353
198374
198376
198404
198425
198432
198449
198465
198473
198495
198551
198561
198568
198575
198586
198593
198625
198629
198636
198667
198686
198717
198727
198729
198756
198786
198808
198810
198841
198846
198847
198848
198891
198892
198899
198902
198925
198993
199027
199118
199163
199225
199229
199273
199281
199296
199321
199330
199372
199376
199401
199410
199459
199484
199559
199593
199606
199622
199635
199666
199674
199677
199720
199759
199778
199783
199804
199863
199876
199920
199925
200031
200053
200066
200114
200136
200141
200161
200236
200271
200289
200299
200322
200330
200331
200332
200351
200363
200374
200474
200482
200508
200523
200563
200576
200632
200663
200670
200682
200684
200736
200840
200910
200934
200946
200963
200964
200973
201016
201035
201043
201049
201104
201154
201183
201189
201209
201236
201240
201314
201336
201355
201390
201409
201451
201481
201499
201512
201538
201576
201580
201588
201600
201616
201677
201748
201820
201826
201827
201835
201878
201898
201932
201978
202001
202014
202015
202018
202020
202080
202126
202155
202156
202164
202226
202256
202349
202363
202385
202424
202463
202472
202483
202501
202503
202526
202550
202573
202593
202625
202634
202754
202793
202838
202849
202859
202941
202948
202953
202996
203012
203062
203076
203079
203087
203112
203116
203123
203127
203128
203133
203136
203137
203155
203159
203177
203182
203227
203371
203421
203440
203452
203476
203483
203502
203505
203516
203529
203635
203659
203735
203739
203747
203755
203759
203776
203781
203788
203798
203802
203805
203822
203846
203861
203862
203868
203889
203911
203923
203985
204003
204096
204100
204106
204118
204158
204213
204220
204229
204236
204276
204304
204316
204340
204361
204362
204397
204456
204458
204462
204467
204475
204510
204570
204602
204618
204747
204838
204861
204883
204958
204980
205014
205074
205093
205112
205113
205176
205215
205216
205319
205346
205398
205406
205407
205431
205438
205448
205495
205555
205592
205614
205704
205717
205720
205783
205856
205915
205922
205937
205959
205961
206018
206071
206073
206080
206088
206091
206147
206175
206189
206198
206210
206213
206236
206271
206275
206336
206343
206375
206392
206422
206426
206493
206623
206647
206653
206662
206685
206689
206771
206813
206818
206859
206908
206910
206918
206923
206936
206942
206959
207007
207101
207168
207183
207206
207210
207212
207217
207282
207294
207297
207316
207317
207381
207428
207452
207464
207469
207524
207543
207599
207634
207651
207718
207736
207757
207773
207795
207828
207844
207846
207850
207899
207909
207964
207975
207996
208014
208035
208040
208096
208097
208100
208112
208163
208173
208185
208219
208241
208302
208307
208356
208361
208412
208423
208428
208451
208486
208499
208500
208562
208563
208566
208594
208621
208625
208685
208689
208708
208714
208728
208746
208771
208898
208936
208942
208943
208963
208977
209059
209100
209143
209148
209159
209235
209240
209288
209336
209350
209352
209376
209478
209495
209520
209562
209623
209626
209763
209764
209810
209835
209863
209905
209941
209971
209974
210042
210075
210090
210095
210120
210122
210130
210132
210165
210166
210212
210224
210231
210283
210300
210305
210306
210309
210338
210346
210379
210392
210436
210452
210473
210490
210505
210517
210537
210540
210550
210578
210583
210619
210623
210663
210743
210772
210815
210831
210848
210867
210973
210984
210992
210996
211007
211065
211068
211069
211073
211085
211134
211155
211169
211195
211221
211251
211256
211287
211288
211300
211339
211340
211349
211369
211370
211372
211391
211444
211462
211523
211545
211580
211582
211588
211643
211645
211658
211681
211696
211829
211869
211874
211882
211897
211920
211951
211964
211978
211984
211998
212037
212066
212074
212127
212135
212178
212185
212286
212302
212321
212341
212370
212466
212531
212576
212580
212661
212732
212735
212763
212852
212875
212946
212991
213010
213059
213060
213064
213071
213078
213102
213110
213124
213167
213199
213211
213223
213239
213244
213277
213284
213287
213303
213305
213327
213331
213384
213414
213458
213492
213507
213508
213588
213663
213664
213684
213696
213731
213733
213742
213755
213774
213780
213781
213820
213828
213837
213875
213894
213946
214014
214144
214177
214187
214216
214261
214271
214303
214306
214309
214316
214322
214324
214349
214357
214377
214458
214482
214512
214548
214587
214668
214699
214788
214814
214835
214836
214837
214873
214884
214932
214976
214989
215008
215033
215044
215049
215060
215096
215101
215153
215189
215210
215215
215218
215280
215305
215306
215323
215332
215343
215407
215517
215531
215549
215554
215573
215591
215616
215625
215661
215677
215736
215738
215765
215829
215842
215852
215861
215868
215873
215915
215916
215976
215982
216025
216050
216051
216064
216107
216178
216187
216202
216206
216213
216230
216248
216257
216285
216294
216297
216327
216344
216350
216374
216380
216432
216444
216470
216480
216483
216496
216497
216529
216550
216551
216566
216590
216593
216608
216618
216660
216842
216844
216854
216869
216878
216917
216929
217024
217054
217063
217066
217111
217180
217197
217273
217306
217314
217326
217327
217331
217348
217380
217434
217448
217451
217549
217561
217580
217593
217638
217648
217664
217691
217700
217716
217777
217789
217879
217932
217993
218020
218130
218154
218169
218265
218269
218305
218334
218348
218381
218454
218484
218497
218523
218544
218568
218604
218608
218611
218613
218614
218616
218622
218662
218692
218703
218750
218751
218759
218781
218788
218796
218798
218801
218814
218828
218853
218889
218898
218899
218910
218914
218935
218943
218961
219011
219025
219028
219048
219074
219087
219097
219121
219122
219134
219154
219157
219181
219192
219197
219210
219218
219248
219258
219263
219288
219299
219303
219319
219340
219349
219367
219394
219426
219510
219527
219551
219571
219604
219657
219694
219698
219766
219778
219805
219822
219850
219875
219884
219893
219897
219901
219908
219912
219916
219930
219954
219955
219959
219973
219985
220001
220013
220100
220145
220164
220168
220186
220193
220223
220297
220308
220332
220341
220344
220362
220364
220366
220436
220459
220469
220485
220518
220520
220526
220536
220551
220573
220591
220675
220696
220701
220703
220727
220728
220744
220776
220795
220814
220816
220817
220961
220971
220991
220995
221055
221101
221125
221130
221149
221159
221233
221241
221269
221279
221280
221300
221314
221350
221351
221374
221419
221448
221477
221500
221537
221547
221572
221614
221631
221680
221689
221749
221840
221841
221880
221933
221945
222017
222042
222065
222068
222080
222090
222105
222166
222179
222181
222186
222190
222215
222237
222239
222241
222251
222270
222290
222297
222305
222325
222347
222399
222403
222412
222416
222463
222464
222465
222480
222497
222499
222503
222514
222528
222539
222565
222569
222582
222595
222600
222607
222619
222622
222627
222628
222662
222689
222705
222758
222776
222837
222839
222864
222906
222922
223002
223003
223026
223067
223076
223083
223101
223105
223121
223161
223229
223240
223257
223259
223266
223283
223286
223318
223368
223375
223408
223416
223441
223461
223489
223494
223495
223516
223519
223521
223527
223534
223584
223586
223666
223674
223700
223701
223705
223706
223712
223724
223726
223728
223767
223778
223828
223832
223860
223870
223883
223933
223941
223966
224065
224101
224119
224173
224193
224199
224202
224273
224276
224279
224288
224298
224339
224353
224362
224380
224433
224504
224518
224524
224525
224545
224613
224617
224643
224644
224719
224736
224740
224748
224781
224782
224796
224835
224857
224861
224879
224888
224900
224906
224915
224936
224958
224960
225001
225005
225021
225030
225036
225069
225086
225093
225095
225185
225192
225195
225197
225202
225221
225236
225276
225288
225323
225332
225354
225364
225365
225366
225382
225409
225446
225470
225474
225501
225521
225545
225617
225627
225666
225696
225703
225716
225736
225775
225791
225831
225915
225918
225948
225959
225961
225963
225977
225980
225985
226007
226011
226058
226127
226252
226286
226287
226319
226358
226373
226394
226461
226495
226574
226587
226643
226671
226677
226708
226732
226797
226833
226843
226847
226849
226945
226973
226981
226987
227004
227007
227012
227026
227039
227042
227067
227072
227079
227114
227187
227197
227209
227217
227228
227278
227324
227337
227382
227416
227421
227439
227443
227446
227452
227465
227468
227476
227521
227529
227534
227567
227629
227649
227662
227672
227679
227720
227744
227766
227767
227772
227790
227804
227812
227860
227861
227920
227959
227965
227968
228053
228172
228196
228199
228209
228241
228263
228289
228311
228315
228342
228391
228398
228402
228426
228428
228481
228577
228600
228724
228732
228736
228742
228747
228754
228768
228771
228780
228787
228796
228807
228835
228896
228897
229005
229011
229049
229060
229079
229083
229086
229135
229138
229164
229203
229211
229244
229305
229311
229313
229315
229318
229327
229339
229380
229385
229390
229436
229454
229474
229488
229494
229495
229508
229514
229586
229596
229605
229610
229617
229641
229650
229675
229689
229731
229789
229839
229970
229973
229979
229994
229996
230003
230017
230086
230087
230116
230151
230196
230220
230229
230246
230295
230332
230346
230353
230364
230378
230403
230438
230445
230451
230498
230512
230645
230648
230654
230662
230680
230685
230697
230705
230789
230795
230804
230814
230833
230834
230841
230862
230864
230873
230882
230883
230894
230932
230947
230949
230952
230976
231023
231029
231092
231129
231132
231134
231140
231155
231180
231185
231225
231234
231239
231267
231392
231424
231427
231428
231442
231468
231568
231580
231582
231618
231671
231777
231794
231861
231866
231899
231909
231958
231965
231966
232023
232048
232080
232110
232126
232130
232188
232254
232311
232321
232349
232354
232359
232360
232457
232493
232497
232532
232585
232600
232631
232652
232653
232676
232680
232717
232736
232773
232801
232833
232898
232903
232911
232925
232930
232936
232986
233031
233046
233066
233101
233109
233161
233236
233290
233435
233506
233561
233624
233629
233648
233651
233656
233675
233682
233749
233779
233812
233891
233973
234002
234033
234055
234073
234102
234118
234142
234145
234152
234157
234180
234261
234299
234301
234329
234348
234404
234484
234521
234578
234623
234639
234649
234652
234653
234656
234658
234666
234676
234682
234743
234765
234780
234821
234833
234837
234924
234937
234964
234966
234976
235087
235114
235147
235148
235181
235183
235221
235257
235271
235304
235329
235342
235373
235379
235387
235389
235461
235465
235469
235562
235587
235598
235608
235619
235623
235641
235660
235705
235728
235743
235821
235842
235935
235937
235940
235960
236007
236012
236042
236074
236075
236079
236106
236130
236161
236172
236183
236218
236227
236275
236292
236307
236310
236312
236330
236357
236395
236401
236408
236434
236446
236483
236501
236537
236558
236572
236610
236665
236694
236712
236731
236733
236734
236740
236746
236843
236871
236876
236919
236952
236978
236996
237013
237014
237095
237102
237120
237295
237296
237304
237368
237375
237418
237420
237426
237431
237465
237516
237580
237640
237641
237668
237695
237734
237747
237752
237759
237763
237775
237782
237787
237810
237812
237817
237822
237826
237829
237830
237927
237940
237968
237998
238027
238030
238031
238033
238056
238083
238084
238122
238166
238189
238207
238287
238313
238325
238356
238375
238397
238399
238402
238411
238448
238501
238566
238583
238625
238628
238650
238656
238664
238674
238676
238681
238692
238710
238742
238743
238770
238809
238818
238833
238848
238865
238887
238975
239020
239027
239029
239076
239081
239083
239161
239234
239261
239274
239308
239370
239377
239462
239507
239576
239583
239590
239596
239604
239611
239619
239629
239634
239638
239747
239752
239779
239797
239832
239868
239934
239950
239975
240023
240025
240027
240032
240042
240074
240075
240077
240088
240151
240168
240235
240348
240382
240406
240408
240461
240478
240493
240494
240519
240525
240526
240590
240634
240642
240675
240679
240699
240709
240724
240731
240752
240755
240788
240793
240827
240856
240873
240874
240905
240993
241006
241012
241054
241156
241172
241178
241179
241273
241320
241334
241338
241342
241374
241400
241410
241416
241551
241575
241633
241661
241697
241709
241741
241745
241774
241824
241863
241884
241929
241930
241936
241947
242008
242051
242054
242104
242114
242141
242142
242144
242150
242272
242274
242340
242352
242355
242360
242362
242375
242389
242402
242436
242446
242479
242511
242518
242545
242566
242573
242607
242648
242651
242652
242761
242789
242812
242823
242873
242875
242877
242956
242972
242982
242986
243042
243061
243065
243140
243144
243173
243193
243197
243270
243277
243312
243347
243370
243394
243401
243426
243454
243471
243500
243617
243620
243658
243661
243662
243684
243737
243750
243767
243796
243801
243851
243859
243907
243935
244007
244191
244290
244301
244318
244327
244342
244343
244393
244434
244437
244452
244485
244583
244635
244674
244688
244699
244700
244706
244724
244734
244736
244819
244827
244838
244876
244898
244902
244916
244940
244944
244949
244963
244970
244981
244983
244986
244988
245013
245020
245040
245123
245152
245206
245207
245234
245257
245299
245373
245398
245413
245438
245479
245518
245529
245531
245536
245541
245568
245605
245646
245657
245662
245663
245694
245699
245738
245751
245781
245788
245809
245854
245871
245883
245922
245934
245945
246006
246015
246018
246021
246025
246052
246065
246066
246071
246074
246081
246099
246104
246113
246119
246129
246130
246188
246207
246235
246250
246268
246275
246291
246300
246302
246313
246362
246366
246416
246424
246455
246458
246535
246617
246657
246696
246709
246720
246721
246752
246766
246767
246804
246809
246827
246835
246842
246847
246865
246923
246926
246927
246929
246945
246947
246966
247008
247012
247028
247031
247038
247047
247071
247074
247111
247196
247213
247236
247280
247313
247363
247434
247441
247450
247490
247497
247498
247518
247574
247622
247637
247668
247672
247750
247754
247983
248020
248021
248030
248053
248064
248070
248071
248082
248093
248115
248130
248261
248274
248336
248337
248377
248424
248443
248475
248517
248518
248524
248601
248642
248717
248730
248742
248783
248787
248800
248892
248894
248931
248967
248970
249003
249034
249042
249049
249077
249085
249096
249114
249121
249135
249156
249174
249198
249212
249228
249234
249259
249261
249290
249291
249336
249348
249434
249446
249461
249482
249490
249491
249495
249546
249594
249607
249685
249694
249704
249758
249812
249829
249882
249883
249896
249899
249905
249928
249929
249945
249961
249962
249965
249993
250003
250010
250021
250036
250045
250050
250055
250098
250143
250197
250248
250342
250364
250365
250366
250371
250375
250399
250417
250423
250426
250430
250433
250445
250448
250471
250556
250597
250598
250607
250614
250617
250758
250819
250851
250855
250858
250865
250883
250885
250897
250899
250905
250911
250916
250938
250991
251011
251056
251079
251088
251106
251119
251134
251164
251181
251248
251254
251263
251272
251280
251288
251290
251311
251326
251367
251378
251402
251419
251428
251542
251544
251545
251549
251552
251586
251621
251623
251632
251693
251700
251711
251712
251746
251754
251758
251761
251763
251771
251790
251797
251798
251800
251805
251811
251834
251842
251847
251848
251857
251862
251895
251901
251916
251918
251928
251932
252119
252148
252209
252239
252281
252298
252315
252324
252325
252334
252353
252359
252373
252383
252413
252497
252500
252586
252588
252614
252626
252635
252658
252660
252661
252672
252705
252715
252744
252756
252766
252781
252786
252787
252860
252892
252893
252908
252909
252912
252926
252934
252937
252976
252981
252983
252994
252996
253007
253025
253031
253036
253045
253065
253076
253078
253091
253095
253116
253120
253183
253206
253210
253220
253233
253284
253287
253290
253312
253314
253341
253342
253368
253371
253427
253565
253583
253584
253640
253652
253705
253749
253755
253756
253769
253822
253849
253859
253866
253891
253898
253904
253909
253925
253995
254025
254030
254097
254132
254134
254137
254143
254149
254198
254288
254297
254306
254307
254342
254353
254371
254440
254446
254504
254511
254513
254517
254559
254598
254616
254686
254714
254751
254753
254756
254758
254771
254786
254790
254794
254799
254805
254809
254823
254828
254841
254844
254848
254871
254918
254939
254964
254966
254971
254977
255016
255025
255092
255116
255189
255277
255290
255358
255389
255395
255399
255401
255406
255460
255478
255479
255480
255511
255516
255561
255570
255588
255606
255607
255618
255623
255635
255644
255649
255666
255677
255714
255715
255729
255732
255786
255802
255849
255858
255867
255881
255886
255902
255921
255973
255979
255986
256036
256097
256112
256123
256244
256260
256268
256269
256272
256274
256288
256295
256325
256329
256330
256332
256333
256334
256373
256400
256462
256489
256572
256573
256574
256583
256607
256622
256638
256655
256665
256680
256700
256723
256770
256789
256794
256836
256838
256842
256851
256854
256867
256872
256885
256891
256894
256913
256915
256982
256985
257033
257047
257096
257127
257136
257139
257167
257176
257211
257254
257261
257295
257420
257424
257425
257426
257427
257428
257437
257451
257470
257482
257484
257489
257596
257659
257662
257664
257667
257673
257680
257693
257698
257712
257714
257727
257733
257738
257740
257757
257764
257769
257772
257777
257780
257783
257794
257828
257830
257843
257845
257849
257868
257876
257974
257998
258006
258008
258011
258012
258016
258038
258053
258065
258080
258081
258132
258133
258137
258176
258204
258214
258227
258287
258323
258327
258331
258345
258464
258467
258519
258546
258552
258617
258622
258630
258647
258657
258668
258673
258675
258712
258809
258827
258847
258861
258874
258889
258892
258913
258934
258994
259003
259089
259119
259131
259132
259143
259154
259177
259181
259209
259211
259253
259271
259287
259288
259308
259316
259356
259427
259446
259452
259454
259455
259525
259530
259564
259598
259674
259698
259705
259725
259727
259733
259735
259736
259761
259770
259777
259812
259821
259829
259841
259843
259861
259918
259921
259957
260003
260044
260097
260098
260099
260101
260107
260151
260154
260156
260158
260163
260187
260207
260208
260211
260244
260254
260323
260361
260444
260492
260501
260516
260541
260560
260581
260631
260704
260717
260752
260800
260805
260817
260823
260887
260904
260984
261038
261049
261074
261081
261086
261154
261157
261198
261205
261260
261316
261332
261485
261510
261516
261552
261579
261625
261719
261727
261739
261772
261776
261828
261846
261858
261861
261863
261870
261875
261892
261893
261966
261971
261973
261982
262088
262089
262092
262180
262184
262193
262211
262212
262222
262263
262306
262307
262330
262369
262433
262446
262453
262463
262513
262524
262534
262542
262601
262616
262621
262633
262641
262642
262650
262663
262720
262738
262746
262747
262770
262775
262783
262786
262791
262822
262836
262870
262894
262909
262931
262951
262954
262991
262997
263008
263042
263057
263072
263083
263085
263091
263095
263108
263116
263138
263155
263169
263204
263228
263230
263237
263253
263266
263286
263298
263392
263401
263408
263410
263420
263421
263431
263460
263465
263485
263499
263524
263526
263552
263562
263566
263586
263589
263595
263596
263621
263636
263674
263696
263698
263711
263712
263720
263724
263735
263745
263772
263780
263782
263790
263826
263828
263860
263869
263885
263893
263894
263910
263944
263949
263954
263985
263987
263991
264002
264017
264031
264082
264091
264095
264106
264115
264121
264123
264125
264126
264151
264154
264161
264166
264173
264179
264225
264233
264266
264290
264304
264363
264387
264402
264407
264408
264419
264447
264522
264544
264547
264550
264551
264553
264558
264559
264570
264576
264628
264640
264644
264667
264684
264686
264761
264777
264796
264831
264842
264847
264885
264888
264890
264903
264920
264927
264932
264933
264934
264954
264974
265018
265021
265025
265028
265042
265054
265084
265116
265170
265218
265226
265230
265262
265280
265285
265318
265366
265379
265420
265490
265492
265512
265530
265542
265553
265593
265595
265596
265632
265635
265646
265727
265730
265743
265746
265762
265769
265808
265822
265833
265853
265891
265904
265919
265992
265998
265999
266001
266017
266029
266039
266080
266082
266100
266129
266143
266147
266152
266155
266174
266228
266250
266254
266296
266306
266336
266355
266384
266441
266468
266487
266511
266532
266562
266565
266566
266572
266596
266604
266607
266614
266619
266624
266665
266675
266691
266693
266700
266702
266705
266712
266726
266738
266769
266775
266777
266787
266813
266826
266829
266900
267022
267023
267026
267056
267080
267081
267093
267098
267121
267145
267149
267169
267249
267279
267431
267456
267519
267593
267630
267635
267646
267669
267687
267693
267734
267744
267799
267806
267824
267850
267853
267902
267944
267982
268004
268017
268025
268057
268079
268080
268129
268141
268149
268160
268179
268241
268247
268271
268277
268314
268320
268326
268341
268343
268345
268355
268357
268375
268380
268381
268392
268393
268402
268405
268407
268409
268416
268449
268460
268466
268481
268486
268489
268530
268538
268561
268583
268596
268625
268626
268630
268645
268650
268669
268673
268753
268756
268766
268868
268890
268923
268976
268979
268988
269007
269046
269071
269126
269128
269171
269179
269190
269207
269208
269220
269224
269244
269262
269290
269327
269331
269338
269346
269349
269353
269362
269364
269368
269374
269380
269401
269408
269453
269510
269511
269531
269542
269547
269596
269666
269694
269706
269713
269743
269771
269773
269775
269818
269833
269848
269854
269861
269882
269920
269922
270015
270022
270026
270040
270055
270106
270123
270126
270159
270166
270167
270176
270182
270184
270217
270219
270220
270221
270323
270362
270420
270490
270492
270558
270620
270624
270644
270646
270647
270652
270663
270680
270691
270697
270702
270732
270735
270751
270758
270777
270784
270793
270833
270858
270906
270950
271027
271035
271036
271041
271046
271093
271103
271230
271245
271261
271271
271294
271314
271317
271318
271334
271350
271407
271411
271453
271457
271463
271502
271511
271528
271531
271532
271548
271568
271600
271615
271619
271641
271680
271696
271721
271723
271733
271793
271832
271837
271840
271842
271845
271862
271902
271929
271963
271975
271983
272002
272048
272057
272062
272073
272075
272077
272148
272179
272191
272215
272216
272241
272283
272309
272358
272430
272450
272504
272509
272524
272582
272587
272592
272602
272609
272610
272625
272634
272641
272696
272766
272768
272771
272864
272889
272905
272917
272946
272958
272961
272973
272984
273000
273013
273033
273046
273053
273057
273060
273120
273125
273183
273186
273193
273207
273209
273212
273220
273225
273238
273333
273349
273360
273419
273441
273461
273466
273467
273468
273517
273524
273537
273538
273539
273540
273544
273550
273563
273573
273581
273592
273601
273613
273669
273680
273685
273695
273708
273709
273716
273741
273764
273793
273800
273820
273876
273913
273936
273964
273992
274015
274019
274027
274049
274053
274104
274110
274111
274112
274138
274142
274145
274155
274159
274161
274178
274184
274191
274205
274211
274212
274215
274223
274226
274232
274253
274289
274335
274389
274467
274470
274480
274529
274555
274559
274580
274589
274609
274755
274760
274797
274798
274816
274861
274875
274888
274922
274964
274974
275013
275043
275064
275117
275223
275225
275295
275302
275314
275330
275372
275492
275501
275538
275555
275602
275610
275642
275725
275741
275747
275749
275774
275777
275806
275814
275830
275837
275840
275853
275873
275878
275879
275906
275923
275944
275951
275987
275992
275999
276021
276041
276064
276101
276109
276113
276114
276127
276128
276140
276142
276209
276243
276284
276302
276322
276323
276356
276357
276379
276409
276411
276417
276421
276429
276442
276445
276476
276482
276499
276556
276578
276582
276586
276602
276613
276615
276652
276716
276727
276753
276789
276801
276810
276817
276859
276863
276866
276877
276879
276899
276903
276928
276941
276942
276947
276950
276971
277003
277055
277079
277115
277141
277152
277173
277200
277231
277268
277309
277311
277329
277330
277334
277404
277405
277407
277428
277430
277443
277457
277503
277505
277509
277519
277545
277578
277590
277592
277593
277597
277642
277687
277696
277706
277707
277734
277756
277770
277771
277775
277776
277804
277810
277849
277912
277928
277941
277981
277991
277995
278017
278024
278031
278033
278041
278048
278052
278053
278054
278067
278073
278128
278163
278179
278231
278235
278236
278242
278250
278266
278268
278270
278277
278322
278330
278360
278374
278385
278394
278407
278408
278431
278434
278435
278442
278456
278478
278499
278566
278584
278588
278623
278663
