5
69
101
119
135
148
157
180
200
204
219
226
228
234
302
355
392
406
430
453
465
508
540
575
625
673
692
712
740
743
784
788
852
879
905
958
1057
1081
1097
1112
1141
1174
1198
1225
1246
1248
1293
1311
1316
1319
1329
1351
1359
1374
1383
1441
1462
1470
1489
1492
1493
1536
1560
1561
1579
1586
1594
1596
1597
1642
1651
1656
1664
1666
1673
1696
1735
1793
1794
1820
1825
1862
1870
1875
1908
1912
2026
2045
2053
2080
2114
2197
2207
2244
2290
2329
2335
2341
2345
2371
2373
2380
2524
2542
2570
2620
2644
2646
2658
2723
2753
2784
2794
2817
2819
2828
2854
2914
2926
2930
2946
2947
2949
2994
3000
3014
3018
3050
3060
3072
3082
3102
3158
3179
3223
3342
3354
3379
3398
3404
3412
3463
3575
3578
3609
3689
3722
3830
3906
3920
3921
3927
3964
3979
3981
4005
4011
4028
4056
4149
4165
4185
4273
4294
4297
4352
4360
4370
4372
4388
4401
4411
4415
4469
4551
4583
4588
4658
4687
4723
4762
4768
4773
4843
4861
4865
4882
4936
4943
4993
5017
5023
5025
5027
5044
5071
5123
5166
5181
5217
5250
5364
5389
5414
5443
5465
5485
5496
5516
5537
5569
5577
5587
5608
5639
5659
5700
5764
5789
5816
5831
5832
5881
5981
6033
6045
6094
6137
6154
6167
6195
6242
6248
6306
6311
6316
6329
6348
6355
6418
6451
6456
6469
6474
6478
6555
6609
6654
6668
6685
6714
6859
6879
6914
6922
6935
6945
6953
6954
6960
6964
6974
6977
6986
6988
7000
7008
7036
7038
7054
7069
7101
7141
7155
7157
7173
7179
7215
7231
7264
7274
7277
7280
7289
7299
7308
7336
7377
7391
7423
7445
7614
7665
7670
7672
7691
7699
7710
7744
7871
7884
7893
7931
7948
7980
7999
8044
8063
8114
8133
8148
8249
8312
8319
8336
8340
8396
8434
8447
8469
8488
8519
8522
8587
8598
8645
8665
8669
8713
8752
8813
8857
8865
8874
8934
8972
9083
9095
9163
9167
9183
9232
9303
9352
9364
9373
9497
9543
9581
9608
9616
9650
9668
9677
9696
9723
9724
9738
9756
9759
9778
9790
9816
9941
9959
9966
10033
10036
10037
10128
10160
10161
10170
10184
10199
10218
10219
10220
10262
10271
10301
10308
10333
10351
10358
10370
10388
10425
10446
10447
10454
10463
10509
10550
10566
10567
10586
10648
10742
10814
10825
11024
11089
11118
11120
11155
11165
11174
11179
11218
11278
11317
11363
11369
11452
11486
11500
11505
11509
11525
11570
11583
11607
11620
11659
11663
11666
11668
11676
11697
11815
11829
11831
11887
11891
11897
11912
11961
11972
11985
12013
12071
12080
12106
12156
12176
12191
12222
12226
12259
12278
12298
12339
12362
12388
12410
12451
12481
12554
12571
12582
12640
12641
12676
12759
12967
13040
13159
13195
13208
13220
13221
13263
13281
13292
13296
13315
13324
13377
13414
13432
13436
13442
13448
13510
13522
13526
13567
13587
13614
13636
13745
13767
13777
13781
13840
13897
13919
13924
13926
13934
13976
14002
14017
14070
14107
14123
14174
14186
14203
14257
14271
14303
14306
14313
14323
14376
14380
14409
14466
14470
14496
14552
14557
14575
14598
14602
14617
14702
14735
14777
14823
14841
14872
14929
14962
14966
14971
14972
14982
14990
14998
15022
15050
15057
15068
15121
15126
15185
15187
15200
15202
15242
15248
15260
15270
15293
15308
15324
15360
15458
15460
15467
15504
15590
15592
15593
15665
15667
15686
15692
15764
15782
15807
15869
15894
15908
15921
15996
16042
16046
16132
16174
16193
16199
16247
16267
16290
16307
16310
16323
16400
16433
16454
16459
16469
16513
16546
16571
16639
16647
16649
16661
16743
16776
16789
16818
16828
16832
16877
16893
16926
16927
16966
17006
17087
17094
17154
17187
17243
17252
17256
17356
17372
17381
17395
17414
17439
17458
17477
17500
17517
17523
17540
17543
17548
17558
17583
17604
17628
17632
17633
17662
17680
17691
17714
17722
17723
17741
17745
17756
17822
17825
17886
17932
17968
18079
18102
18125
18130
18164
18236
18242
18267
18298
18316
18336
18386
18430
18452
18455
18457
18484
18518
18573
18589
18619
18627
18673
18755
18765
18767
18786
18800
18803
18813
18835
18934
18948
18950
18952
19080
19086
19088
19105
19113
19175
19189
19210
19266
19282
19283
19348
19409
19427
19428
19490
19510
19530
19600
19624
19673
19694
19715
19726
19727
19760
19822
19845
19851
19859
19877
19900
19962
19970
20045
20061
20068
20081
20088
20119
20131
20135
20163
20213
20261
20267
20278
20300
20326
20443
20460
20473
20482
20483
20548
20578
20625
20628
20655
20659
20691
20718
20719
20762
20775
20801
20839
20878
20885
20889
20902
20923
20948
20956
20972
20997
21021
21034
21036
21083
21144
21165
21213
21219
21223
21246
21267
21289
21393
21403
21413
21430
21449
21469
21518
21569
21609
21622
21671
21689
21745
21863
21870
21876
21890
21902
21925
22000
22024
22108
22218
22222
22251
22270
22340
22368
22393
22420
22552
22555
22569
22614
22629
22631
22670
22696
22729
22747
22815
22848
22924
22965
22994
23039
23196
23266
23283
23284
23307
23326
23363
23404
23423
23435
23463
23466
23493
23494
23577
23670
23697
23710
23726
23782
23844
23847
23907
23913
23936
23940
23952
24020
24026
24039
24053
24068
24073
24084
24109
24152
24173
24178
24203
24218
24243
24323
24331
24384
24411
24422
24545
24603
24612
24614
24624
24673
24695
24714
24757
24804
24873
24893
24947
24980
25011
25138
25144
25150
25154
25170
25171
25179
25196
25219
25235
25242
25279
25282
25301
25400
25454
25517
25616
25624
25648
25655
25663
25724
25751
25787
25814
25882
25892
26034
26081
26094
26107
26117
26121
26145
26167
26243
26264
26287
26301
26332
26345
26347
26352
26458
26463
26486
26510
26512
26548
26575
26583
26597
26641
26698
26720
26727
26753
26767
26803
26827
26843
26864
26867
26887
26992
27071
27075
27078
27099
27143
27148
27201
27219
27220
27267
27344
27376
27415
27468
27563
27613
27630
27672
27703
27714
27741
27744
27752
27811
27820
27842
27848
27931
27968
27984
28017
28028
28066
28135
28192
28205
28214
28230
28260
28338
28347
28371
28376
28383
28391
28426
28464
28467
28474
28477
28522
28524
28560
28562
28566
28600
28609
28622
28703
28710
28730
28731
28786
28812
28850
28855
28884
28901
29001
29067
29085
29118
29119
29120
29124
29128
29143
29148
29173
29175
29202
29218
29241
29284
29360
29434
29561
29597
29607
29672
29776
29794
29835
29864
29877
29884
29885
29888
29919
29923
29977
29981
30020
30021
30049
30062
30069
30111
30123
30130
30133
30151
30162
30234
30282
30285
30334
30343
30438
30443
30463
30489
30492
30586
30613
30702
30709
30720
30744
30749
30771
30798
30823
30881
30884
30886
30908
30929
30943
30951
30976
30993
30998
31034
31051
31062
31070
31109
31177
31227
31234
31238
31244
31256
31285
31330
31344
31346
31398
31492
31501
31506
31508
31512
31518
31521
31530
31553
31555
31557
31583
31588
31589
31597
31620
31622
31641
31685
31698
31744
31839
31844
31856
31919
31999
32014
32035
32041
32063
32070
32085
32096
32122
32138
32139
32147
32163
32177
32205
32247
32294
32308
32319
32328
32365
32419
32428
32447
32477
32479
32486
32490
32506
32509
32510
32550
32567
32594
32607
32660
32691
32752
32807
32808
32822
32858
32868
32898
32929
32931
32934
32954
32966
32991
32998
33016
33159
33160
33165
33186
33188
33194
33204
33245
33255
33260
33311
33315
33407
33428
33434
33458
33465
33495
33502
33547
33589
33616
33621
33656
33682
33740
33840
33849
33896
33920
33939
33948
34014
34020
34031
34124
34132
34168
34182
34214
34237
34255
34262
34272
34274
34413
34447
34502
34512
34531
34553
34555
34556
34583
34625
34653
34657
34672
34691
34717
34786
34793
34832
34845
34858
34863
34939
34942
35005
35013
35088
35144
35145
35187
35191
35198
35223
35261
35264
35270
35362
35385
35406
35416
35460
35487
35511
35531
35541
35571
35624
35631
35643
35675
35697
35740
35745
35808
35839
35936
35938
35943
35952
35955
35978
36018
36037
36064
36071
36139
36152
36155
36170
36217
36251
36289
36337
36351
36356
36379
36380
36387
36393
36397
36408
36439
36443
36487
36536
36636
36655
36665
36685
36686
36692
36714
36748
36762
36807
36880
36915
36919
36973
36998
37021
37043
37106
37110
37129
37131
37170
37176
37186
37208
37213
37233
37235
37256
37268
37281
37283
37332
37343
37371
37397
37399
37422
37433
37617
37726
37932
38053
38101
38110
38114
38118
38142
38163
38195
38258
38259
38278
38323
38324
38329
38330
38346
38407
38448
38449
38453
38460
38465
38470
38472
38475
38548
38557
38608
38611
38614
38628
38633
38649
38664
38672
38751
38794
38810
38919
38926
38927
38963
38965
38967
38988
39010
39017
39069
39097
39156
39171
39180
39183
39206
39210
39215
39242
39292
39306
39331
39434
39458
39470
39474
39538
39556
39684
39713
39781
39818
39863
39883
39915
39964
40002
40148
40167
40170
40250
40258
40276
40286
40298
40304
40355
40398
40441
40534
40579
40580
40589
40595
40650
40674
40707
40758
40771
40772
40774
40909
41004
41020
41025
41054
41073
41140
41163
41222
41258
41289
41304
41342
41343
41403
41411
41434
41450
41464
41557
41566
41634
41653
41709
41759
41825
41879
41920
41972
41975
42132
42215
42233
42250
42263
42286
42293
42325
42355
42362
42386
42405
42408
42410
42420
42469
42559
42615
42618
42705
42713
42719
42737
42758
42762
42803
42831
42915
42930
42932
42984
42985
42987
43007
43019
43056
43062
43151
43175
43205
43226
43250
43260
43302
43322
43340
43343
43353
43364
43384
43403
43410
43414
43419
43448
43459
43462
43483
43508
43570
43617
43624
43678
43686
43689
43691
43707
43728
43735
43740
43745
43767
43772
43790
43807
43825
43830
43841
43846
43876
43903
43955
44014
44159
44161
44220
44248
44297
44320
44399
44412
44436
44503
44601
44645
44721
44747
44755
44757
44899
44930
45032
45056
45101
45119
45171
45195
45220
45291
45319
45325
45340
45355
45413
45430
45445
45542
45551
45552
45635
45669
45675
45683
45686
45764
45784
45798
45820
45833
45888
45891
45994
46016
46020
46027
46068
46119
46140
46170
46192
46198
46224
46256
46270
46308
46309
46314
46333
46361
46381
46384
46396
46408
46441
46450
46473
46661
46683
46697
46702
46707
46712
46785
46835
46843
46879
46904
46913
46943
47001
47007
47017
47030
47045
47057
47092
47095
47168
47184
47237
47300
47403
47405
47451
47482
47594
47626
47650
47665
47676
47682
47689
47691
47758
47761
47781
47791
47815
47822
47832
47834
47843
47914
47930
47968
47990
47991
47992
48032
48060
48098
48109
48128
48160
48161
48260
48292
48307
48339
48353
48375
48378
48397
48436
48471
48472
48474
48505
48535
48541
48564
48641
48645
48656
48662
48668
48673
48696
48750
48773
48847
48884
48932
48997
49174
49175
49176
49192
49202
49223
49284
49343
49403
49484
49603
49604
49643
49727
49729
49742
49744
49813
49844
49857
49895
49900
49911
49920
50005
50045
50076
50102
50113
50118
50134
50157
50178
50214
50229
50232
50272
50299
50310
50323
50347
50382
50386
50398
50463
50472
50476
50543
50546
50569
50587
50682
50695
50714
50729
50735
50765
50774
50785
50862
50893
50954
50991
51060
51085
51186
51232
51262
51350
51378
51397
51402
51429
51516
51553
51555
51631
51659
51795
51941
51944
51957
51990
52020
52036
52044
52077
52080
52127
52137
52207
52210
52255
52319
52348
52375
52424
52425
52444
52519
52555
52572
52638
52676
52727
52767
52780
52838
52897
52932
53060
53112
53150
53248
53257
53282
53292
53334
53385
53419
53599
53601
53695
53742
53783
53837
53889
53925
53961
54021
54031
54041
54101
54107
54112
54124
54129
54134
54139
54189
54204
54212
54249
54303
54350
54353
54355
54399
54451
54469
54504
54629
54637
54665
54684
54707
54728
54729
54732
54800
54825
54853
54861
54882
54953
54960
54985
54995
55008
55016
55032
55073
55105
55118
55124
55180
55200
55281
55297
55304
55362
55409
55410
55450
55459
55479
55548
55593
55616
55640
55642
55669
55685
55693
55705
55735
55762
55790
55840
55915
55919
55939
56033
56035
56187
56274
56288
56318
56369
56385
56394
56402
56441
56459
56481
56527
56537
56541
56634
56635
56649
56696
56701
56785
56817
56921
56965
56989
57019
57020
57041
57042
57043
57080
57110
57115
57152
57164
57180
57275
57286
57294
57304
57335
57342
57385
57420
57463
57483
57563
57715
57748
57813
57817
57838
57844
57864
57871
57879
57917
58005
58062
58083
58127
58172
58192
58227
58237
58264
58287
58388
58397
58547
58668
58715
58805
58842
58849
58979
59008
59029
59032
59087
59125
59131
59222
59254
59287
59297
59355
59431
59496
59550
59593
59680
59724
59743
59760
59813
59869
59965
59973
59980
60003
60009
60024
60051
60060
60063
60106
60123
60130
60208
60304
60335
60340
60377
60395
60397
60473
60483
60500
60502
60523
60639
60702
60788
60859
60863
60914
60926
60938
60940
60946
61006
61036
61047
61070
61101
61122
61170
61203
61254
61301
61303
61325
61348
61353
61372
61384
61417
61437
61438
61465
61509
61548
61586
61608
61609
61676
61698
61710
61787
61801
61816
61849
61886
61926
62022
62120
62144
62157
62172
62248
62287
62303
62338
62382
62436
62480
62518
62533
62539
62540
62592
62595
62620
62626
62639
62654
62664
62699
62741
62760
62766
62800
62837
62919
62978
63014
63068
63069
63106
63108
63127
63221
63290
63299
63306
63314
63323
63349
63386
63396
63411
63425
63442
63500
63508
63509
63570
63592
63617
63667
63693
63699
63705
63727
63737
63756
63760
63776
63794
63797
63805
63822
63838
63856
63872
63931
63933
63998
64050
64080
64088
64141
64153
64206
64208
64313
64420
64435
64443
64454
64456
64521
64587
64624
64659
64660
64738
64757
64764
64789
64823
64830
64847
64856
64874
64893
65025
65090
65091
65127
65145
65154
65201
65253
65299
65340
65343
65400
65439
65440
65450
65468
65498
65499
65604
65646
65749
65757
65759
65796
65812
65818
65870
65896
65897
65918
65949
65965
65973
65976
66033
66052
66070
66115
66125
66201
66204
66273
66368
66449
66453
66505
66524
66622
66637
66688
66704
66708
66759
66763
66816
66845
66849
66876
66903
66922
67030
67032
67039
67041
67052
67072
67091
67093
67143
67209
67243
67281
67295
67297
67369
67388
67427
67447
67512
67542
67551
67565
67633
67773
67786
67898
67900
67923
67934
67951
68028
68041
68085
68119
68142
68193
68240
68264
68273
68292
68300
68363
68390
68419
68450
68458
68460
68489
68524
68549
68588
68632
68656
68687
68693
68694
68700
68718
68762
68772
68789
68818
68843
68860
68876
68932
68957
69007
69013
69037
69070
69150
69191
69202
69226
69303
69305
69306
69386
69399
69412
69435
69441
69461
69509
69523
69633
69638
69679
69680
69799
69834
69911
69923
69959
69972
70022
70069
70079
70089
70108
70161
70219
70223
70239
70249
70297
70317
70323
70331
70348
70365
70366
70394
70405
70457
70527
70588
70621
70624
70627
70632
70720
70723
70769
70776
70862
70879
70884
70889
70912
70953
70969
70989
71015
71024
71054
71085
71147
71194
71212
71223
71229
71248
71280
71287
71326
71361
71397
71476
71504
71508
71512
71690
71696
71718
71721
71777
71846
71909
71947
71961
71979
71997
72041
72125
72160
72194
72214
72349
72444
72445
72486
72488
72555
72556
72593
72630
72691
72707
72732
72737
72747
72770
72820
72836
72858
72878
72956
72962
72964
72987
73059
73077
73084
73108
73177
73265
73272
73300
73315
73330
73333
73358
73389
73406
73519
73629
73670
73682
73775
73803
73845
73883
73962
73969
74016
74038
74090
74139
74153
74212
74402
74416
74421
74472
74483
74498
74544
74578
74588
74591
74721
74751
74804
74857
74859
74870
74878
74947
74961
74967
74980
75004
75009
75018
75021
75022
75034
75036
75067
75068
75094
75098
75120
75130
75275
75287
75294
75406
75409
75432
75433
75485
75540
75543
75571
75644
75694
75734
75767
75783
75856
75866
75897
75933
76072
76082
76094
76108
76148
76166
76203
76245
76349
76358
76388
76441
76458
76480
76491
76582
76609
76618
76627
76670
76735
76736
76853
76865
76871
76892
76895
76920
76921
76980
77130
77166
77196
77199
77216
77233
77245
77279
77302
77349
77353
77357
77368
77392
77405
77413
77427
77439
77489
77518
77550
77636
77705
77718
77727
77728
77791
77796
77847
77873
77877
77907
77968
78003
78025
78027
78120
78139
78155
78201
78264
78272
78288
78293
78300
78343
78371
78387
78493
78515
78532
78572
78575
78627
78677
78694
78695
78708
78731
78773
78835
78838
78905
78972
78976
78991
79000
79022
79054
79103
79180
79214
79284
79318
79324
79336
79367
79391
79405
79418
79421
79519
79533
79551
79637
79642
79656
79678
79728
79790
79845
79885
79922
79969
80100
80152
80175
80181
80201
80202
80294
80315
80377
80386
80396
80398
80409
80427
80431
80501
80519
80550
80587
80593
80606
80625
80677
80694
80712
80767
80774
80808
80815
80855
80863
80872
80913
81004
81050
81070
81106
81114
81125
81153
81157
81163
81166
81226
81229
81234
81365
81397
81422
81482
81507
81520
81522
81525
81551
81634
81636
81690
81722
81731
81733
81734
81757
81787
81862
81877
81885
81911
81922
81928
81982
82058
82066
82073
82094
82105
82111
82113
82136
82137
82140
82145
82158
82167
82223
82242
82245
82288
82318
82327
82340
82355
82388
82397
82404
82420
82474
82477
82503
82517
82560
82595
82638
82693
82721
82734
82757
82777
82811
82934
82937
82954
82958
82980
82981
82987
82993
83065
83124
83133
83200
83231
83246
83275
83300
83391
83412
83415
83453
83470
83522
83575
83577
83614
83652
83657
83673
83710
83811
83878
83888
83927
83939
83949
83955
83967
83989
84035
84045
84056
84159
84214
84222
84269
84284
84290
84407
84489
84543
84570
84590
84608
84784
84803
84821
84823
84842
84877
84891
84947
84979
85007
85011
85059
85070
85108
85193
85199
85241
85247
85263
85314
85322
85344
85375
85481
85605
85611
85617
85644
85715
85732
85737
85802
85830
85841
85900
85945
85990
86065
86094
86121
86132
86180
86205
86256
86293
86424
86497
86501
86565
86572
86596
86688
86697
86708
86726
86736
86777
86791
86907
86924
86947
87025
87046
87072
87110
87177
87204
87224
87339
87344
87436
87446
87493
87496
87521
87539
87647
87679
87697
87722
87729
87735
87747
87785
87794
87818
87867
87943
87955
87968
88014
88023
88025
88026
88037
88059
88086
88112
88208
88209
88232
88253
88289
88294
88311
88346
88395
88402
88437
88609
88733
88764
88807
88837
88870
88885
88919
88921
88981
89023
89086
89118
89145
89146
89149
89228
89293
89331
89357
89360
89378
89393
89444
89472
89509
89562
89566
89574
89582
89587
89598
89645
89686
89688
89692
89751
89819
89821
89849
89981
90056
90059
90086
90104
90126
90129
90149
90193
90213
90216
90370
90390
90466
90468
90485
90494
90536
90615
90709
90759
90761
90879
90882
90911
90931
90947
90984
90985
91036
91041
91106
91117
91128
91153
91164
91182
91227
91244
91261
91290
91294
91336
91415
91421
91425
91448
91537
91547
91625
91658
91753
91788
91884
91887
91899
91904
91949
92005
92035
92095
92105
92124
92140
92182
92226
92240
92246
92263
92273
92291
92301
92332
92388
92418
92444
92461
92491
92592
92629
92657
92673
92693
92715
92753
92763
92774
92784
92862
92871
92881
92926
92954
92966
92981
92987
93006
93073
93165
93168
93309
93362
93393
93415
93430
93508
93524
93548
93556
93573
93577
93586
93632
93645
93655
93707
93740
93746
93757
93811
93818
93832
93850
93852
93853
93864
93869
93870
93874
93880
93881
93904
93921
93923
93926
93983
93997
94005
94008
94098
94136
94145
94238
94278
94298
94300
94317
94327
94328
94349
94434
94453
94496
94535
94572
94573
94594
94627
94629
94655
94691
94799
94805
94832
94833
94851
94878
94897
94913
95012
95035
95089
95217
95243
95260
95318
95468
95558
95603
95654
95719
95761
95796
95809
95842
95873
95900
95905
95910
95943
95953
95993
96000
96004
96034
96108
96160
96213
96249
96252
96407
96421
96474
96496
96592
96626
96663
96674
96696
96713
96725
96730
96734
96777
96924
96944
96951
96968
97011
97012
97044
97051
97061
97073
97132
97161
97164
97185
97227
97239
97361
97379
97440
97518
97672
97713
97716
97788
97828
97847
97889
97942
97961
97975
98003
98019
98065
98107
98114
98190
98200
98257
98314
98329
98395
98411
98412
98478
98479
98492
98507
98561
98565
98616
98618
98628
98694
98710
98788
98831
98832
98874
98905
98909
98934
98943
98981
98993
98998
98999
99001
99014
99088
99169
99262
99307
99334
99353
99423
99454
99455
99473
99553
99602
99665
99675
99767
99768
99776
99805
99806
99877
99903
99931
99939
99958
99964
99975
99979
100005
100177
100184
100385
100401
100467
100468
100476
100490
100499
100508
100522
100546
100584
100633
100699
100708
100776
100788
100831
100904
100911
100938
100960
101037
101068
101130
101163
101262
101291
101305
101334
101336
101339
101346
101354
101356
101405
101406
101446
101474
101481
101494
101545
101612
101620
101685
101747
101880
101905
101913
101921
101994
102007
102034
102041
102063
102070
102098
102147
102253
102275
102289
102298
102352
102403
102475
102530
102537
102543
102544
102568
102617
102672
102764
102919
102965
103010
103033
103078
103158
103167
103190
103244
103262
103275
103280
103371
103392
103393
103451
103466
103470
103488
103517
103568
103680
103705
103743
103763
103768
103852
103874
103884
103887
103924
103989
103993
104007
104010
104020
104101
104126
104128
104147
104184
104189
104230
104306
104317
104318
104331
104332
104352
104438
104509
104535
104541
104584
104756
104788
104927
104973
104990
105006
105081
105135
105149
105150
105165
105174
105176
105210
105219
105274
105280
105299
105309
105316
105386
105421
105593
105607
105622
105623
105656
105660
105677
105681
105699
105737
105741
105761
105858
105899
105977
106015
106021
106033
106082
106085
106100
106146
106150
106305
106330
106360
106503
106527
106529
106532
106540
106565
106597
106613
106661
106683
106694
106714
106719
106725
106746
106915
106954
106967
106997
107027
107046
107100
107182
107188
107253
107301
107405
107424
107505
107519
107603
107666
107668
107753
107844
107875
107881
107891
107915
107935
107939
108017
108056
108064
108080
108091
108100
108153
108253
108254
108259
108279
108328
108349
108380
108385
108450
108476
108499
108572
108573
108678
108701
108728
108740
108744
108759
108888
108918
108919
108957
108999
109049
109052
109117
109129
109143
109172
109197
109249
109315
109318
109333
109345
109376
109392
109397
109490
109516
109542
109548
109595
109603
109610
109618
109633
109639
109657
109689
109700
109705
109760
109805
109829
109901
109906
109910
109935
109971
110008
110010
110017
110033
110037
110065
110100
110133
110155
110237
110293
110387
110409
110462
110465
110502
110508
110526
110593
110649
110668
110684
110741
110746
110771
110786
110867
110943
110946
110948
110972
110973
110979
111004
111078
111093
111116
111302
111335
111341
111352
111357
111406
111429
111448
111474
111621
111682
111706
111726
111735
111753
111756
111764
111804
111813
111836
111876
111882
111915
111928
111972
111980
111987
112032
112097
112112
112153
112169
112290
112444
112454
112457
112479
112513
112529
112543
112572
112596
112601
112625
112635
112668
112698
112707
112717
112787
112834
112866
112982
112984
113000
113010
113035
113060
113102
113187
113202
113268
113276
113284
113321
113345
113367
113481
113506
113545
113556
113568
113584
113608
113635
113738
113827
113842
113847
113944
113950
113957
113999
114053
114144
114224
114228
114257
114260
114278
114313
114332
114333
114367
114369
114375
114477
114535
114561
114611
114623
114630
114669
114741
114742
114787
114802
114876
114917
114940
114959
114980
115067
115119
115170
115199
115210
115232
115291
115329
115340
115373
115381
115428
115492
115493
115593
115601
115614
115620
115622
115627
115667
115675
115717
115721
115728
115739
115792
115831
115853
115858
115904
115977
116005
116025
116042
116163
116166
116196
116197
116234
116247
116258
116302
116317
116318
116367
116493
116538
116633
116648
116817
116843
116848
116894
116907
116954
116994
117040
117047
117070
117081
117136
117190
117195
117221
117287
117307
117338
117379
117435
117439
117573
117584
117633
117653
117703
117708
117715
117732
117844
117868
117873
117876
117882
117902
117960
117976
117986
117997
118058
118104
118107
118164
118219
118230
118247
118328
118360
118363
118370
118371
118412
118415
118531
118709
118755
118773
118802
118814
118829
118834
118836
118857
118864
118891
118990
119026
119040
119107
119126
119152
119235
119272
119373
119394
119414
119415
119491
119528
119618
119658
119688
119740
119812
119847
119861
119882
119887
119917
120070
120130
120140
120203
120236
120284
120365
120370
120533
120546
120563
120569
120570
120574
120586
120605
120674
120689
120745
120759
120794
120824
120892
120906
120919
120923
120933
120949
120952
120967
121079
121106
121165
121181
121275
121289
121310
121335
121352
121412
121442
121459
121468
121492
121544
121607
121619
121622
121646
121658
121710
121711
121745
121773
121775
121788
121837
121899
121968
122013
122051
122229
122345
122361
122369
122379
122384
122387
122391
122574
122633
122643
122648
122674
122697
122698
122705
122709
122710
122731
122816
122854
122895
122923
122934
122936
123004
123031
123057
123062
123084
123169
123242
123260
123302
123318
123357
123388
123409
123453
123552
123565
123591
123592
123714
123718
123733
123792
123806
123826
123906
123914
123916
123923
123927
123964
124023
124075
124076
124078
124102
124204
124337
124407
124414
124480
124515
124516
124570
124597
124603
124752
124774
124849
124965
124969
125069
125109
125117
125133
125171
125207
125219
125244
125246
125273
125299
125307
125426
125447
125504
125541
125565
125583
125603
125607
125689
125696
125713
125778
125841
125882
125884
125914
125927
125961
125966
125979
126001
126054
126080
126112
126140
126165
126179
126233
126235
126259
126271
126320
126363
126455
126572
126614
126618
126662
126679
126723
126744
126750
126753
126841
126918
126942
127051
127065
127102
127127
127173
127189
127262
127284
127293
127300
127352
127474
127483
127519
127603
127612
127615
127646
127652
127657
127788
127804
127830
127841
127842
127873
127943
127959
128006
128215
128224
128261
128263
128264
128393
128423
128538
128709
128730
128771
128818
128834
128874
128980
129021
129067
129146
129157
129239
129254
129255
129321
129341
129343
129346
129373
129374
129415
129422
129450
129503
129579
129618
129621
129688
129697
129757
129774
129775
129797
129852
129888
129915
129984
130030
130083
130087
130107
130111
130289
130302
130358
130383
130385
130405
130414
130422
130447
130463
130514
130535
130598
130605
130668
130689
130703
130718
130768
130809
130810
130842
130878
130890
130915
130939
131018
131077
131084
131090
131109
131122
131141
131144
131157
131164
131274
131302
131395
131408
131425
131449
131453
131471
131473
131499
131552
131645
131686
131741
131885
131921
132066
132079
132115
132177
132179
132196
132204
132307
132325
132342
132368
132438
132482
132544
132546
132553
132585
132610
132633
132665
132671
132698
132787
132867
132878
132905
132906
132912
132958
132961
132962
132965
132993
133003
133006
133010
133044
133050
133099
133132
133158
133184
133234
133309
133355
133421
133427
133477
133514
133562
133573
133576
133656
133682
133705
133708
133711
133816
133828
133853
133900
133925
133973
133977
134086
134220
134238
134276
134311
134375
134416
134582
134636
134679
134812
134882
134890
134928
134932
135027
135093
135121
135124
135200
135203
135246
135274
135287
135294
135323
135336
135339
135374
135401
135411
135422
135454
135461
135482
135511
135512
135515
135523
135593
135648
135650
135708
135768
135781
135844
135872
135875
135943
135976
136009
136017
136052
136070
136126
136133
136154
136205
136206
136217
136244
136247
136298
136335
136339
136368
136403
136432
136433
136486
136520
136536
136552
136566
136582
136698
136715
136729
136790
136835
136880
136924
137055
137130
137302
137371
137422
137562
137568
137578
137598
137666
137692
137701
137739
137796
137800
137801
137832
137864
137872
137886
137976
138030
138073
138145
138268
138300
138312
138335
138434
138439
138539
138548
138605
138635
138779
138852
138887
138891
138906
138960
139011
139039
139058
139096
139115
139221
139273
139305
139315
139491
139520
139548
139560
139586
139588
139656
139663
139745
139747
139781
139839
139846
139849
139918
139947
139973
140035
140039
140045
140074
140105
140106
140115
140124
140131
140157
140163
140165
140184
140194
140232
140347
140375
140442
140603
140631
140779
140794
140901
140905
141012
141086
141121
141126
141131
141144
141147
141159
141177
141201
141208
141257
141279
141304
141313
141343
141368
141379
141388
141405
141417
141432
141444
141577
141589
141624
141631
141659
141669
141854
141909
141912
141953
141955
141988
142042
142048
142062
142157
142230
142232
142296
142304
142305
142319
142323
142326
142335
142447
142506
142534
142621
142659
142697
142701
142710
142756
142769
142807
142809
142845
142893
142954
142972
143082
143165
143169
143183
143188
143245
143247
143281
143290
143363
143375
143460
143583
143714
143721
143745
143760
143838
143845
143847
143856
143877
143902
143909
143917
143918
143937
143962
143990
143992
144006
144019
144024
144081
144094
144122
144138
144214
144246
144283
144290
144298
144301
144411
144442
144484
144511
144531
144532
144630
144647
144687
144692
144694
144708
144722
144756
144782
144801
144859
144864
144882
144888
144894
144965
144985
144996
145033
145065
145091
145128
145160
145168
145170
145212
145246
145279
145364
145413
145489
145496
145504
145529
145540
145626
145739
145755
145770
145806
145980
146028
146052
146056
146123
146195
146197
146218
146316
146351
146443
146464
146558
146594
146627
146639
146641
146669
146678
146680
146753
146797
146892
146913
146941
146968
146970
146971
146972
146981
146989
147028
147066
147068
147076
147092
147190
147191
147205
147207
147221
147255
147256
147296
147323
147330
147368
147378
147463
147481
147488
147489
147591
147656
147719
147833
147863
148016
148081
148083
148138
148144
148160
148162
148170
148191
148194
148265
148292
148349
148353
148385
148427
148480
148600
148699
148704
148736
148744
148791
148804
148835
148870
148885
148908
148909
148965
149024
149036
149051
149088
149136
149148
149217
149285
149334
149356
149385
149396
149407
149425
149450
149495
149497
149533
149560
149595
149636
149679
149713
149733
149762
149879
149917
149925
149973
149990
150044
150047
150067
150072
150086
150135
150200
150307
150323
150411
150416
150466
150506
150513
150563
150577
150615
150648
150650
150660
150668
150687
150734
150764
150821
150865
150915
150926
150963
150979
151021
151038
151045
151137
151138
151176
151218
151243
151397
151399
151500
151531
151536
151548
151605
151631
151671
151683
151777
151804
151824
151832
151850
151864
151911
151915
151966
151970
151975
151979
152010
152023
152048
152070
152127
152154
152317
152341
152344
152359
152420
152451
152651
152655
152667
152673
152705
152743
152745
152835
152890
152940
152974
153003
153004
153024
153034
153043
153079
153088
153103
153106
153221
153245
153339
153373
153403
153404
153449
153488
153555
153559
153579
153596
153597
153609
153647
153716
153768
153784
153827
153868
153903
153913
153930
153937
154004
154033
154069
154071
154171
154219
154231
154237
154283
154290
154310
154326
154335
154403
154432
154514
154518
154571
154675
154684
154720
154729
154746
154765
154768
154790
154879
154888
154891
154904
154942
155002
155057
155104
155156
155179
155199
155275
155325
155371
155463
155489
155561
155569
155580
155614
155662
155693
155718
155765
155777
155795
155818
155892
155900
155934
155964
155972
155980
156003
156031
156038
156077
156083
156119
156135
156140
156143
156152
156158
156160
156190
156210
156454
156461
156556
156584
156636
156644
156713
156819
156820
156847
156893
156908
156916
156920
156951
156959
156963
156984
157113
157171
157180
157184
157202
157206
157221
157237
157249
157251
157256
157264
157266
157346
157356
157361
157434
157469
157503
157564
157622
157625
157627
157640
157710
157714
157772
157815
157842
157868
157890
157949
157974
157997
158019
158047
158125
158193
158208
158231
158254
158294
158479
158482
158485
158513
158542
158612
158690
158838
158862
158883
158944
158946
158949
158952
158980
158981
158996
159047
159084
159103
159108
159151
159228
159242
159247
159286
159292
159297
159306
159308
159317
159323
159360
159394
159404
159429
159445
159476
159596
159604
159636
159648
159686
159704
159732
159775
159802
159840
159871
159872
159888
159932
159977
159991
159998
160060
160171
160235
160255
160265
160328
160332
160397
160418
160483
160494
160538
160545
160547
160548
160587
160626
160671
160694
160813
160926
160985
161021
161105
161125
161149
161166
161177
161199
161238
161257
161306
161370
161425
161485
161493
161557
161592
161639
161797
161799
161802
161819
161831
161900
161901
161905
161920
161930
161993
162045
162111
162173
162188
162191
162199
162265
162275
162311
162353
162362
162382
162384
162388
162395
162403
162408
162411
162415
162416
162418
162450
162456
162464
162467
162501
162511
162571
162583
162621
162684
162719
162767
162770
162782
162819
162876
162894
162916
162942
162962
162970
163010
163030
163041
163074
163096
163098
163101
163106
163146
163183
163243
163299
163397
163507
163542
163555
163569
163797
163830
163837
163853
163928
163953
163970
163972
163996
164024
164036
164060
164112
164115
164124
164142
164152
164175
164185
164188
164190
164191
164200
164209
164227
164311
164349
164352
164419
164421
164424
164437
164456
164472
164666
164707
164751
164780
164874
164877
164910
164931
164932
164937
164976
164996
165000
165080
165083
165151
165161
165176
165200
165244
165260
165344
165389
165417
165428
165431
165480
165490
165515
165518
165530
165602
165640
165666
165702
165716
165793
165820
165827
165864
165881
165890
165928
165946
165956
166229
166250
166318
166323
166331
166380
166389
166408
166411
166486
166531
166597
166605
166647
166740
166758
166761
166789
166795
166858
166888
166891
166900
166965
166966
166972
167033
167056
167058
167089
167111
167118
167217
167264
167285
167298
167337
167365
167366
167401
167427
167568
167583
167593
167602
167637
167647
167650
167653
167657
167691
167703
167722
167744
167747
167772
167776
167777
167786
167789
167824
167863
167914
167944
167959
168032
168094
168095
168155
168258
168286
168322
168373
168458
168538
168568
168596
168597
168617
168725
168733
168749
168919
168968
169047
169148
169212
169223
169236
169292
169295
169317
169342
169374
169383
169472
169504
169566
169596
169623
169701
169715
169751
169787
169790
169886
169890
169897
169921
169995
170013
170049
170059
170060
170065
170089
170115
170144
170207
170215
170323
170327
170330
170350
170422
170433
170474
170554
170558
170671
170722
170781
170921
170929
170955
171064
171110
171147
171229
171291
171345
171353
171397
171403
171416
171502
171554
171596
171614
171620
171656
171813
171871
171876
171892
171893
171965
172030
172166
172192
172201
172210
172212
172242
172250
172281
172357
172367
172393
172452
172468
172548
172565
172571
172575
172645
172653
172715
172721
172733
172764
172916
172932
172948
172980
172987
173016
173091
173122
173148
173150
173235
173336
173343
173358
173373
173391
173392
173468
173495
173545
173675
173678
173714
173718
173791
173818
173848
173858
173954
174096
174147
174163
174170
174175
174209
174214
174216
174228
174241
174255
174263
174273
174277
174332
174333
174335
174393
174400
174410
174428
174477
174491
174530
174576
174622
174713
174726
174801
174914
175006
175082
175088
175166
175209
175256
175309
175325
175388
175459
175468
175552
175648
175663
175703
175712
175725
175754
175872
175897
175910
175955
175997
176046
176056
176096
176117
176158
176191
176192
176195
176252
176279
176313
176425
176435
176439
176445
176502
176532
176609
176643
176666
176667
176916
176952
176976
176977
176998
177004
177058
177120
177138
177139
177167
177172
177181
177243
177248
177258
177291
177326
177359
177492
177545
177556
177593
177600
177676
177707
177826
177845
177914
177922
177932
177998
178004
178006
178035
178039
178080
178242
178291
178371
178418
178455
178471
178472
178488
178500
178517
178531
178542
178551
178595
178634
178680
178745
178817
178831
178874
178888
178947
178954
179177
179238
179248
179298
179402
179468
179504
179538
179598
179611
179628
179656
179681
179720
179728
179778
179964
179977
180011
180017
180018
180031
180052
180073
180136
180182
180255
180349
180357
180449
180502
180532
180674
180675
180725
180735
180744
180814
180856
180892
180907
180917
180923
180934
180938
180953
181043
181057
181086
181160
181197
181204
181257
181312
181330
181337
181386
181403
181488
181508
181519
181576
181578
181595
181598
181605
181611
181626
181657
181662
181721
181733
181749
181770
181826
181922
181932
181933
181938
181991
182022
182058
182073
182326
182376
182379
182434
182458
182506
182507
182521
182546
182585
182613
182617
182727
182828
182851
182885
182910
182928
182951
182957
182990
182991
182995
183005
183131
183143
183150
183165
183206
183212
183237
183244
183248
183252
183301
183308
183366
183418
183520
183535
183627
183734
183759
183761
183777
183980
184006
184025
184026
184044
184119
184132
184135
184145
184158
184236
184311
184324
184349
184365
184374
184390
184401
184407
184411
184443
184454
184545
184566
184575
184579
184645
184702
184744
184776
184788
184798
184799
184805
184829
184839
184938
184962
185089
185099
185104
185115
185179
185182
185231
185239
185268
185286
185355
185426
185442
185448
185475
185496
185522
185574
185617
185676
185704
185762
185810
185822
185824
185859
185866
185909
185921
185934
186074
186102
186167
186254
186338
186359
186416
186430
186500
186545
186556
186653
186700
186712
186794
186805
186852
186874
186882
186912
187065
187069
187126
187220
187345
187363
187429
187447
187471
187481
187494
187505
187506
187615
187637
187668
187673
187683
187726
187758
187766
187832
187921
187941
187946
187998
187999
188012
188052
188072
188106
188148
188159
188179
188212
188261
188289
188374
188386
188388
188418
188538
188558
188572
188637
188712
188719
188737
188761
188853
188908
188933
189030
189036
189060
189076
189149
189165
189205
189211
189212
189261
189278
189296
189331
189344
189360
189412
189453
189471
189487
189497
189559
189569
189702
189706
189724
189770
189803
189805
189850
189879
189911
189976
190029
190055
190070
190115
190133
190161
190177
190184
190193
190206
190223
190252
190321
190410
190414
190415
190416
190449
190480
190524
190554
190589
190659
190689
190724
190732
190758
190772
190797
190810
190891
190896
190931
191008
191009
191068
191071
191105
191155
191168
191187
191364
191542
191543
191735
191753
191788
191802
191866
192079
192120
192131
192162
192277
192283
192285
192286
192308
192408
192411
192439
192459
192462
192511
192538
192577
192662
192674
192679
192690
192708
192768
192786
192828
192849
192870
192871
192920
192985
192990
193007
193049
193056
193065
193071
193093
193186
193320
193343
193589
193630
193636
193685
193696
193706
193733
193818
194014
194062
194099
194102
194145
194210
194278
194334
194378
194454
194522
194527
194733
194755
194838
194919
194950
195055
195065
195176
195182
195205
195292
195363
195391
195413
195533
195534
195574
195607
195702
195767
195806
195838
195839
195871
195934
195944
195980
196040
196061
196132
196152
196177
196205
196371
196389
196524
196569
196586
196621
196635
196670
196764
196768
196784
196862
196879
196881
196893
196918
196930
197024
197055
197079
197169
197195
197221
197226
197277
197287
197301
197304
197321
197394
197437
197566
197587
197646
197788
197800
197803
197866
197873
197925
197929
197978
197984
198026
198093
198128
198165
198180
198181
198322
198458
198480
198498
198560
198577
198601
198779
198802
198803
198844
198859
198907
198934
198935
198959
198973
199011
199039
199051
199074
199097
199105
199148
199155
199188
199193
199251
199285
199316
199327
199377
199378
199418
199430
199431
199463
199539
199655
199707
199722
199767
199775
199794
199832
199835
199837
199856
199934
199979
200030
200033
200106
200176
200319
200352
200396
200532
200554
200564
200582
200603
200608
200614
200639
200643
200717
200725
200738
200770
200800
200801
200870
200976
200977
200980
201017
201030
201047
201050
201121
201133
201176
201213
201235
201248
201382
201406
201416
201511
201531
201606
201615
201624
201657
201663
201753
201805
201823
201825
201939
201954
202123
202319
202324
202339
202373
202394
202425
202457
202460
202492
202508
202542
202552
202606
202678
202748
202770
202836
202843
202871
202875
202878
202893
202929
202961
202989
203001
203056
203070
203077
203134
203171
203232
203256
203259
203325
203326
203352
203407
203430
203520
203533
203734
203743
203791
203839
203881
203902
203910
203964
204072
204272
204374
204390
204440
204512
204581
204605
204645
204663
204724
204760
204791
204818
204848
204898
204937
204983
204991
205006
205034
205046
205098
205184
205187
205188
205207
205212
205306
205331
205343
205349
205372
205376
205411
205452
205475
205500
205514
205540
205580
205657
205679
205680
205693
205746
205749
205750
205807
205826
205848
205880
205899
205905
205925
206005
206054
206093
206101
206128
206276
206308
206340
206350
206362
206371
206379
206387
206467
206535
206584
206607
206744
206751
206814
206821
206847
206865
206904
206945
206962
206988
207015
207128
207223
207251
207302
207333
207367
207378
207435
207454
207457
207625
207640
207675
207697
207706
207786
207845
207875
207880
207892
207940
207945
207958
207960
208041
208045
208078
208142
208180
208314
208357
208371
208445
208527
208577
208579
208688
208736
208754
208829
208831
208840
208940
208969
208975
208996
208999
209001
209078
209081
209090
209093
209104
209170
209186
209218
209230
209234
209237
209258
209344
209345
209467
209500
209527
209549
209570
209573
209575
209647
209684
209694
209708
209716
209737
209761
209785
209787
209819
209892
209944
210007
210016
210041
210083
210126
210258
210273
210337
210354
210380
210402
210430
210434
210446
210455
210508
210522
210625
210863
210868
210975
210976
210989
211037
211115
211138
211147
211157
211239
211240
211375
211381
211383
211399
211466
211467
211474
211657
211671
211723
211729
211748
211788
211793
211798
211865
211893
212046
212054
212057
212080
212120
212130
212187
212191
212308
212322
212340
212350
212415
212442
212449
212465
212481
212521
212542
212550
212590
212604
212645
212648
212658
212671
212675
212704
212759
212767
212861
212973
213000
213026
213053
213072
213079
213097
213103
213145
213206
213216
213266
213300
213426
213471
213485
213505
213538
213547
213620
213627
213660
213692
213758
213763
213804
213878
214006
214031
214054
214085
214173
214211
214277
214359
214402
214404
214451
214464
214472
214488
214492
214505
214515
214519
214612
214715
214732
214735
214780
214834
214863
214889
215032
215042
215043
215061
215113
215132
215148
215165
215213
215266
215278
215318
215319
215390
215392
215409
215522
215547
215558
215568
215594
215610
215615
215617
215630
215633
215666
215672
215707
215734
215771
215808
215810
215828
215833
215880
215907
215912
215925
215961
216044
216092
216116
216118
216216
216415
216419
216450
216452
216464
216473
216501
216510
216514
216524
216530
216543
216599
216601
216606
216612
216666
216702
216721
216782
216789
216881
216974
216978
217009
217019
217152
217162
217179
217227
217236
217283
217330
217351
217370
217382
217402
217427
217443
217516
217573
217601
217604
217649
217727
217755
217756
217769
217790
217810
217826
217903
217926
217968
218129
218166
218180
218222
218245
218247
218275
218277
218324
218406
218418
218440
218545
218554
218646
218655
218684
218694
218696
218857
218862
218908
218913
218918
218993
219006
219007
219018
219102
219103
219108
219120
219170
219202
219241
219280
219302
219368
219469
219475
219487
219502
219543
219574
219579
219613
219648
219750
219768
219784
219829
219842
219899
219925
219944
219953
219967
219981
220067
220092
220133
220140
220142
220255
220269
220387
220499
220537
220572
220611
220613
220661
220662
220673
220718
220841
220862
220866
220919
220924
220925
221041
221066
221169
221203
221216
221254
221264
221322
221359
221368
221392
221393
221399
221446
221470
221517
221671
221672
221692
221758
221782
221872
221882
221912
221918
221923
221970
222040
222043
222063
222064
222081
222088
222100
222229
222253
222255
222301
222348
222366
222376
222384
222389
222394
222482
222592
222640
222669
222676
222710
222812
222835
222857
222861
222899
222956
222996
223000
223091
223117
223132
223193
223459
223522
223682
223715
223734
223786
223788
223789
223796
223822
223834
223843
223903
223923
223977
223988
223990
224004
224022
224050
224062
224083
224115
224125
224141
224167
224177
224183
224187
224188
224198
224262
224282
224302
224310
224331
224333
224338
224356
224386
224436
224495
224526
224552
224590
224721
224743
224759
224766
224860
224869
224873
224899
224942
224983
225002
225066
225073
225094
225099
225200
225219
225239
225251
225270
225355
225380
225397
225439
225486
225513
225538
225587
225612
225683
225743
225745
225780
225792
225829
225886
225914
225934
225990
226041
226078
226095
226125
226148
226152
226202
226215
226223
226331
226458
226501
226552
226590
226594
226614
226616
226618
226637
226649
226654
226663
226674
226687
226766
226813
226822
226878
226886
226963
227030
227035
227091
227122
227167
227201
227256
227386
227485
227538
227667
227801
227869
227958
227972
227975
228034
228222
228295
228304
228305
228316
228320
228347
228373
228394
228418
228480
228486
228531
228560
228604
228643
228681
228714
228735
228740
228748
228803
228814
228841
228851
228911
229133
229148
229169
229175
229183
229206
229269
229373
229379
229404
229427
229428
229460
229478
229541
229552
229582
229588
229603
229643
229694
229711
229716
229769
229792
229870
229879
229934
229951
229957
229984
230030
230033
230047
230093
230176
230188
230255
230298
230383
230437
230466
230505
230570
230615
230758
230863
230875
230908
230910
230939
230953
231038
231046
231051
231056
231058
231084
231121
231154
231164
231217
231307
231327
231330
231342
231350
231387
231394
231407
231495
231620
231670
231712
231718
231768
231787
231817
231843
231847
231895
231933
231986
231993
232013
232037
232131
232184
232185
232274
232315
232343
232401
232456
232473
232544
232557
232658
232665
232695
232716
232749
232820
232850
232852
232860
232868
232905
232912
232920
232940
232992
233009
233010
233033
233086
233098
233169
233277
233279
233295
233307
233312
233330
233333
233370
233410
233412
233413
233536
233559
233583
233604
233620
233640
233650
233686
233783
233786
233807
233820
233910
233926
233929
233941
234053
234146
234158
234161
234207
234231
234247
234254
234272
234279
234323
234358
234425
234434
234483
234533
234542
234594
234642
234686
234696
234704
234930
234978
235063
235067
235070
235123
235137
235139
235171
235256
235258
235401
235409
235411
235558
235561
235661
235667
235691
235695
235730
235735
235769
235788
235789
235955
236006
236048
236065
236067
236091
236174
236211
236230
236262
236297
236305
236323
236334
236462
236465
236502
236532
236565
236573
236584
236591
236609
236612
236633
236696
236711
236760
236796
236812
236823
236825
236858
236859
236878
236889
236926
236943
236953
236957
236979
236982
237052
237083
237099
237113
237118
237128
237157
237162
237169
237187
237203
237215
237224
237256
237264
237294
237299
237492
237537
237538
237568
237603
237694
237705
237712
237733
237799
237802
237806
237825
237872
237986
238035
238111
238143
238220
238222
238320
238364
238366
238370
238454
238459
238485
238524
238558
238617
238645
238652
238705
238754
238773
238800
238801
238815
238838
238885
238929
239000
239053
239209
239210
239241
239246
239330
239331
239339
239344
239380
239382
239483
239539
239544
239573
239593
239660
239663
239685
239693
239728
239740
239762
239785
239819
239847
239907
239953
239963
240171
240247
240284
240315
240326
240330
240365
240372
240446
240505
240508
240515
240521
240595
240609
240622
240623
240626
240647
240677
240734
240740
240757
240792
240837
240919
241010
241036
241039
241041
241104
241225
241237
241353
241365
241367
241528
241533
241583
241607
241617
241669
241673
241704
241713
241714
241730
241782
241830
241833
241838
241853
241879
241883
241886
241890
241909
241979
242004
242028
242057
242127
242146
242151
242185
242189
242210
242224
242242
242249
242255
242259
242266
242381
242544
242578
242637
242664
242724
242725
242737
242819
242844
242911
243064
243076
243077
243130
243181
243280
243285
243324
243371
243375
243415
243487
243492
243507
243515
243538
243623
243680
243682
243701
243826
243847
243848
243855
243885
243910
243911
243945
244015
244016
244065
244072
244080
244114
244117
244135
244153
244197
244265
244346
244435
244529
244550
244566
244607
244631
244714
244721
244743
244802
244824
244830
244842
244848
244865
244869
244946
244957
244997
245060
245105
245133
245211
245212
245329
245358
245359
245383
245389
245414
245425
245447
245515
245534
245629
245660
245734
245768
245806
245816
245841
245869
245917
245927
245949
246005
246079
246138
246142
246149
246191
246202
246297
246309
246329
246390
246435
246467
246472
246499
246520
246592
246601
246615
246619
246623
246692
246693
246741
246765
246786
246795
246800
246819
246855
246938
246994
246999
247143
247164
247238
247258
247286
247293
247299
247319
247347
247385
247531
247626
247641
247649
247671
247720
247734
247796
247839
247844
247845
247851
247902
248062
248140
248157
248162
248171
248404
248486
248559
248575
248606
248609
248661
248683
248692
248706
248720
248770
248779
248799
248823
248826
248887
248935
248950
248991
249011
249179
249245
249269
249388
249409
249452
249550
249590
249613
249644
249665
249674
249777
249797
249858
249885
249927
249941
250013
250026
250046
250074
250090
250111
250121
250128
250177
250202
250308
250418
250485
250574
250612
250659
250716
250721
250780
250791
250801
250891
250915
250923
250969
251066
251211
251264
251366
251373
251376
251400
251514
251531
251581
251617
251624
251637
251677
251795
251815
251825
251904
251925
251972
252002
252028
252068
252077
252160
252165
252203
252227
252228
252248
252275
252287
252333
252339
252385
252414
252416
252473
252579
252603
252670
252694
252721
252771
252854
252884
252902
252921
253136
253146
253295
253313
253353
253463
253481
253548
253558
253602
253618
253619
253620
253753
253762
253766
253848
253857
253919
253938
254008
254010
254047
254111
254113
254116
254208
254244
254260
254316
254360
254370
254404
254450
254543
254594
254621
254627
254678
254705
254723
254732
254738
254743
254784
254825
254857
254861
254895
255118
255130
255152
255179
255190
255218
255366
255444
255445
255495
255582
255612
255613
255761
255764
255848
255942
256059
256069
256245
256548
256554
256630
256658
256664
256695
256717
256729
256735
256745
256823
256843
256928
256944
256977
257050
257056
257086
257106
257121
257144
257184
257200
257220
257239
257296
257330
257399
257402
257419
257483
257526
257575
257595
257602
257619
257796
257834
257867
257922
257979
257986
258138
258239
258313
258325
258372
258453
258476
258545
258563
258788
258842
258912
258949
259060
259062
259069
259123
259148
259151
259248
259306
259327
259379
259419
259423
259469
259522
259535
259575
259577
259658
259676
259806
259854
259895
259933
259966
259972
259986
259992
260043
260106
260184
260197
260205
260221
260240
260274
260280
260296
260350
260368
260393
260413
260421
260537
260546
260573
260623
260634
260644
260651
260679
260768
260801
260814
260845
260865
260879
260920
260921
260957
261003
261007
261046
261048
261055
261091
261143
261156
261163
261166
261181
261190
261203
261383
261400
261474
261499
261505
261513
261553
261614
261638
261722
261758
261800
261820
261843
261845
261904
261995
262080
262102
262132
262144
262162
262266
262278
262288
262421
262505
262506
262519
262574
262614
262690
262762
262810
262823
262969
263012
263048
263050
263053
263054
263187
263202
263216
263232
263282
263301
263318
263320
263345
263357
263365
263411
263504
263527
263530
263542
263565
263626
263646
263773
263874
264034
264067
264096
264216
264302
264307
264329
264379
264411
264430
264627
264634
264648
264651
264766
264851
264867
264980
265047
265052
265089
265095
265113
265151
265167
265263
265289
265292
265314
265326
265333
265353
265372
265386
265491
265545
265565
265644
265650
265688
265735
265759
265823
265859
265922
265929
265959
265963
265966
265986
265991
266095
266124
266130
266347
266429
266431
266443
266499
266714
266717
266730
266785
266885
266896
266921
266957
266973
267173
267237
267312
267326
267373
267378
267412
267419
267541
267554
267582
267839
267842
267846
268015
268041
268106
268125
268137
268139
268142
268172
268177
268252
268262
268264
268294
268360
268432
268440
268482
268774
268794
268806
268821
268840
268879
268912
268915
268987
269048
269108
269127
269151
269170
269272
269299
269315
269440
269514
269561
269593
269602
269603
269607
269611
269613
269653
269673
269687
269689
269718
269800
269825
270002
270007
270052
270148
270160
270242
270245
270291
270295
270307
270343
270346
270348
270356
270391
270426
270457
270482
270494
270563
270571
270572
270574
270588
270608
270616
270694
270744
270750
270832
270851
270891
270894
270954
271064
271105
271253
271264
271268
271275
271312
271322
271328
271337
271353
271431
271476
271481
271541
271555
271586
271605
271695
271742
271757
271788
271809
271814
271844
271864
271905
271933
271968
272095
272117
272120
272131
272244
272272
272305
272314
272337
272361
272425
272439
272518
272603
272655
272656
272727
272810
272817
272901
272919
272974
273009
273083
273094
273197
273200
273242
273288
273343
273367
273396
273471
273577
273604
273606
273690
273769
273779
273875
273891
273899
273945
274030
274082
274097
274162
274272
274322
274342
274360
274388
274396
274398
274406
274447
274506
274532
274554
274563
274579
274614
274643
274698
274703
274721
274741
274742
274780
274886
274913
274925
274928
274944
274985
274994
275056
275124
275139
275145
275147
275167
275208
275250
275275
275287
275312
275317
275407
275475
275505
275552
275585
275634
275635
275679
275687
275706
275710
275722
275825
275868
275877
275948
276022
276078
276094
276121
276150
276160
276184
276238
276367
276370
276420
276423
276511
276557
276628
276648
276651
276658
276685
276774
276871
276936
276984
277001
277013
277047
277092
277102
277180
277210
277263
277316
277320
277397
277422
277450
277470
277605
277606
277608
277668
277689
277695
277709
277749
277757
277867
277868
277888
277917
277965
278009
278013
278086
278110
278124
278138
278170
278192
278276
278341
278344
278440
278552
278605
