17
33
70
129
151
174
236
254
304
323
357
362
471
551
560
564
566
602
616
617
639
650
735
753
766
772
793
804
846
850
892
897
906
913
924
939
956
957
993
1001
1008
1026
1033
1059
1060
1110
1114
1119
1146
1154
1161
1177
1184
1188
1287
1337
1342
1360
1394
1401
1405
1415
1555
1593
1624
1631
1646
1684
1689
1699
1762
1769
1808
1809
1824
1827
1829
1866
1945
1952
1971
1988
2003
2011
2017
2023
2035
2040
2043
2067
2100
2161
2187
2201
2217
2229
2257
2299
2308
2318
2338
2357
2368
2385
2397
2453
2460
2476
2590
2627
2676
2736
2741
2780
2850
2861
2961
2966
3086
3094
3110
3152
3163
3172
3174
3196
3212
3231
3248
3270
3276
3315
3321
3355
3356
3392
3395
3420
3430
3436
3438
3442
3449
3461
3468
3473
3474
3511
3531
3546
3625
3647
3654
3658
3668
3673
3678
3752
3759
3779
3824
3888
3914
3943
3957
3973
3990
4014
4019
4031
4041
4046
4068
4135
4142
4143
4145
4183
4199
4275
4287
4289
4354
4357
4374
4376
4387
4527
4537
4559
4573
4576
4612
4680
4711
4713
4769
4860
4966
4971
4987
5037
5039
5051
5061
5091
5125
5180
5186
5189
5197
5200
5201
5209
5220
5262
5274
5288
5321
5370
5378
5381
5419
5435
5438
5441
5457
5468
5469
5475
5480
5483
5486
5491
5492
5560
5586
5595
5723
5757
5815
5830
5838
5841
5842
5847
5871
5878
5879
5883
5885
5893
5910
5940
5961
5975
5990
6010
6028
6030
6040
6049
6050
6054
6055
6078
6082
6083
6113
6121
6123
6144
6263
6354
6435
6447
6477
6480
6519
6535
6601
6603
6673
6738
6781
6816
6843
6850
6860
6880
6900
6937
6942
6949
6972
6976
7003
7004
7092
7098
7119
7137
7143
7168
7171
7177
7185
7192
7233
7258
7266
7267
7278
7291
7382
7399
7409
7414
7436
7447
7479
7524
7596
7630
7647
7694
7707
7806
7865
7877
7922
7926
7927
7929
7945
7955
8004
8005
8016
8039
8040
8043
8072
8086
8143
8174
8203
8283
8310
8334
8337
8339
8347
8349
8352
8357
8362
8374
8382
8416
8421
8455
8460
8471
8516
8527
8535
8536
8555
8613
8621
8628
8635
8640
8641
8647
8651
8652
8716
8734
8748
8761
8786
8790
8816
8819
8825
8847
8855
8878
8911
8918
8924
8929
8942
8977
9003
9018
9036
9042
9059
9068
9070
9091
9100
9114
9125
9211
9213
9249
9290
9296
9313
9325
9329
9339
9349
9354
9356
9358
9366
9389
9422
9505
9525
9621
9625
9629
9645
9665
9675
9782
9845
9866
9926
9938
9952
9996
10050
10065
10069
10100
10119
10171
10248
10259
10330
10343
10346
10361
10448
10450
10456
10556
10578
10601
10669
10681
10685
10714
10728
10765
10798
10808
10828
10871
10902
10975
11076
11091
11096
11108
11287
11311
11314
11379
11411
11440
11442
11448
11466
11489
11491
11504
11515
11522
11529
11539
11669
11714
11735
11793
11834
11885
11904
11907
12009
12022
12060
12070
12088
12092
12104
12124
12149
12249
12260
12274
12283
12333
12377
12396
12399
12414
12416
12436
12445
12465
12488
12491
12536
12537
12553
12575
12623
12658
12677
12684
12686
12690
12708
12710
12712
12752
12778
12788
12803
12820
12830
12975
12978
12995
12999
13150
13160
13177
13205
13231
13268
13276
13279
13280
13288
13298
13327
13334
13338
13413
13430
13456
13499
13504
13590
13630
13654
13716
13755
13801
13841
13843
13860
13876
13929
14083
14094
14124
14148
14158
14162
14180
14345
14366
14408
14410
14430
14433
14434
14480
14487
14559
14564
14620
14640
14666
14685
14689
14691
14759
14784
14803
14876
14915
14920
14924
14948
14981
15010
15021
15024
15026
15027
15031
15038
15067
15076
15093
15124
15133
15135
15150
15159
15173
15203
15211
15250
15256
15279
15290
15336
15348
15349
15351
15358
15363
15364
15409
15434
15470
15486
15487
15493
15502
15531
15534
15569
15602
15631
15639
15721
15754
15763
15825
15906
15942
15952
16005
16011
16104
16134
16161
16282
16295
16327
16347
16356
16359
16441
16448
16493
16541
16558
16578
16582
16588
16688
16690
16696
16728
16745
16880
16883
16891
16907
16921
16942
16980
17004
17020
17029
17040
17041
17069
17125
17136
17200
17201
17310
17386
17388
17403
17404
17408
17410
17413
17417
17437
17448
17455
17472
17478
17482
17496
17516
17555
17572
17577
17581
17605
17613
17614
17622
17655
17657
17682
17707
17730
17749
17759
17813
17855
17857
17872
17974
18009
18023
18084
18103
18141
18144
18159
18163
18171
18235
18237
18241
18256
18281
18339
18424
18438
18442
18469
18481
18489
18491
18500
18514
18532
18631
18660
18683
18696
18702
18722
18729
18747
18749
18759
18772
18777
18782
18789
18793
18818
18823
18834
18879
18907
18946
18994
19006
19027
19028
19029
19061
19104
19207
19212
19222
19223
19228
19259
19299
19308
19311
19320
19331
19419
19435
19492
19496
19596
19612
19613
19664
19675
19702
19703
19749
19759
19776
19791
19894
19912
19913
19936
19990
19994
20030
20064
20073
20178
20214
20243
20276
20280
20316
20364
20466
20507
20534
20574
20589
20619
20627
20631
20669
20674
20702
20754
20759
20768
20776
20808
20813
20816
20844
20862
20883
20888
20891
20898
20957
20962
20977
20987
20995
21028
21062
21068
21107
21108
21109
21118
21127
21178
21335
21380
21396
21398
21406
21451
21461
21470
21510
21602
21612
21632
21638
21674
21713
21714
21720
21729
21732
21750
21752
21757
21764
21780
21802
21841
21850
21851
21852
21861
21862
21873
21883
21914
21944
21956
22071
22090
22155
22175
22184
22198
22317
22323
22327
22459
22461
22463
22467
22499
22532
22560
22583
22627
22638
22648
22663
22684
22694
22756
22765
22851
22873
22874
22880
22953
22955
22975
23002
23032
23062
23072
23074
23103
23141
23147
23153
23258
23260
23273
23275
23350
23353
23365
23379
23385
23396
23411
23437
23472
23474
23484
23488
23513
23526
23580
23667
23722
23728
23788
23794
23874
23929
23976
23983
24016
24024
24071
24075
24089
24103
24179
24211
24232
24235
24257
24264
24288
24325
24344
24409
24416
24431
24445
24500
24503
24506
24511
24558
24580
24630
24652
24655
24687
24691
24697
24726
24733
24761
24786
24819
24827
24828
24844
24846
24856
24857
24923
24924
24933
24945
24949
24963
25063
25067
25081
25165
25167
25247
25322
25355
25392
25423
25429
25465
25471
25498
25504
25523
25550
25560
25590
25605
25606
25675
25694
25706
25709
25764
25806
25815
25820
25838
25917
25922
25924
26156
26159
26166
26171
26185
26188
26203
26230
26237
26269
26304
26475
26503
26517
26545
26549
26560
26561
26634
26637
26638
26651
26717
26732
26743
26747
26749
26769
26836
26877
26880
26969
27019
27035
27064
27066
27082
27120
27161
27192
27193
27197
27216
27225
27325
27396
27481
27486
27567
27583
27590
27596
27598
27602
27628
27693
27695
27720
27729
27758
27762
27790
27795
27796
27799
27843
27935
27948
27949
28069
28074
28124
28143
28158
28162
28165
28180
28195
28266
28288
28303
28305
28367
28389
28403
28404
28422
28444
28452
28455
28486
28497
28530
28548
28555
28567
28573
28748
28779
28793
28872
28890
28966
28994
29023
29034
29077
29087
29096
29107
29127
29139
29140
29201
29223
29239
29242
29246
29334
29419
29477
29580
29588
29600
29612
29663
29673
29691
29701
29732
29734
29741
29769
29777
29779
29782
29784
29785
29787
29802
29808
29859
30002
30126
30139
30148
30159
30160
30176
30193
30217
30232
30235
30244
30249
30253
30263
30292
30293
30345
30393
30420
30527
30569
30595
30602
30633
30667
30753
30759
30764
30799
30805
30810
30814
30848
30850
30851
30852
30862
30906
30910
30917
30941
30948
30959
30970
30994
31000
31019
31175
31197
31209
31242
31286
31301
31331
31381
31386
31389
31447
31454
31463
31468
31478
31493
31510
31525
31560
31572
31594
31617
31632
31661
31683
31723
31732
31752
31763
31780
31782
31787
31794
31803
31810
31823
31835
31860
31975
31978
31990
32049
32059
32112
32121
32189
32240
32288
32349
32357
32369
32370
32482
32487
32504
32514
32564
32623
32664
32665
32715
32723
32776
32795
32814
32855
32887
32904
32917
32918
32949
33015
33034
33056
33071
33147
33154
33171
33178
33197
33205
33317
33321
33324
33328
33333
33347
33387
33471
33484
33493
33499
33520
33549
33556
33576
33600
33607
33612
33633
33663
33689
33742
33755
33783
33791
33793
33804
33810
33814
33815
33821
33823
33825
33833
33836
33850
33851
33864
33866
33888
33914
33997
34009
34023
34107
34115
34116
34126
34134
34139
34166
34206
34254
34265
34268
34284
34295
34321
34330
34363
34365
34375
34392
34454
34455
34484
34488
34490
34501
34523
34525
34532
34574
34576
34613
34646
34728
34756
34761
34780
34817
34869
35020
35025
35041
35240
35265
35327
35332
35392
35412
35424
35429
35430
35441
35461
35489
35500
35502
35534
35545
35548
35606
35681
35701
35721
35757
35804
35807
35887
35961
35963
36011
36072
36078
36131
36168
36174
36175
36176
36182
36183
36222
36267
36269
36283
36290
36308
36357
36359
36386
36405
36424
36427
36468
36473
36503
36509
36535
36549
36570
36625
36633
36737
36779
36799
36918
36927
37049
37052
37081
37172
37203
37215
37236
37311
37416
37434
37440
37474
37510
37518
37575
37576
37580
37584
37598
37666
37691
37718
37753
37760
37795
37814
37819
37820
37839
37867
37908
37933
37937
37962
37969
37974
37986
37989
38038
38041
38059
38077
38171
38193
38210
38211
38245
38301
38359
38371
38385
38394
38396
38403
38410
38436
38439
38563
38620
38621
38626
38661
38683
38692
38721
38741
38746
38771
38804
38823
38851
38856
38911
38925
38928
38945
38952
38969
39030
39038
39059
39063
39118
39145
39154
39174
39188
39208
39231
39235
39247
39268
39272
39282
39347
39393
39407
39439
39451
39460
39487
39509
39548
39555
39586
39590
39678
39681
39696
39724
39747
39774
39798
39825
39835
39843
39893
39902
39924
39926
39948
39962
39969
39974
39984
39987
39999
40012
40088
40093
40120
40126
40134
40135
40139
40145
40152
40154
40169
40176
40186
40194
40198
40204
40208
40241
40247
40306
40323
40367
40372
40379
40403
40457
40491
40513
40522
40539
40560
40585
40598
40606
40628
40630
40645
40652
40655
40684
40692
40704
40727
40763
40776
40777
40821
40829
40842
40845
40899
40933
40938
40940
40966
40982
40997
41006
41059
41083
41092
41107
41249
41254
41255
41314
41322
41349
41353
41363
41399
41427
41479
41485
41604
41633
41658
41672
41678
41707
41713
41773
41799
41800
41805
41856
41886
41896
41947
41974
41979
42011
42017
42022
42035
42060
42063
42068
42069
42091
42104
42120
42198
42264
42267
42282
42331
42336
42354
42415
42430
42440
42442
42466
42533
42552
42603
42639
42664
42666
42667
42699
42700
42709
42716
42759
42761
42767
42782
42825
42978
43058
43070
43085
43129
43130
43143
43160
43165
43187
43231
43248
43257
43259
43334
43342
43347
43362
43377
43385
43423
43435
43441
43446
43467
43469
43474
43560
43565
43569
43575
43576
43580
43607
43618
43774
43789
43813
43831
43833
43843
43860
43896
43931
43977
43978
43991
44005
44033
44069
44130
44136
44143
44207
44213
44215
44231
44291
44328
44344
44349
44385
44387
44424
44438
44452
44464
44497
44499
44508
44512
44515
44526
44614
44647
44689
44690
44728
44773
44775
44796
44798
44801
44828
44911
44935
44964
44974
44978
45013
45019
45024
45026
45040
45053
45127
45165
45187
45224
45239
45255
45257
45259
45270
45314
45316
45322
45324
45331
45344
45351
45352
45371
45377
45388
45389
45391
45397
45417
45424
45431
45436
45442
45461
45463
45482
45483
45486
45504
45550
45554
45578
45582
45620
45621
45632
45662
45730
45743
45771
45803
45848
45862
45913
45920
45945
45966
46019
46036
46067
46072
46095
46096
46215
46217
46223
46236
46274
46286
46290
46303
46366
46372
46414
46416
46478
46486
46490
46529
46538
46566
46580
46584
46592
46597
46601
46688
46717
46749
46773
46782
46817
46887
46910
47026
47049
47093
47114
47159
47202
47229
47230
47264
47265
47267
47354
47365
47425
47549
47570
47639
47713
47742
47795
47809
47855
47862
47863
47876
47923
47925
47952
47972
48040
48047
48083
48089
48111
48121
48130
48131
48138
48156
48163
48168
48174
48209
48213
48224
48303
48327
48338
48365
48394
48435
48467
48539
48547
48549
48557
48565
48579
48580
48612
48634
48671
48700
48735
48753
48763
48838
48868
48883
48887
48891
48894
48921
48941
48972
48980
49067
49144
49145
49147
49158
49191
49236
49312
49388
49405
49443
49459
49461
49465
49534
49544
49546
49608
49618
49648
49665
49668
49699
49711
49732
49778
49784
49821
49869
49870
49877
49982
50007
50065
50081
50106
50147
50163
50206
50222
50260
50263
50280
50287
50311
50320
50357
50373
50459
50475
50522
50544
50576
50629
50681
50688
50692
50760
50781
50835
50867
50963
50966
50982
50993
50995
51004
51008
51009
51013
51023
51024
51054
51107
51117
51125
51126
51129
51133
51134
51135
51139
51149
51163
51217
51218
51269
51299
51308
51316
51330
51339
51399
51408
51455
51456
51462
51480
51484
51528
51534
51565
51583
51596
51684
51710
51727
51766
51781
51830
51845
51847
51853
51857
51858
51870
51872
51874
51875
51881
51883
51912
51915
51921
51923
51932
51938
51966
51975
52026
52062
52063
52070
52194
52219
52229
52271
52299
52339
52368
52390
52404
52416
52440
52452
52494
52562
52568
52575
52588
52626
52642
52659
52699
52769
52798
52837
52868
52869
52940
52963
52964
52996
53027
53033
53054
53057
53087
53093
53096
53136
53148
53160
53171
53187
53218
53242
53303
53384
53386
53466
53716
53719
53763
53775
53798
53836
53890
53918
53990
54013
54018
54030
54110
54171
54201
54206
54207
54223
54233
54251
54261
54270
54284
54285
54286
54306
54311
54321
54329
54342
54392
54405
54435
54454
54460
54476
54529
54547
54559
54570
54584
54594
54605
54624
54625
54628
54630
54638
54646
54662
54670
54676
54678
54711
54723
54726
54731
54734
54739
54784
54900
54942
54998
55013
55020
55028
55038
55058
55070
55083
55093
55127
55162
55187
55211
55302
55365
55373
55374
55380
55403
55430
55483
55509
55515
55562
55582
55585
55608
55617
55629
55659
55663
55681
55744
55782
55838
55841
55911
55982
56014
56024
56087
56088
56118
56152
56162
56225
56279
56285
56326
56332
56340
56390
56416
56423
56432
56442
56484
56503
56529
56547
56551
56595
56617
56628
56642
56645
56674
56690
56694
56708
56731
56844
56855
56883
56884
56983
56993
57009
57074
57118
57167
57175
57184
57186
57193
57195
57206
57210
57227
57237
57247
57262
57362
57373
57381
57445
57447
57451
57466
57471
57501
57516
57522
57536
57555
57562
57619
57638
57655
57672
57680
57682
57690
57694
57713
57723
57726
57733
57734
57743
57762
57782
57825
57828
57829
57868
57892
57907
57936
57939
57943
57958
57967
57986
57997
57998
57999
58002
58009
58017
58022
58023
58031
58084
58095
58100
58123
58134
58158
58162
58180
58196
58218
58255
58259
58288
58314
58335
58339
58391
58405
58426
58431
58446
58455
58460
58517
58520
58541
58556
58621
58626
58645
58662
58665
58692
58710
58722
58732
58766
58903
58907
58942
59001
59003
59007
59018
59024
59053
59060
59065
59145
59228
59233
59315
59507
59534
59544
59552
59571
59609
59720
59854
59908
59919
59975
60010
60012
60014
60096
60136
60179
60201
60289
60293
60324
60336
60338
60361
60398
60406
60430
60446
60463
60468
60488
60492
60510
60511
60530
60544
60601
60625
60708
60709
60773
60785
60854
60905
60906
60936
60959
61007
61058
61062
61126
61143
61230
61266
61271
61272
61282
61286
61288
61296
61311
61316
61351
61419
61445
61468
61472
61560
61579
61587
61590
61619
61635
61768
61802
61807
61829
61863
61910
61931
61996
62025
62026
62039
62066
62145
62195
62198
62224
62240
62249
62256
62297
62317
62324
62353
62364
62375
62380
62394
62421
62425
62475
62501
62528
62593
62621
62634
62635
62670
62672
62676
62683
62684
62694
62718
62721
62738
62812
62819
62838
63011
63019
63042
63043
63047
63052
63060
63155
63166
63185
63186
63195
63229
63234
63326
63344
63374
63375
63409
63415
63422
63477
63484
63498
63559
63591
63599
63607
63661
63672
63713
63779
63861
63885
63886
63899
63905
63909
63937
63943
64006
64016
64018
64031
64035
64096
64098
64100
64154
64155
64281
64299
64309
64316
64319
64347
64394
64401
64402
64406
64458
64461
64526
64527
64536
64584
64654
64663
64794
64817
64898
64975
64976
65015
65043
65047
65083
65134
65137
65140
65160
65162
65164
65216
65220
65229
65273
65279
65337
65342
65399
65486
65545
65548
65572
65583
65592
65694
65706
65709
65714
65769
65770
65964
65978
66011
66039
66081
66093
66104
66112
66119
66144
66196
66215
66235
66264
66311
66333
66375
66468
66484
66500
66530
66576
66595
66679
66713
66718
66719
66732
66740
66774
66838
66865
66900
66901
66906
66924
66927
66928
66929
66955
66964
66987
67000
67010
67020
67116
67140
67175
67181
67182
67200
67208
67246
67249
67288
67321
67350
67373
67380
67384
67435
67451
67461
67482
67490
67498
67506
67531
67534
67612
67641
67644
67661
67715
67757
67758
67807
67826
67897
67901
68024
68047
68054
68055
68071
68076
68078
68122
68127
68151
68159
68180
68185
68236
68257
68314
68318
68322
68329
68381
68393
68394
68405
68501
68503
68533
68593
68604
68631
68662
68710
68722
68742
68771
68788
68811
68816
68821
68846
68881
68921
68922
68937
68942
68944
68949
68959
68967
68987
69017
69020
69087
69091
69122
69130
69165
69168
69171
69201
69228
69229
69233
69297
69324
69341
69342
69378
69396
69398
69478
69558
69588
69615
69639
69692
69698
69722
69741
69756
69853
69883
69893
69900
69912
69920
69933
69936
69955
70099
70180
70227
70274
70278
70285
70299
70328
70403
70430
70460
70505
70511
70521
70524
70538
70539
70561
70565
70605
70639
70641
70654
70665
70673
70676
70682
70693
70718
70756
70757
70786
70908
70952
70965
70968
71000
71040
71176
71254
71268
71285
71347
71357
71363
71386
71393
71406
71448
71453
71496
71524
71544
71607
71705
71730
71738
71761
71768
71793
71816
71870
71905
71941
71953
71956
72011
72031
72052
72075
72081
72083
72087
72095
72098
72118
72130
72132
72135
72156
72217
72281
72303
72312
72316
72318
72355
72360
72361
72403
72406
72429
72442
72451
72461
72479
72481
72487
72507
72605
72607
72624
72764
72769
72794
72822
72848
73075
73096
73105
73110
73154
73236
73251
73276
73278
73279
73307
73345
73347
73366
73371
73387
73427
73501
73546
73626
73628
73633
73639
73692
73697
73759
73765
73850
73856
73862
73915
73919
73973
74021
74141
74172
74192
74197
74205
74221
74222
74224
74227
74231
74232
74233
74271
74282
74308
74310
74373
74399
74413
74432
74518
74545
74607
74622
74656
74660
74671
74694
74735
74792
74929
74991
75014
75050
75060
75064
75065
75118
75171
75193
75202
75243
75244
75289
75291
75314
75318
75367
75368
75415
75450
75490
75502
75507
75511
75613
75623
75626
75627
75634
75636
75683
75715
75752
75754
75759
75821
75846
75868
75912
75913
75928
76020
76066
76076
76079
76084
76086
76089
76099
76109
76110
76132
76138
76240
76304
76355
76382
76386
76394
76443
76462
76490
76520
76536
76562
76607
76629
76660
76666
76682
76722
76821
76824
76858
76947
77013
77021
77095
77121
77165
77169
77183
77206
77230
77273
77281
77310
77326
77332
77348
77389
77441
77459
77461
77487
77492
77603
77609
77611
77625
77627
77628
77634
77639
77646
77653
77657
77659
77672
77691
77696
77697
77699
77701
77710
77765
77767
77768
77771
77773
77798
77800
77803
77805
77867
77902
77939
77966
77969
78004
78062
78065
78066
78131
78137
78142
78146
78152
78154
78166
78172
78179
78228
78231
78233
78248
78261
78275
78317
78333
78361
78373
78389
78414
78423
78447
78450
78512
78533
78579
78591
78600
78650
78693
78727
78734
78766
78791
78799
78858
78876
78891
78947
79016
79048
79089
79153
79170
79213
79220
79222
79223
79224
79293
79346
79410
79413
79423
79452
79459
79471
79477
79484
79491
79557
79563
79571
79573
79579
79601
79669
79752
79754
79860
79927
79931
79944
80033
80050
80093
80102
80107
80115
80117
80126
80127
80184
80185
80210
80213
80221
80251
80288
80313
80385
80390
80391
80392
80432
80460
80473
80507
80517
80576
80588
80589
80590
80608
80630
80631
80667
80682
80734
80754
80764
80769
80844
80883
80887
80900
80958
80993
81117
81202
81331
81406
81462
81539
81540
81547
81564
81592
81614
81723
81801
81806
81830
81866
81876
81907
81908
81946
82013
82038
82043
82049
82051
82121
82128
82169
82200
82270
82272
82299
82353
82416
82531
82542
82558
82581
82687
82718
82735
82791
82795
82850
82851
82876
82884
82885
82964
82968
82986
83052
83084
83095
83099
83100
83122
83160
83192
83244
83406
83421
83425
83442
83468
83530
83587
83615
83621
83636
83638
83639
83660
83665
83666
83681
83686
83708
83728
83813
83928
83934
83960
84080
84088
84102
84105
84114
84122
84135
84136
84148
84150
84158
84172
84189
84193
84210
84219
84226
84312
84329
84343
84375
84424
84428
84438
84458
84505
84604
84770
84783
84790
84843
84862
84871
84892
84924
84945
84971
84974
84984
85012
85028
85142
85148
85164
85170
85198
85204
85215
85226
85228
85239
85365
85382
85400
85479
85489
85496
85500
85502
85506
85519
85555
85603
85643
85655
85724
85761
85844
85892
85898
85912
85966
86005
86025
86080
86113
86149
86178
86190
86191
86208
86274
86292
86334
86341
86344
86395
86397
86435
86490
86539
86544
86562
86592
86594
86600
86650
86686
86694
86720
86734
86827
86875
86878
86957
86968
86969
86982
87008
87021
87024
87071
87100
87157
87161
87439
87453
87472
87474
87513
87543
87549
87561
87590
87614
87615
87618
87640
87731
87780
87830
87858
87860
87862
87930
87938
87965
88000
88030
88057
88083
88104
88110
88138
88226
88237
88251
88312
88313
88324
88350
88353
88357
88363
88387
88397
88443
88456
88464
88508
88509
88518
88525
88533
88538
88540
88550
88556
88599
88634
88641
88701
88738
88785
88828
88877
88937
88944
88990
88993
88998
89051
89060
89108
89116
89226
89235
89248
89258
89295
89339
89372
89379
89385
89443
89455
89462
89478
89487
89518
89533
89539
89558
89593
89601
89612
89630
89658
89674
89677
89735
89774
89780
89812
89874
89890
89910
89934
89936
89949
89969
89970
89971
89999
90003
90016
90036
90047
90094
90100
90175
90233
90238
90259
90290
90305
90374
90389
90397
90408
90430
90435
90556
90591
90619
90658
90668
90671
90747
90764
90808
90817
90855
90876
90890
90897
90939
90941
90942
90954
90980
90983
90988
90998
90999
91048
91070
91218
91251
91285
91335
91404
91436
91440
91453
91458
91463
91464
91503
91520
91533
91550
91558
91596
91605
91672
91682
91705
91710
91757
91780
91796
91813
91825
91830
91892
91893
91895
91902
91938
91964
91980
91983
92184
92189
92190
92192
92260
92279
92306
92330
92335
92346
92349
92350
92360
92365
92370
92372
92378
92434
92457
92507
92533
92543
92558
92561
92563
92566
92575
92588
92601
92607
92645
92653
92739
92789
92856
92885
92888
92900
92928
92935
92949
92959
92963
93030
93046
93093
93096
93171
93188
93200
93206
93218
93219
93250
93274
93308
93322
93326
93343
93381
93383
93428
93456
93472
93628
93644
93756
93770
93800
93806
93888
93901
93936
93938
93954
94012
94041
94060
94067
94068
94070
94091
94096
94097
94100
94138
94148
94149
94153
94210
94223
94224
94272
94334
94395
94396
94423
94437
94477
94513
94539
94644
94658
94674
94677
94687
94707
94769
94857
94869
94902
94907
94915
94922
94923
94930
94971
94985
95075
95078
95107
95109
95116
95126
95132
95162
95170
95190
95245
95247
95296
95304
95305
95383
95405
95414
95421
95456
95473
95480
95485
95495
95502
95513
95587
95615
95623
95624
95639
95653
95676
95691
95693
95695
95737
95760
95782
95788
95835
95852
95867
95912
95935
95945
95952
95968
95970
95972
95978
95979
95980
95987
96005
96089
96097
96125
96138
96153
96165
96179
96205
96221
96270
96309
96403
96425
96426
96428
96431
96505
96506
96514
96516
96519
96584
96645
96647
96661
96678
96683
96688
96694
96697
96709
96716
96753
96763
96815
96848
96862
96883
96892
96909
96928
96929
96964
96977
97031
97032
97145
97163
97168
97217
97222
97263
97264
97273
97316
97364
97394
97405
97416
97470
97497
97507
97539
97546
97565
97588
97596
97601
97607
97634
97676
97684
97704
97780
97795
97797
97815
97836
97851
97859
97883
97903
97934
97944
97948
97974
97977
98004
98012
98018
98027
98062
98110
98143
98193
98204
98212
98219
98229
98253
98265
98286
98321
98346
98362
98388
98393
98423
98489
98530
98581
98592
98606
98608
98615
98631
98672
98749
98762
98774
98835
98839
98842
98946
98956
99005
99012
99013
99045
99046
99069
99077
99117
99120
99126
99140
99171
99172
99173
99207
99237
99238
99303
99316
99355
99362
99366
99398
99416
99417
99418
99430
99431
99533
99588
99608
99623
99624
99649
99661
99692
99750
99762
99827
99845
99851
99856
99868
99921
99936
99984
99993
100003
100133
100139
100235
100275
100278
100320
100324
100350
100351
100380
100409
100426
100451
100526
100553
100555
100564
100571
100707
100719
100757
100815
100845
100846
100864
100870
100876
100879
100880
100919
100923
100929
100949
100953
100969
100989
100995
101001
101103
101135
101140
101184
101210
101230
101232
101235
101329
101351
101402
101436
101437
101495
101576
101588
101608
101635
101638
101640
101654
101655
101657
101668
101752
101764
101885
101924
101931
101949
101996
102030
102043
102102
102106
102116
102131
102166
102177
102180
102184
102195
102201
102262
102328
102346
102380
102387
102405
102408
102422
102437
102438
102441
102457
102476
102479
102486
102512
102527
102541
102653
102692
102695
102723
102726
102749
102758
102775
102778
102831
102858
102863
102883
102926
102941
102943
102960
102963
103024
103041
103082
103100
103161
103199
103216
103217
103219
103226
103229
103247
103290
103313
103349
103412
103433
103440
103441
103446
103461
103508
103540
103550
103553
103593
103608
103615
103639
103657
103726
103754
103798
103832
103836
103837
103838
103872
103878
103890
103895
103905
103907
103972
104085
104089
104091
104110
104144
104150
104181
104208
104240
104296
104333
104343
104385
104389
104411
104420
104436
104457
104520
104553
104563
104570
104594
104603
104607
104615
104646
104789
104815
104827
104872
104877
104911
104946
104948
105023
105026
105038
105043
105090
105098
105101
105107
105119
105131
105134
105154
105242
105246
105302
105320
105357
105358
105362
105364
105379
105381
105384
105393
105402
105461
105462
105467
105469
105477
105486
105534
105583
105589
105635
105654
105670
105679
105684
105720
105747
105750
105772
105789
105816
105817
105832
105837
105867
105876
105877
105946
105955
105970
105980
105998
106002
106003
106023
106027
106028
106073
106088
106090
106142
106183
106188
106211
106243
106283
106304
106324
106403
106452
106456
106504
106508
106520
106555
106611
106614
106621
106625
106631
106654
106670
106685
106687
106775
106814
106835
106843
106848
106850
106865
106870
106872
106899
106917
106925
106943
107005
107031
107067
107079
107090
107093
107125
107126
107133
107134
107138
107163
107175
107178
107193
107243
107308
107343
107359
107411
107524
107613
107615
107641
107747
107755
107848
107879
107886
107887
107951
107961
107973
108037
108079
108099
108106
108111
108113
108122
108138
108169
108179
108190
108192
108197
108206
108208
108214
108217
108341
108428
108435
108494
108498
108566
108585
108614
108650
108672
108675
108679
108681
108690
108695
108697
108702
108703
108707
108713
108714
108718
108726
108766
108783
108816
108824
108830
108831
108833
108835
108840
108867
108951
108965
108975
108990
108994
108997
109014
109038
109040
109047
109074
109111
109126
109140
109219
109248
109280
109297
109305
109350
109362
109378
109465
109470
109486
109497
109625
109632
109647
109674
109683
109688
109719
109739
109763
109764
109767
109770
109845
109851
109857
109861
109869
109871
109892
109913
109942
109955
109958
109964
109967
109972
109985
110027
110034
110084
110118
110129
110137
110159
110164
110182
110280
110302
110333
110340
110344
110346
110374
110389
110418
110457
110460
110472
110480
110515
110524
110525
110561
110595
110627
110714
110716
110788
110795
110816
110849
110860
110961
110963
111131
111175
111178
111180
111215
111216
111219
111223
111225
111235
111315
111354
111409
111418
111423
111428
111472
111483
111513
111518
111557
111558
111559
111569
111573
111641
111642
111693
111703
111728
111737
111789
111812
111843
111853
111898
111911
111929
111971
111994
111997
111998
112006
112050
112067
112082
112084
112098
112103
112105
112107
112141
112182
112184
112224
112240
112241
112242
112276
112291
112293
112298
112303
112306
112311
112416
112433
112465
112537
112669
112746
112751
112758
112791
112823
112831
112853
112884
112889
112892
112894
112947
112948
112962
113020
113025
113034
113081
113097
113108
113115
113129
113176
113188
113222
113333
113376
113436
113465
113490
113513
113519
113544
113575
113644
113662
113664
113672
113696
113704
113715
113747
113769
113785
113792
113793
113797
113799
113807
113808
113819
113865
113876
113881
113900
113947
113954
113964
114014
114018
114029
114032
114036
114040
114052
114084
114147
114165
114168
114249
114322
114348
114358
114372
114407
114426
114434
114461
114480
114531
114686
114692
114757
114761
114766
114789
114821
114824
114902
114909
114923
114929
114989
115033
115035
115037
115038
115040
115051
115059
115074
115136
115137
115167
115190
115228
115239
115251
115318
115347
115393
115416
115446
115497
115546
115572
115626
115643
115646
115650
115700
115708
115749
115799
115812
115873
115881
115918
115925
115935
115938
115939
115941
116011
116043
116054
116073
116076
116099
116100
116108
116165
116222
116264
116299
116300
116342
116346
116357
116383
116395
116458
116462
116555
116579
116617
116668
116704
116720
116758
116852
116857
116879
116968
116984
117020
117042
117045
117091
117147
117177
117247
117251
117254
117324
117368
117445
117450
117547
117549
117622
117623
117665
117682
117699
117731
117799
117820
117863
117910
117931
117961
117970
117991
118007
118011
118016
118033
118080
118099
118109
118134
118147
118169
118188
118221
118227
118248
118392
118398
118455
118492
118502
118535
118549
118587
118597
118633
118680
118723
118739
118772
118784
118789
118825
118849
118861
118870
118885
118893
118960
118962
118975
119002
119023
119123
119177
119212
119215
119228
119251
119257
119299
119303
119306
119325
119330
119334
119342
119376
119398
119404
119410
119412
119422
119441
119471
119481
119503
119536
119578
119581
119622
119657
119670
119672
119673
119675
119682
119686
119704
119705
119730
119733
119738
119781
119798
119819
119843
119866
119869
119897
119948
119955
119967
119994
120035
120038
120061
120079
120116
120122
120175
120240
120250
120298
120341
120384
120401
120450
120495
120501
120548
120578
120579
120590
120592
120594
120602
120607
120644
120687
120710
120712
120760
120871
120879
120889
121025
121041
121045
121116
121139
121214
121239
121246
121250
121301
121306
121326
121338
121345
121382
121384
121390
121410
121477
121550
121576
121579
121593
121596
121602
121612
121645
121706
121748
121751
121753
121757
121783
121801
121805
121829
121857
121861
121927
121930
121936
121939
121959
121967
121985
121991
122017
122028
122091
122130
122133
122148
122159
122166
122169
122176
122200
122223
122247
122259
122337
122403
122439
122469
122514
122546
122599
122672
122683
122704
122722
122730
122772
122793
122840
122844
122905
122943
122965
122982
123020
123101
123134
123154
123187
123188
123190
123210
123246
123311
123313
123314
123320
123321
123323
123333
123396
123407
123413
123443
123476
123479
123532
123572
123587
123588
123590
123595
123598
123609
123614
123615
123635
123646
123664
123666
123675
123703
123724
123729
123736
123740
123791
123797
123839
123869
123895
123896
123904
123929
123967
123968
123987
123992
124060
124091
124097
124138
124147
124148
124167
124185
124191
124196
124201
124202
124266
124279
124280
124283
124284
124335
124371
124391
124393
124449
124460
124514
124526
124538
124554
124587
124608
124619
124637
124640
124737
124826
124893
124928
124952
124961
124963
124968
124975
124977
125000
125023
125033
125045
125057
125112
125238
125272
125288
125321
125336
125476
125498
125572
125576
125627
125633
125646
125647
125654
125674
125679
125708
125724
125730
125789
125854
125855
125901
126049
126076
126082
126090
126098
126138
126242
126315
126353
126374
126413
126433
126471
126479
126486
126513
126573
126589
126590
126597
126639
126721
126749
126763
126830
126862
126868
126930
126936
126950
126962
127045
127062
127087
127109
127160
127175
127213
127221
127229
127242
127264
127265
127326
127349
127372
127395
127424
127455
127588
127611
127619
127620
127624
127661
127666
127695
127720
127741
127790
127795
127798
127810
127824
127966
127973
127982
127986
128008
128027
128045
128064
128081
128087
128090
128093
128101
128108
128140
128148
128163
128171
128177
128235
128265
128317
128326
128336
128347
128361
128363
128402
128428
128450
128459
128469
128490
128496
128500
128515
128525
128536
128537
128590
128689
128699
128705
128710
128749
128765
128767
128790
128794
128796
128797
128807
128820
128877
128921
128924
128925
128930
128949
128970
128988
128989
129055
129058
129089
129093
129148
129151
129152
129163
129206
129218
129259
129263
129280
129281
129289
129306
129357
129376
129436
129486
129492
129538
129541
129607
129633
129647
129658
129705
129729
129734
129739
129798
129802
129818
129847
129873
129895
129904
129925
129974
129987
130050
130104
130127
130240
130305
130392
130397
130403
130411
130426
130475
130529
130547
130560
130588
130596
130606
130623
130654
130696
130705
130723
130742
130748
130779
130782
130805
130820
130850
130852
130856
130892
130919
130921
130947
131030
131035
131046
131056
131064
131081
131094
131130
131184
131192
131199
131225
131228
131284
131285
131370
131430
131478
131508
131544
131598
131628
131636
131668
131709
131787
131799
131882
131933
132016
132074
132083
132093
132118
132142
132147
132162
132214
132282
132292
132302
132318
132394
132405
132580
132620
132693
132770
132841
132855
132916
132925
132955
132972
132982
133008
133045
133080
133114
133115
133195
133219
133228
133249
133257
133287
133366
133377
133396
133398
133423
133487
133507
133567
133606
133627
133637
133641
133644
133660
133677
133678
133783
133897
133919
133934
133976
133988
134041
134044
134067
134082
134094
134154
134188
134189
134191
134209
134263
134278
134336
134384
134386
134423
134453
134467
134472
134474
134513
134522
134545
134617
134639
134642
134659
134794
134797
134805
134808
134825
134847
134851
134863
134870
134874
134912
134976
134991
134992
135006
135033
135065
135073
135075
135111
135115
135167
135233
135258
135270
135278
135281
135299
135302
135306
135343
135382
135388
135500
135616
135640
135655
135681
135686
135696
135736
135738
135742
135749
135855
135882
135894
135900
135903
135905
135913
135978
135997
136003
136021
136024
136055
136075
136091
136121
136138
136140
136152
136168
136203
136211
136237
136248
136292
136325
136371
136374
136392
136393
136397
136408
136437
136534
136620
136622
136629
136632
136665
136688
136721
136745
136750
136771
136843
136848
136851
136857
136923
136937
136990
137059
137064
137072
137102
137129
137164
137175
137183
137208
137255
137337
137359
137362
137377
137399
137435
137437
137502
137521
137570
137584
137610
137612
137652
137690
137709
137793
137795
137822
137836
137894
137935
137943
137946
137950
138020
138032
138035
138059
138061
138079
138087
138123
138127
138130
138158
138172
138271
138279
138283
138302
138306
138314
138321
138322
138324
138328
138334
138417
138422
138447
138491
138493
138505
138587
138610
138617
138665
138668
138691
138703
138708
138839
138892
138894
138916
138934
138950
138973
139028
139105
139129
139151
139205
139212
139257
139272
139274
139314
139410
139468
139495
139540
139576
139581
139621
139634
139659
139735
139737
139742
139799
139801
139812
139832
139876
139888
139914
139936
139964
139968
140028
140032
140064
140071
140123
140155
140162
140177
140188
140210
140245
140248
140255
140262
140284
140338
140346
140349
140360
140362
140363
140364
140366
140458
140552
140576
140585
140586
140588
140598
140607
140645
140654
140655
140658
140661
140674
140675
140758
140759
140765
140766
140772
140773
140777
140798
140832
140862
140865
140909
140915
140979
140995
141069
141118
141119
141120
141154
141164
141183
141184
141216
141224
141229
141232
141282
141330
141348
141381
141389
141439
141497
141598
141625
141647
141651
141652
141662
141691
141708
141716
141727
141747
141768
141794
141798
141806
141830
141831
141846
141855
141857
141861
141869
141905
141944
141964
141976
141982
141985
141998
142044
142067
142090
142104
142122
142134
142160
142171
142182
142194
142205
142209
142280
142324
142344
142352
142365
142366
142367
142369
142385
142386
142393
142445
142465
142471
142481
142484
142495
142499
142519
142535
142590
142636
142646
142657
142667
142669
142720
142764
142803
142806
142826
142835
142837
142863
142965
143020
143051
143067
143091
143097
143102
143139
143189
143228
143241
143280
143320
143372
143386
143425
143496
143524
143553
143561
143576
143579
143595
143642
143659
143662
143677
143680
143683
143708
143772
143776
143784
143827
143941
143993
144089
144125
144146
144156
144160
144176
144265
144291
144292
144319
144327
144329
144348
144435
144454
144547
144555
144579
144665
144682
144690
144695
144773
144780
144826
144881
144972
144973
144975
144986
144991
145008
145015
145098
145145
145150
145156
145174
145176
145205
145207
145211
145220
145230
145231
145234
145329
145392
145401
145405
145414
145515
145523
145606
145634
145714
145717
145862
145868
145876
145889
145896
145897
145898
145976
146009
146024
146035
146054
146080
146103
146146
146157
146158
146220
146246
146291
146298
146337
146338
146497
146549
146565
146582
146633
146657
146718
146776
146779
146841
146848
146873
146883
146889
146919
146925
146940
146952
146979
146994
147039
147073
147168
147199
147215
147236
147237
147262
147274
147295
147325
147348
147380
147407
147414
147416
147440
147457
147460
147511
147517
147534
147542
147554
147569
147612
147678
147681
147710
147720
147735
147749
147752
147759
147847
147852
147876
147916
148000
148002
148010
148017
148019
148099
148135
148175
148177
148205
148288
148312
148315
148357
148358
148359
148367
148376
148411
148428
148448
148482
148494
148577
148590
148637
148643
148649
148664
148665
148667
148695
148724
148746
148760
148796
148812
148814
148853
148871
148876
148881
148925
148927
148949
148958
148966
149106
149112
149194
149220
149225
149227
149259
149293
149298
149344
149345
149358
149384
149406
149413
149459
149527
149624
149747
149757
149816
149868
149869
149873
149887
149889
149958
149983
149986
150002
150130
150133
150156
150191
150197
150309
150315
150318
150324
150343
150351
150398
150435
150440
150503
150598
150608
150614
150670
150677
150720
150730
150735
150748
150757
150802
150820
150829
150837
150911
150938
150976
150995
151067
151172
151180
151212
151230
151269
151270
151277
151294
151312
151364
151372
151401
151509
151547
151625
151647
151705
151714
151715
151726
151739
151750
151751
151810
151822
151825
151886
151913
151930
151983
152009
152020
152053
152062
152069
152082
152092
152102
152164
152203
152246
152293
152308
152412
152436
152535
152608
152610
152668
152850
152857
152861
152871
152876
152921
153044
153050
153067
153128
153148
153211
153213
153259
153314
153349
153369
153414
153494
153531
153539
153563
153567
153587
153611
153619
153646
153654
153664
153723
153792
153809
153862
153864
153865
153878
153890
153892
153895
153897
153932
153954
153960
153967
153997
154031
154036
154041
154072
154116
154150
154151
154155
154161
154248
154258
154275
154305
154360
154391
154405
154406
154412
154415
154441
154510
154564
154606
154630
154645
154668
154693
154726
154820
154822
154838
154859
154876
154894
154919
154920
154947
154952
154959
154975
155026
155033
155047
155069
155127
155130
155131
155145
155190
155194
155250
155254
155260
155264
155269
155291
155337
155377
155397
155409
155415
155418
155442
155454
155462
155470
155530
155566
155744
155745
155748
155838
155861
155902
155956
155962
156007
156041
156051
156054
156067
156088
156144
156146
156147
156169
156185
156202
156316
156381
156386
156412
156413
156438
156526
156530
156563
156609
156620
156655
156662
156777
156838
156947
156983
156987
156993
156998
157034
157037
157044
157056
157064
157067
157079
157086
157090
157098
157117
157139
157189
157248
157252
157378
157389
157427
157462
157471
157478
157513
157524
157585
157590
157599
157620
157667
157674
157726
157731
157768
157792
157810
157813
157814
157818
157848
157857
157879
157880
158004
158010
158031
158048
158077
158089
158096
158098
158131
158137
158160
158313
158331
158348
158379
158525
158527
158533
158550
158636
158641
158643
158661
158737
158740
158757
158798
158853
158924
159012
159016
159026
159037
159040
159051
159184
159216
159221
159224
159230
159234
159250
159309
159332
159333
159369
159409
159424
159434
159561
159597
159613
159622
159653
159655
159697
159750
159782
159796
159831
159876
159983
160041
160042
160054
160056
160110
160123
160160
160236
160237
160251
160266
160345
160359
160367
160370
160394
160409
160507
160582
160601
160620
160640
160649
160657
160669
160675
160679
160693
160700
160719
160725
160790
160825
160827
160832
160841
160954
160999
161052
161079
161111
161122
161134
161147
161250
161279
161374
161391
161407
161437
161474
161482
161520
161528
161541
161579
161655
161662
161711
161715
161731
161733
161735
161747
161779
161804
161806
161826
161881
161884
161893
162068
162134
162145
162167
162263
162295
162297
162303
162317
162374
162375
162392
162402
162442
162514
162524
162550
162581
162588
162590
162604
162606
162618
162681
162711
162716
162790
162795
162833
162848
162889
162909
162974
162986
163031
163073
163144
163170
163175
163179
163182
163199
163364
163378
163409
163448
163451
163460
163476
163500
163520
163525
163526
163664
163690
163696
163714
163736
163833
163904
163908
163920
163967
163979
163999
164014
164037
164054
164070
164085
164091
164107
164126
164133
164145
164154
164189
164216
164221
164229
164240
164250
164273
164279
164313
164348
164385
164387
164410
164429
164434
164512
164585
164609
164648
164679
164686
164717
164738
164743
164747
164754
164856
164860
165040
165050
165130
165188
165197
165292
165299
165320
165330
165361
165378
165384
165385
165388
165398
165404
165406
165449
165454
165460
165469
165529
165551
165559
165567
165568
165583
165585
165595
165596
165599
165603
165605
165624
165631
165641
165651
165684
165687
165691
165713
165731
165745
165750
165757
165759
165764
165807
165821
165836
165865
165896
165901
165903
165971
166021
166026
166050
166156
166183
166199
166207
166269
166271
166329
166353
166354
166366
166382
166387
166391
166426
166452
166469
166475
166485
166494
166511
166572
166607
166627
166682
166690
166693
166705
166710
166721
166723
166737
166746
166800
166835
166838
166856
166859
166898
166925
166935
166951
166982
166998
167007
167047
167053
167090
167171
167177
167181
167215
167315
167341
167346
167361
167370
167382
167402
167404
167417
167499
167559
167612
167645
167698
167719
167736
167750
167753
167756
167787
167802
167911
167937
167956
167962
167978
168070
168159
168201
168239
168271
168317
168358
168377
168384
168392
168395
168447
168455
168460
168496
168510
168529
168609
168618
168625
168683
168789
168836
168892
168925
168942
168967
168978
168979
169027
169058
169085
169263
169301
169364
169394
169412
169431
169466
169474
169512
169513
169518
169524
169532
169543
169616
169710
169720
169725
169728
169743
169755
169767
169775
169781
169832
169849
169909
169910
169944
169947
169976
169977
170008
170020
170072
170111
170132
170169
170194
170199
170216
170240
170329
170348
170351
170365
170379
170559
170562
170581
170600
170631
170666
170706
170765
170774
170778
170804
170820
170838
170844
170857
170871
170889
170893
170922
170931
171129
171170
171188
171189
171242
171318
171325
171328
171362
171406
171475
171482
171486
171495
171536
171578
171590
171616
171631
171684
171691
171718
171746
171756
171772
171784
171802
171811
171819
171873
171944
171954
171972
171989
172025
172039
172044
172066
172102
172124
172178
172184
172209
172254
172266
172304
172309
172314
172321
172329
172354
172355
172359
172372
172418
172426
172439
172472
172488
172494
172508
172533
172566
172583
172624
172643
172659
172660
172699
172707
172710
172758
172771
172781
172828
172844
172860
172891
172912
172920
172990
172991
173037
173046
173107
173204
173220
173255
173271
173327
173335
173347
173351
173356
173366
173371
173402
173416
173442
173471
173490
173533
173578
173592
173618
173636
173703
173705
173717
173719
173734
173759
173836
173841
173842
174008
174026
174027
174061
174072
174098
174154
174159
174197
174206
174246
174251
174282
174292
174297
174299
174305
174312
174381
174412
174414
174497
174521
174531
174658
174688
174700
174760
174787
174812
174816
174832
174841
174855
174874
174905
174930
174995
175007
175016
175027
175036
175044
175045
175107
175110
175112
175114
175120
175164
175175
175186
175207
175211
175221
175244
175276
175319
175321
175345
175357
175382
175395
175406
175436
175458
175514
175551
175588
175606
175612
175620
175621
175650
175652
175673
175727
175737
175758
175774
175807
175828
175834
175860
175876
175916
175959
175978
175990
176000
176027
176036
176100
176102
176167
176174
176203
176286
176312
176382
176416
176447
176481
176483
176659
176662
176673
176717
176723
176727
176773
176775
176795
176808
176835
176851
176894
176896
176897
176913
176918
176937
176956
176979
177006
177047
177084
177110
177123
177134
177141
177151
177158
177218
177255
177299
177302
177303
177313
177339
177352
177355
177380
177401
177427
177500
177502
177539
177540
177549
177571
177636
177695
177708
177739
177767
177777
177815
177860
177965
178095
178177
178208
178266
178286
178297
178300
178386
178396
178457
178477
178496
178575
178577
178594
178620
178640
178671
178672
178712
178729
178770
178779
178824
178842
178846
178851
178923
178944
178956
178957
178959
178984
179031
179058
179077
179141
179142
179144
179167
179264
179272
179301
179378
179386
179406
179414
179423
179456
179467
179497
179502
179528
179531
179532
179594
179617
179673
179674
179709
179713
179714
179733
179792
179802
179810
179831
179838
179844
179904
179905
179924
179952
179954
179962
180036
180094
180129
180135
180137
180139
180147
180149
180152
180157
180178
180211
180251
180279
180283
180310
180354
180390
180431
180489
180496
180571
180644
180646
180669
180782
180784
180786
180796
180819
180866
180869
180890
180897
180910
180929
180931
180942
180971
180979
181009
181048
181052
181103
181123
181201
181351
181355
181376
181410
181421
181471
181505
181513
181521
181552
181556
181566
181575
181631
181673
181708
181713
181714
181785
181786
181804
181830
181839
181847
181849
181851
181901
181945
181983
182010
182015
182055
182062
182075
182106
182133
182148
182150
182173
182190
182230
182248
182258
182340
182353
182443
182474
182490
182561
182565
182571
182575
182578
182621
182622
182627
182675
182689
182748
182809
182845
182913
182918
182948
182989
183001
183008
183015
183017
183032
183036
183045
183057
183090
183102
183121
183135
183188
183251
183261
183279
183305
183306
183335
183338
183358
183375
183390
183409
183430
183442
183504
183509
183514
183524
183533
183537
183543
183544
183558
183593
183600
183638
183704
183707
183709
183712
183729
183765
183826
183835
183838
183889
183907
183934
183996
184058
184085
184097
184103
184111
184181
184198
184246
184283
184287
184313
184320
184424
184444
184468
184475
184480
184481
184484
184507
184521
184596
184646
184652
184662
184675
184690
184709
184814
184817
184818
184836
184903
184937
184942
184943
184945
184957
184995
185001
185007
185148
185178
185186
185194
185195
185215
185241
185242
185306
185326
185362
185399
185439
185447
185466
185502
185505
185516
185566
185578
185656
185756
185775
185780
185793
185809
185835
185836
185873
185881
185900
185920
185968
185998
186019
186036
186053
186061
186070
186089
186247
186286
186301
186304
186305
186321
186377
186425
186432
186487
186522
186547
186584
186692
186725
186738
186785
186808
186810
186817
186841
186848
186862
186865
186877
186904
186906
186917
186952
186959
186972
187008
187045
187078
187098
187122
187138
187171
187292
187317
187321
187350
187351
187357
187358
187374
187504
187523
187531
187547
187624
187632
187639
187661
187675
187723
187734
187735
187756
187771
187789
187840
188002
188009
188036
188043
188044
188064
188105
188138
188143
188146
188168
188172
188230
188232
188280
188308
188346
188470
188482
188521
188547
188570
188576
188595
188639
188677
188681
188682
188683
188692
188705
188714
188744
188772
188776
188786
188809
188875
188881
188895
188896
188922
188924
188969
189024
189027
189032
189041
189049
189050
189052
189057
189063
189114
189117
189125
189150
189156
189181
189185
189209
189237
189275
189297
189302
189314
189367
189370
189461
189465
189477
189489
189502
189505
189507
189522
189581
189588
189621
189631
189633
189655
189709
189717
189775
189801
189804
189809
189861
189874
189898
189935
189942
189945
189959
189990
190014
190024
190052
190058
190126
190153
190178
190180
190182
190188
190198
190297
190300
190302
190311
190332
190333
190360
190363
190366
190370
190372
190385
190399
190405
190420
190422
190423
190426
190435
190436
190450
190468
190473
190490
190495
190499
190502
190505
190511
190530
190535
190539
190573
190583
190588
190591
190592
190610
190677
190690
190771
190776
190782
190839
190874
190905
191057
191100
191109
191113
191126
191130
191137
191169
191252
191280
191289
191293
191296
191304
191307
191329
191332
191333
191338
191359
191391
191441
191450
191463
191516
191625
191651
191756
191773
191798
191815
191846
191861
191862
191879
191884
191886
191930
191961
191962
191965
191981
191999
192013
192045
192062
192142
192190
192207
192213
192242
192252
192305
192309
192311
192317
192352
192369
192425
192499
192523
192524
192527
192618
192620
192622
192626
192687
192689
192692
192724
192731
192737
192746
192774
192778
192791
192802
192816
192819
192853
192900
192915
192928
192930
192964
192974
193025
193061
193099
193100
193155
193187
193198
193212
193222
193236
193248
193267
193293
193314
193318
193358
193367
193371
193385
193422
193427
193429
193461
193477
193485
193488
193500
193533
193548
193587
193594
193608
193638
193641
193642
193658
193675
193677
193736
193755
193813
193817
193856
193891
193902
193907
193932
193937
193939
193947
193959
193990
194019
194030
194034
194101
194209
194238
194241
194245
194280
194312
194327
194389
194394
194395
194414
194415
194438
194467
194483
194487
194502
194578
194648
194744
194774
194809
194886
194894
194972
195054
195069
195139
195143
195184
195212
195224
195230
195249
195265
195328
195333
195347
195361
195394
195398
195407
195463
195495
195532
195535
195536
195542
195548
195591
195629
195645
195648
195677
195695
195733
195860
195865
195868
195878
195901
195955
195977
195981
195997
195999
196009
196011
196017
196030
196057
196082
196083
196085
196096
196119
196142
196154
196175
196184
196186
196218
196224
196281
196294
196295
196298
196320
196336
196340
196352
196356
196369
196421
196438
196447
196467
196482
196491
196497
196513
196519
196520
196521
196535
196537
196552
196555
196575
196627
196647
196702
196708
196729
196771
196799
196801
196803
196810
196813
196885
196911
196920
196942
196955
196958
196966
196975
196980
196991
197003
197026
197034
197043
197044
197050
197051
197054
197065
197121
197156
197180
197239
197250
197293
197320
197322
197323
197335
197352
197358
197363
197382
197388
197421
197422
197433
197435
197465
197468
197490
197537
197552
197556
197565
197593
197596
197597
197604
197610
197617
197621
197643
197658
197662
197664
197672
197684
197690
197694
197698
197699
197706
197754
197755
197756
197776
197782
197790
197793
197796
197876
197879
197880
197909
198053
198092
198108
198118
198121
198138
198164
198167
198197
198220
198252
198285
198294
198326
198335
198340
198374
198404
198409
198425
198449
198484
198495
198533
198574
198586
198592
198603
198666
198667
198681
198717
198720
198727
198743
198786
198808
198810
198833
198878
198891
198899
198927
198981
198991
199038
199054
199141
199153
199163
199218
199219
199229
199268
199276
199281
199320
199321
199323
199336
199367
199368
199372
199386
199394
199455
199480
199583
199589
199593
199602
199613
199643
199677
199720
199819
199822
199876
199925
199926
199930
199941
199971
199997
200031
200041
200046
200053
200070
200113
200114
200142
200161
200175
200213
200234
200239
200289
200318
200322
200325
200333
200374
200436
200480
200502
200523
200572
200632
200662
200671
200674
200680
200736
200790
200829
200840
200849
200852
200910
200934
200964
200972
200973
201002
201016
201035
201185
201249
201254
201255
201336
201341
201347
201352
201394
201395
201405
201407
201431
201486
201538
201576
201588
201600
201614
201642
201768
201772
201774
201799
201819
201826
201840
201860
201878
201898
201903
201928
201969
201970
201971
201973
201978
202018
202028
202043
202075
202080
202148
202164
202309
202363
202402
202404
202429
202474
202483
202501
202510
202532
202550
202556
202573
202636
202739
202760
202780
202813
202827
202851
202870
202874
202912
202918
202923
202944
202950
202953
202958
202959
203003
203005
203012
203047
203052
203060
203062
203076
203079
203081
203112
203123
203130
203136
203177
203279
203348
203371
203444
203452
203502
203529
203558
203561
203659
203704
203724
203728
203736
203747
203764
203765
203771
203775
203780
203784
203819
203840
203846
203896
203908
203912
203915
203917
203971
204024
204036
204056
204080
204096
204114
204131
204173
204248
204249
204261
204277
204340
204344
204347
204348
204373
204400
204456
204467
204510
204602
204613
204708
204747
204883
204908
204980
205076
205176
205252
205267
205277
205287
205295
205383
205398
205406
205431
205441
205448
205463
205474
205495
205561
205579
205586
205634
205649
205656
205727
205790
205850
205861
205866
205867
205873
205901
205922
205937
206019
206080
206083
206084
206123
206175
206198
206213
206269
206271
206299
206304
206336
206343
206405
206426
206434
206523
206603
206623
206647
206680
206701
206819
206838
206843
206891
206894
206895
206908
206911
206913
206914
206915
206921
206937
206944
207004
207125
207130
207152
207165
207170
207180
207206
207316
207342
207363
207376
207436
207464
207469
207524
207529
207537
207542
207543
207545
207560
207579
207651
207795
207824
207837
207899
207909
207925
207935
207964
207980
208004
208083
208100
208102
208115
208129
208138
208143
208165
208167
208172
208185
208293
208305
208361
208370
208379
208406
208428
208486
208499
208500
208513
208517
208529
208538
208539
208548
208557
208566
208605
208654
208673
208771
208810
208849
208898
208916
208948
208953
208959
208979
209041
209052
209059
209100
209108
209123
209126
209143
209148
209161
209350
209376
209447
209478
209482
209520
209551
209563
209571
209594
209600
209623
209626
209660
209700
209775
209802
209822
209827
209835
209863
209878
209889
209915
209932
210019
210050
210072
210094
210096
210097
210108
210116
210132
210154
210177
210201
210206
210305
210306
210308
210309
210311
210360
210375
210379
210392
210401
210436
210452
210467
210473
210477
210478
210482
210483
210537
210547
210551
210578
210616
210632
210677
210701
210744
210747
210772
210791
210815
210821
210824
210825
210827
210830
210848
210860
210861
210927
210952
210956
210961
210992
211007
211042
211049
211059
211063
211065
211069
211086
211121
211134
211154
211155
211167
211195
211279
211339
211391
211464
211491
211523
211545
211550
211582
211588
211591
211640
211659
211714
211754
211864
211869
211911
211920
211978
211997
212026
212088
212089
212091
212134
212165
212173
212178
212188
212252
212258
212302
212321
212336
212396
212462
212470
212503
212531
212536
212580
212586
212606
212627
212650
212659
212723
212734
212755
212851
212853
212860
212875
212946
212961
212991
213002
213047
213064
213068
213070
213118
213153
213154
213155
213167
213174
213201
213244
213249
213282
213287
213305
213327
213331
213334
213378
213434
213449
213458
213459
213467
213498
213504
213510
213511
213544
213588
213599
213605
213664
213690
213691
213693
213731
213742
213751
213755
213794
213821
213832
213857
213867
213872
213876
214065
214102
214155
214177
214198
214315
214324
214349
214376
214377
214413
214474
214475
214482
214510
214512
214548
214639
214705
214801
214805
214808
214838
214869
214877
214885
214894
214932
214951
215006
215065
215096
215101
215153
215189
215200
215210
215212
215215
215222
215287
215306
215323
215333
215343
215457
215515
215530
215549
215566
215624
215717
215740
215752
215762
215779
215824
215860
215861
215865
215866
215869
215871
215886
215901
215904
215916
215971
215982
216050
216051
216059
216064
216068
216107
216144
216163
216187
216214
216215
216219
216226
216230
216237
216248
216257
216272
216290
216296
216297
216309
216310
216344
216389
216394
216411
216496
216506
216519
216529
216535
216541
216550
216587
216594
216608
216690
216761
216842
216854
216878
216929
216954
216972
217061
217063
217066
217068
217109
217122
217126
217197
217249
217285
217314
217327
217338
217339
217375
217398
217409
217457
217549
217611
217641
217678
217716
217725
217758
217767
217773
217795
217814
217838
217840
217879
217932
217934
217943
217966
218007
218051
218119
218154
218169
218259
218309
218343
218352
218372
218391
218393
218474
218485
218525
218544
218568
218602
218606
218609
218610
218613
218616
218750
218751
218759
218770
218798
218817
218832
218844
218853
218863
218925
218935
218963
218966
218972
219027
219033
219048
219110
219121
219134
219145
219167
219192
219218
219221
219263
219274
219299
219303
219316
219343
219363
219381
219394
219461
219493
219498
219501
219506
219510
219527
219657
219663
219680
219690
219781
219805
219807
219822
219850
219851
219913
219955
219959
219997
219999
220013
220032
220055
220063
220072
220100
220103
220120
220143
220145
220193
220223
220235
220270
220297
220322
220332
220335
220354
220364
220451
220486
220498
220543
220549
220675
220703
220747
220774
220795
220842
220851
220855
220927
220961
220971
221048
221068
221079
221108
221130
221145
221154
221170
221173
221176
221219
221241
221249
221263
221269
221274
221280
221300
221314
221366
221370
221394
221406
221445
221448
221458
221477
221500
221502
221537
221573
221614
221655
221694
221701
221736
221749
221808
221821
221824
221871
221880
221885
222017
222039
222060
222068
222074
222095
222119
222136
222181
222186
222223
222239
222245
222250
222251
222263
222272
222280
222297
222310
222317
222341
222342
222355
222382
222387
222399
222432
222442
222464
222513
222514
222520
222529
222555
222569
222627
222632
222642
222694
222705
222831
222837
222838
222863
222929
222980
222986
222991
223002
223003
223012
223023
223071
223121
223135
223140
223162
223229
223246
223248
223250
223252
223258
223370
223382
223486
223514
223519
223534
223546
223584
223597
223665
223674
223701
223705
223706
223712
223718
223722
223728
223801
223803
223813
223814
223832
223833
223848
223854
223855
223858
223892
223899
223900
223941
223943
223967
223974
224044
224071
224101
224155
224193
224207
224248
224273
224308
224362
224419
224433
224518
224545
224554
224643
224644
224663
224726
224739
224740
224744
224801
224802
224821
224830
224856
224879
224895
224907
224915
224923
224936
224958
224979
224981
224986
224996
224997
224999
225001
225007
225016
225087
225104
225120
225128
225161
225192
225195
225237
225301
225323
225327
225364
225387
225406
225446
225454
225473
225627
225629
225639
225668
225686
225696
225716
225718
225856
225858
225871
225903
225925
225939
225948
225971
225975
225980
226007
226075
226113
226135
226196
226203
226213
226237
226246
226281
226286
226358
226361
226461
226464
226503
226576
226601
226603
226671
226695
226697
226709
226715
226741
226833
226835
226849
226866
226906
226910
226944
226976
226986
227004
227008
227020
227026
227039
227042
227074
227079
227114
227148
227156
227187
227189
227197
227217
227332
227382
227393
227415
227432
227446
227459
227476
227477
227513
227515
227516
227521
227523
227567
227637
227662
227673
227679
227702
227719
227723
227728
227750
227920
227924
227949
227959
227961
227965
227966
227968
227983
227997
228015
228050
228196
228199
228209
228243
228254
228284
228289
228306
228337
228393
228425
228428
228481
228565
228634
228644
228701
228718
228724
228728
228732
228736
228750
228753
228780
228782
228787
228792
228796
228807
228815
228867
228868
228870
228898
228913
228935
229060
229202
229203
229212
229242
229258
229293
229298
229305
229311
229313
229327
229339
229340
229385
229454
229479
229486
229494
229495
229508
229605
229626
229634
229666
229701
229707
229726
229729
229731
229907
229919
229973
229975
229995
229996
230003
230017
230067
230071
230077
230086
230087
230150
230159
230246
230251
230309
230310
230316
230327
230393
230413
230419
230445
230446
230447
230465
230472
230485
230608
230645
230674
230680
230687
230697
230699
230732
230787
230795
230814
230853
230861
230869
230871
230873
230891
230898
230947
230949
231000
231036
231082
231137
231140
231155
231188
231204
231233
231234
231260
231271
231321
231382
231424
231427
231428
231468
231568
231579
231580
231582
231583
231671
231777
231784
231813
231873
231902
231938
232030
232068
232075
232080
232166
232188
232321
232345
232457
232459
232491
232601
232610
232650
232717
232729
232746
232754
232756
232774
232801
232833
232890
232898
232902
232911
232928
232973
233046
233161
233271
233290
233387
233475
233506
233624
233632
233648
233708
233747
233812
233863
233889
233894
233931
233947
234007
234074
234134
234187
234230
234299
234301
234319
234326
234327
234348
234352
234397
234404
234442
234466
234481
234543
234644
234652
234653
234656
234666
234682
234722
234732
234786
234789
234821
234837
234910
234924
234934
234955
234965
234966
234992
235036
235087
235096
235111
235114
235147
235160
235163
235179
235190
235211
235218
235257
235271
235299
235332
235342
235376
235379
235380
235382
235403
235427
235469
235470
235476
235483
235491
235523
235530
235562
235588
235590
235705
235710
235728
235782
235831
235869
235884
235912
235918
235961
235991
236012
236037
236042
236075
236130
236141
236154
236163
236172
236210
236235
236285
236378
236401
236402
236410
236483
236501
236524
236546
236566
236667
236705
236718
236731
236733
236743
236797
236876
236902
236917
236919
236978
236999
237010
237013
237014
237095
237096
237120
237182
237188
237199
237246
237281
237297
237298
237300
237312
237321
237386
237404
237424
237449
237461
237465
237515
237572
237576
237624
237635
237640
237641
237719
237731
237734
237736
237750
237752
237759
237771
237797
237829
237838
237915
238006
238021
238030
238034
238036
238038
238081
238084
238090
238100
238106
238110
238163
238303
238311
238375
238396
238397
238402
238436
238543
238615
238621
238627
238628
238638
238640
238642
238650
238651
238656
238659
238664
238674
238681
238692
238730
238742
238743
238831
238848
238887
238897
238925
238961
238991
239076
239084
239177
239234
239287
239370
239371
239379
239400
239406
239473
239502
239527
239543
239558
239560
239569
239583
239598
239611
239612
239619
239628
239632
239634
239638
239669
239683
239752
239786
239796
239850
239863
239882
239934
239937
239952
239991
240026
240032
240044
240075
240118
240145
240151
240168
240243
240303
240306
240317
240406
240507
240525
240526
240530
240590
240624
240679
240699
240700
240709
240714
240718
240724
240730
240756
240783
240856
240913
240917
240942
240952
240993
241096
241126
241160
241179
241202
241215
241252
241320
241338
241352
241366
241384
241416
241500
241506
241508
241509
241511
241529
241530
241597
241604
241606
241615
241628
241643
241648
241652
241655
241661
241668
241672
241709
241736
241754
241781
241800
241806
241825
241828
241831
241863
241873
241884
241936
241941
242010
242102
242114
242144
242267
242274
242340
242348
242355
242362
242375
242436
242446
242474
242479
242498
242506
242545
242560
242598
242603
242647
242648
242651
242652
242697
242761
242824
242873
242877
242940
242947
242949
242956
242964
242982
242986
243020
243042
243060
243097
243119
243138
243140
243144
243153
243252
243274
243296
243365
243368
243400
243401
243500
243557
243589
243617
243622
243658
243709
243710
243737
243753
243767
243769
243781
243801
243814
243846
243851
243852
243859
243862
243864
243884
243907
243935
243970
244008
244112
244120
244144
244215
244228
244278
244318
244342
244393
244428
244437
244452
244484
244503
244540
244576
244577
244635
244676
244699
244724
244732
244736
244741
244771
244787
244838
244876
244901
244906
244907
244917
244927
244940
244941
244963
244983
244986
244999
245005
245007
245011
245012
245049
245057
245083
245097
245123
245155
245188
245206
245209
245219
245232
245234
245257
245281
245289
245354
245387
245479
245505
245518
245521
245536
245538
245549
245566
245605
245621
245645
245659
245663
245664
245672
245694
245702
245738
245777
245788
245863
245878
245896
245934
245941
245945
245960
246015
246021
246023
246071
246117
246183
246188
246199
246207
246261
246275
246282
246302
246313
246434
246449
246455
246458
246459
246555
246597
246636
246638
246640
246680
246688
246694
246721
246730
246736
246758
246766
246773
246847
246856
246891
246892
246907
246921
246942
246949
246950
247028
247047
247121
247122
247146
247167
247172
247203
247209
247240
247241
247246
247290
247305
247423
247441
247450
247467
247498
247518
247574
247601
247640
247668
247714
247742
247757
247783
247785
247863
247868
247946
247953
248028
248034
248035
248043
248053
248241
248282
248303
248328
248336
248356
248383
248405
248424
248427
248439
248443
248462
248517
248601
248632
248676
248691
248697
248713
248729
248746
248755
248762
248787
248800
248875
248946
248967
248995
248999
249034
249072
249077
249135
249152
249159
249174
249198
249204
249212
249214
249225
249260
249266
249267
249305
249348
249357
249434
249461
249481
249491
249492
249499
249528
249546
249563
249570
249575
249607
249610
249663
249688
249756
249803
249829
249882
249883
249892
249893
249896
249901
249935
249945
249959
249969
249993
249997
250015
250036
250039
250042
250045
250050
250093
250154
250160
250189
250191
250196
250206
250254
250350
250361
250364
250365
250401
250416
250417
250426
250430
250439
250440
250443
250471
250481
250486
250499
250516
250603
250608
250614
250621
250638
250677
250747
250797
250813
250848
250851
250865
250882
250885
250905
250916
250940
251011
251024
251077
251091
251138
251198
251218
251225
251237
251248
251271
251272
251280
251307
251318
251326
251348
251402
251419
251421
251428
251462
251468
251527
251530
251542
251544
251549
251553
251559
251576
251586
251600
251605
251621
251667
251687
251691
251712
251740
251757
251758
251785
251790
251798
251800
251811
251842
251845
251847
251856
251914
251916
251917
251921
251927
251931
251940
251946
251966
251983
252005
252048
252058
252107
252116
252118
252166
252178
252219
252233
252281
252298
252315
252318
252322
252334
252340
252353
252371
252377
252382
252383
252406
252430
252500
252586
252597
252614
252627
252658
252660
252666
252689
252744
252769
252777
252778
252780
252781
252793
252796
252817
252826
252837
252841
252892
252893
252940
252976
252981
252983
252994
252996
253025
253031
253040
253049
253076
253080
253083
253095
253100
253116
253180
253220
253222
253266
253278
253284
253314
253320
253342
253347
253348
253364
253371
253376
253427
253434
253448
253457
253552
253565
253566
253584
253609
253632
253640
253642
253647
253698
253705
253710
253755
253785
253787
253799
253811
253849
253866
253885
253891
253898
253992
253995
254023
254071
254073
254137
254147
254149
254187
254188
254277
254296
254302
254343
254344
254345
254350
254444
254446
254457
254505
254507
254523
254526
254546
254562
254566
254616
254617
254717
254753
254758
254768
254770
254771
254773
254779
254786
254798
254799
254805
254809
254823
254827
254843
254871
254897
254907
254918
254922
254951
254959
254964
254977
255016
255213
255226
255279
255291
255295
255302
255351
255359
255370
255371
255380
255381
255389
255392
255395
255399
255402
255406
255414
255460
255471
255478
255479
255505
255513
255548
255550
255572
255573
255607
255635
255643
255673
255711
255715
255753
255789
255805
255809
255849
255858
255859
255866
255876
255908
255910
255913
255959
255964
255973
255979
256003
256004
256046
256170
256181
256207
256242
256244
256252
256267
256271
256272
256325
256329
256373
256380
256436
256438
256462
256494
256584
256589
256605
256622
256638
256677
256681
256685
256710
256713
256723
256750
256766
256789
256794
256833
256842
256844
256851
256855
256861
256866
256867
256868
256873
256878
256913
256919
256955
256958
256974
256985
257010
257017
257019
257033
257045
257052
257090
257103
257133
257136
257150
257163
257176
257183
257195
257211
257221
257236
257254
257257
257295
257310
257317
257325
257336
257339
257342
257380
257382
257392
257424
257426
257428
257469
257495
257528
257622
257634
257638
257639
257658
257662
257664
257666
257688
257698
257699
257705
257712
257714
257717
257727
257754
257764
257769
257772
257780
257814
257830
257845
257849
257870
257875
257878
257914
257932
257938
257990
258006
258008
258030
258056
258071
258081
258086
258142
258148
258172
258206
258227
258248
258278
258287
258289
258306
258345
258395
258464
258546
258582
258673
258674
258689
258712
258747
258755
258768
258803
258811
258820
258895
258913
258914
258915
258923
258937
258990
259012
259058
259076
259078
259089
259091
259129
259131
259258
259268
259271
259275
259292
259295
259304
259314
259336
259356
259367
259450
259452
259518
259533
259590
259623
259674
259698
259700
259727
259735
259736
259761
259777
259809
259861
259877
259878
259882
259906
259927
259935
260003
260030
260046
260086
260105
260122
260151
260152
260155
260156
260198
260211
260216
260236
260268
260328
260335
260349
260357
260361
260378
260415
260440
260467
260492
260516
260548
260560
260562
260578
260579
260647
260654
260656
260657
260660
260668
260703
260752
260813
260823
260824
260834
260862
260874
260887
260902
260904
260924
260973
261028
261066
261074
261081
261119
261126
261150
261154
261198
261262
261309
261310
261313
261316
261319
261332
261382
261463
261486
261487
261510
261516
261538
261585
261625
261673
261690
261719
261745
261746
261762
261801
261847
261851
261861
261867
261892
261893
261982
262143
262149
262161
262180
262195
262214
262217
262263
262301
262302
262376
262382
262388
262411
262463
262476
262484
262526
262542
262607
262622
262630
262636
262647
262705
262716
262720
262760
262774
262783
262786
262789
262791
262793
262806
262826
262834
262836
262852
262864
262914
262915
263007
263042
263047
263070
263085
263088
263089
263119
263122
263204
263209
263221
263228
263253
263266
263276
263286
263294
263337
263386
263402
263404
263420
263431
263533
263547
263563
263572
263586
263589
263590
263592
263634
263636
263698
263720
263723
263724
263774
263780
263790
263830
263860
263894
263903
263954
263981
263983
264002
264017
264047
264081
264115
264121
264123
264126
264132
264148
264154
264173
264196
264222
264233
264273
264283
264290
264367
264388
264402
264522
264540
264543
264551
264553
264554
264560
264570
264575
264577
264584
264591
264601
264611
264628
264646
264698
264722
264725
264726
264758
264761
264777
264794
264831
264842
264877
264879
264883
264902
264915
264917
264932
264954
264964
265212
265213
265220
265230
265238
265239
265253
265254
265274
265276
265281
265304
265316
265322
265338
265379
265380
265381
265482
265499
265523
265525
265567
265602
265619
265632
265635
265636
265645
265728
265729
265730
265746
265781
265904
265910
265915
265921
265958
265970
265975
265990
265992
266001
266012
266037
266040
266048
266051
266054
266060
266066
266082
266143
266167
266205
266254
266285
266287
266292
266296
266441
266448
266470
266487
266511
266565
266600
266601
266608
266615
266621
266665
266691
266699
266705
266711
266712
266738
266775
266787
266821
266837
266855
266866
266889
266906
267026
267043
267077
267081
267116
267149
267163
267186
267193
267211
267293
267302
267321
267341
267455
267459
267465
267466
267467
267497
267519
267591
267593
267599
267619
267631
267687
267698
267800
267806
267885
267981
268033
268079
268108
268143
268157
268160
268241
268272
268273
268314
268326
268339
268347
268359
268371
268380
268381
268383
268385
268393
268402
268405
268408
268409
268416
268417
268434
268463
268466
268472
268480
268489
268490
268492
268493
268511
268538
268583
268636
268648
268650
268673
268707
268753
268797
268800
268860
268890
268907
268916
268938
268952
268973
268976
268979
268995
268997
269046
269071
269100
269126
269134
269167
269207
269208
269213
269218
269224
269244
269252
269304
269310
269327
269425
269441
269444
269477
269513
269516
269531
269542
269635
269641
269669
269694
269704
269713
269730
269776
269785
269790
269794
269809
269810
269816
269817
269834
269835
269866
269880
269882
269916
269922
269956
270021
270039
270106
270110
270112
270124
270127
270131
270140
270149
270159
270170
270176
270217
270219
270223
270257
270278
270286
270316
270344
270362
270378
270412
270420
270435
270441
270483
270485
270492
270558
270567
270620
270644
270661
270680
270702
270751
270762
270766
270859
270888
270950
270957
270978
270999
271001
271020
271055
271056
271103
271114
271174
271175
271177
271179
271194
271216
271218
271219
271226
271280
271314
271327
271356
271357
271381
271395
271396
271411
271428
271454
271469
271477
271506
271511
271528
271532
271600
271615
271641
271645
271768
271776
271778
271780
271800
271832
271929
271975
272013
272047
272048
272062
272066
272069
272181
272230
272275
272277
272283
272286
272288
272302
272354
272398
272420
272426
272437
272450
272479
272491
272573
272587
272610
272771
272774
272777
272784
272789
272809
272832
272842
272862
272869
272915
272946
272951
272958
272985
273000
273029
273063
273078
273106
273172
273203
273207
273215
273220
273232
273274
273360
273381
273401
273464
273467
273468
273482
273498
273519
273525
273528
273530
273531
273537
273538
273539
273541
273544
273563
273592
273610
273683
273685
273689
273691
273714
273741
273751
273755
273775
273790
273793
273800
273862
273864
273866
273873
273914
273950
273992
274004
274053
274111
274155
274159
274161
274171
274208
274209
274211
274215
274222
274244
274253
274285
274290
274303
274306
274307
274344
274361
274462
274464
274469
274501
274504
274559
274589
274601
274609
274612
274613
274714
274716
274760
274793
274807
274863
274887
274890
274922
274937
274964
274974
274979
274980
275013
275064
275101
275103
275108
275160
275178
275193
275221
275223
275264
275300
275339
275403
275442
275452
275458
275462
275492
275512
275514
275538
275622
275653
275667
275725
275734
275747
275749
275752
275760
275777
275779
275800
275814
275820
275826
275833
275844
275852
275878
275881
275910
275914
275941
275944
275980
275987
275992
276013
276014
276016
276025
276066
276088
276108
276112
276113
276127
276133
276142
276155
276156
276226
276243
276322
276323
276327
276328
276338
276441
276442
276443
276445
276473
276482
276488
276493
276494
276495
276515
276547
276556
276583
276586
276588
276598
276613
276637
276686
276762
276772
276779
276786
276787
276799
276801
276815
276865
276879
276886
276900
276903
276927
276928
277003
277032
277033
277066
277079
277115
277129
277141
277149
277173
277268
277305
277307
277309
277334
277371
277404
277405
277427
277428
277476
277509
277510
277515
277552
277577
277581
277590
277592
277625
277640
277642
277656
277692
277696
277717
277730
277756
277765
277771
277772
277773
277779
277783
277813
277821
277848
277904
277912
277976
278003
278017
278018
278021
278022
278024
278032
278054
278064
278067
278081
278104
278137
278145
278161
278163
278179
278195
278235
278236
278242
278246
278247
278256
278258
278263
278270
278277
278279
278315
278316
278381
278435
278442
278456
278458
278465
278466
278474
278475
278496
278515
278549
278579
278580
278581
278584
278587
278643
278648
