278
437
505
682
768
868
872
894
984
1175
1193
1197
1388
1417
1541
1932
2202
2254
2579
2581
2594
2603
2666
2737
2826
2842
2976
3142
3190
3198
3305
3478
3693
3710
3805
3814
3816
3953
4021
4054
4146
4151
4178
4288
4316
4421
4542
4581
4652
4709
4726
4959
5026
5032
5041
5139
5149
5238
5240
5282
5307
5619
5649
5790
5858
6085
6133
6294
6318
6436
6530
6540
6546
6656
6766
6799
6801
6824
6828
6855
6907
6969
7055
7226
7320
7352
7364
7373
7514
7554
7638
7643
7644
7702
7726
7836
7853
7857
8116
8132
8345
8509
8684
8731
8775
8781
8795
8928
8931
8953
9013
9029
9030
9040
9055
9131
9208
9253
9293
9348
9368
9536
9537
9545
9560
9561
9633
9736
9757
9867
10093
10148
10347
10373
10474
10512
10609
11027
11113
11126
11488
11674
11827
12337
12376
12384
12431
12437
12438
12552
12607
12662
12688
12854
13184
13201
13266
13364
13379
13726
13736
13776
13847
13849
13864
13912
13950
14006
14114
14165
14214
14255
14300
14383
14471
14488
14629
14655
14674
14714
14731
14811
14820
14828
15049
15071
15162
15171
15246
15357
15594
15654
16097
16175
16208
16258
16466
16544
16656
16670
16839
16964
16971
16991
17182
17188
17246
17329
17368
17450
17576
17591
17612
17650
17742
17787
17817
17885
17951
18025
18031
18032
18038
18058
18100
18101
18105
18217
18445
18453
18493
18506
18512
18519
18546
18594
18595
18640
18718
18757
18875
18884
18885
19044
19130
19145
19269
19662
19676
19677
19679
19799
19808
19961
20057
20129
20198
20254
20281
20314
20620
20716
20782
20828
20893
20975
21124
21339
21416
21424
21661
21704
21878
22206
22223
22224
22321
22405
22434
22668
22685
22686
22927
23015
23178
23359
23395
23422
23450
23468
23578
23687
23715
23764
23786
23793
23924
24041
24450
24504
24604
24640
24791
24899
25075
25110
25537
25707
25774
26175
26198
26216
26302
26376
26431
26474
26482
26738
26916
27105
27347
27582
27586
27677
27760
27772
27917
27965
27996
28023
28122
28312
28315
28322
28386
28509
28519
28618
28662
28783
28878
28895
28975
28996
29014
29059
29182
29204
29214
29249
29333
29368
29380
29485
29533
29576
29581
29681
29834
30000
30136
30144
30147
30209
30222
30339
30348
30401
30417
30419
30484
30572
30603
30626
30672
30676
30703
30741
30901
30909
30928
30945
31025
31027
31073
31223
31357
31383
31393
31431
31485
31596
31646
31739
32023
32099
32174
32314
32359
32440
32580
32639
32719
32792
32979
33031
33218
33292
33357
33379
33571
33712
33752
33819
33826
33839
33865
33999
34165
34368
34422
34515
34573
34682
34744
34886
35028
35044
35085
35120
35259
35278
35279
35440
35464
35513
35674
36201
36224
36340
36398
36423
36474
36489
36675
36785
36827
36828
36854
36924
37064
37078
37109
37120
37130
37166
37429
37465
37527
37539
37681
37714
37846
37848
37851
38031
38043
38412
38427
38537
38559
38575
38593
38605
38719
38944
39098
39126
39178
39260
39360
39392
39497
39581
39777
40057
40178
40191
40213
40299
40391
40442
40480
40641
40691
40747
40752
40770
40786
40837
41123
41203
41226
41288
41329
41396
41452
41506
41530
41585
41600
41650
41682
41981
42140
42515
42606
42635
42673
42738
42777
42836
42939
43030
43050
43178
43194
43293
43381
43574
43637
43679
43778
43784
43893
43905
44325
44342
44479
44516
44738
44855
44938
45084
45247
45334
45342
45390
45441
45567
45571
45770
45818
45847
45856
45900
45997
46001
46034
46087
46153
46201
46283
46285
46431
46532
46552
46674
46763
46872
46975
47060
47178
47252
47331
47351
47458
47512
47554
47581
47615
47688
47995
48000
48007
48042
48085
48113
48193
48344
48352
48361
48536
48581
48644
48839
48895
49035
49047
49078
49085
49088
49109
49252
49345
49389
49429
49474
49507
49555
49597
49611
49614
49676
49715
49740
49763
49839
49867
49899
49913
49921
49972
49994
50031
50060
50078
50129
50374
50402
50424
50449
50518
50701
50789
50952
51021
51067
51132
51259
51326
51412
51423
51460
51568
51696
51778
52088
52183
52245
52329
52370
52491
52504
52534
52554
52599
52617
52732
52927
53388
53721
53794
53835
53907
54022
54169
54269
54477
54479
54482
54660
54761
54873
54935
55027
55066
55067
55106
55212
55423
55675
55710
55723
55758
55814
55821
55952
55958
55978
56043
56081
56323
56335
56345
56365
56465
56532
56545
56603
56646
56682
56687
56923
56977
57018
57045
57067
57160
57324
57397
57574
57637
57750
57755
57915
57963
57979
58174
58369
58373
58515
58586
58685
58690
58788
58864
58968
59006
59034
59160
59195
59202
59223
59232
59255
59304
59404
59538
59706
59838
59870
59949
59990
60143
60350
60359
60604
60634
60684
60764
60808
60845
60902
61083
61085
61136
61330
61340
61345
61433
61464
61672
61761
61855
61887
61959
61977
62071
62166
62276
62474
62536
62609
62630
62711
62777
62839
63044
63137
63146
63196
63223
63366
63576
63637
63701
63744
63765
63895
63914
63957
63958
63992
64022
64245
64277
64416
64687
64695
64715
64767
64786
64796
64844
64934
64945
64970
64997
65126
65169
65177
65350
65375
65487
65620
65629
65667
65739
65786
65800
65811
65843
65890
65939
66079
66161
66163
66351
66381
66535
66537
66584
66639
66670
66815
66918
66980
66985
66995
67007
67008
67121
67142
67204
67207
67374
67389
67439
67517
67547
67584
67602
67721
67844
67943
68059
68075
68107
68109
68111
68120
68262
68283
68472
68675
68819
68919
68931
68941
69022
69216
69468
69528
69538
69589
70141
70177
70209
70215
70216
70294
70357
70370
70433
70474
70645
70834
70955
71013
71146
71217
71398
71426
71500
71510
71713
71783
71792
71823
72013
72039
72056
72274
72439
72456
72460
72485
72626
72779
73085
73317
73593
73594
73600
73605
73607
73623
73650
73744
73827
73947
74047
74096
74112
74113
74143
74145
74149
74201
74357
74420
74509
74514
74659
74661
74688
74706
74774
74834
74847
75110
75138
75158
75264
75494
75509
75537
75600
75682
75717
75744
75755
75828
75953
76143
76206
76229
76321
76475
76485
76554
76769
76830
76836
76989
77019
77023
77038
77056
77058
77123
77180
77363
77407
77466
77490
77610
77635
77648
77669
77671
77702
77738
77740
77762
77766
77836
77881
78031
78067
78102
78141
78341
78356
78360
78437
78559
78582
78638
78723
78737
78756
78763
78834
78912
78937
79076
79123
79164
79173
79198
79450
79487
79630
79696
79730
79742
79750
79945
79985
80112
80167
80180
80211
80273
80284
80577
80594
80615
80645
80731
80770
80781
80801
80858
80878
80928
81097
81159
81221
81274
81428
81616
81712
81822
82022
82061
82249
82385
82429
82478
82479
82549
82696
82738
82753
82770
82953
83073
83116
83339
83399
83435
83572
83583
83677
83748
83834
84174
84207
84325
84360
84531
84536
84942
85060
85237
85262
85476
85543
85639
85642
85659
85677
85790
85847
85933
86046
86072
86078
86201
86279
86369
86460
86667
86681
86689
86735
86748
86757
86772
86960
86999
87041
87136
87175
87186
87242
87479
87558
87748
87886
87934
88078
88147
88177
88193
88194
88233
88394
88472
88504
88583
88635
88692
88703
88728
88810
88866
88907
89005
89113
89169
89187
89213
89535
89546
89567
89681
89685
89687
89922
89972
89992
90012
90018
90157
90297
90444
90456
90514
90546
90560
90643
90731
90758
90956
91082
91107
91452
91467
91608
91615
91732
91751
91845
91876
91992
92261
92355
92379
92394
92553
92559
92596
92847
92852
92855
92897
92922
93089
93143
93257
93319
93335
93366
93396
93589
93604
93666
93826
93879
93917
94092
94245
94309
94417
94427
94503
94542
94693
94700
94896
94931
95081
95185
95277
95346
95366
95487
95498
95509
95560
95598
95611
95635
95706
95779
95824
95887
95971
96007
96040
96099
96100
96262
96334
96380
96408
96459
96460
96463
96489
96555
96589
96648
96715
96728
96786
96864
96897
96913
97000
97039
97108
97180
97220
97351
97664
97668
97698
97760
97858
97887
97900
98160
98240
98349
98490
98603
98655
98660
98678
98729
98761
98783
98915
98983
99273
99512
99589
99592
99783
99817
99852
99860
99865
99934
99947
100108
100290
100471
100639
100792
100840
100866
100924
101028
101070
101167
101280
101413
101534
101619
101728
102005
102087
102228
102266
102368
102390
102395
102419
102458
102477
102515
102564
102640
102675
102683
102698
102727
102767
102816
102898
102918
103070
103097
103120
103531
103620
103663
103883
103939
104009
104045
104054
104112
104243
104248
104262
104275
104338
104351
104360
104442
104458
104658
104725
104771
104951
104970
105030
105033
105060
105067
105104
105118
105191
105453
105505
105517
105575
105973
106116
106256
106285
106381
106608
106610
106624
106644
106811
106819
106838
106991
107010
107076
107170
107287
107334
107441
107509
107618
107724
107742
107764
107771
107772
107857
107918
108073
108129
108199
108205
108308
108353
108486
108746
108757
108884
109107
109162
109288
109334
109338
109366
109412
109443
109501
109509
109526
109528
109584
109660
109682
109756
109796
109799
109886
110028
110076
110174
110283
110289
110491
110499
110532
110609
110671
110679
110726
110864
110890
111160
111169
111266
111322
111323
111372
111374
111424
111492
111496
111525
111572
111686
111712
111942
112010
112056
112187
112259
112289
112296
112301
112307
112412
112556
112623
112628
112643
112644
112675
112723
112726
112750
112803
112828
112840
112870
112918
112926
112933
112993
113073
113119
113120
113301
113412
113518
113582
113587
113668
113723
113725
113745
113789
113810
113879
113917
113939
114001
114049
114186
114219
114245
114328
114365
114399
114491
114659
114681
115204
115213
115214
115222
115231
115233
115311
115331
115486
115711
115726
115973
116164
116223
116259
116290
116306
116381
116423
116456
116466
116496
116542
116806
116827
116828
116896
117088
117089
117131
117181
117674
117733
117764
117792
117877
117929
117978
118039
118102
118115
118117
118374
118520
118532
118671
118679
118744
118791
118796
118838
118876
119000
119059
119120
119167
119186
119209
119459
119516
119664
119746
119796
119834
119911
119977
120411
120452
120926
120938
120963
121074
121138
121238
121274
121276
121376
122050
122145
122175
122313
122383
122413
122418
122509
122690
122839
122853
123030
123066
123067
123070
123151
123266
123277
123312
123325
123343
123373
123398
123617
123639
123737
123755
123981
124025
124239
124255
124288
124333
124372
124419
124430
124442
124446
124541
124573
124631
124754
124800
124868
124877
125040
125078
125164
125227
125251
125300
125425
125457
125575
125634
125969
126042
126086
126110
126232
126269
126334
126341
126432
126677
126680
126689
126732
126738
126803
126949
126986
127033
127069
127110
127143
127249
127303
127325
127521
127654
127853
128024
128026
128052
128056
128098
128106
128142
128198
128274
128386
128394
128606
128704
128804
128831
128991
129003
129161
129225
129251
129344
129362
129371
129396
129524
129656
129677
129747
129764
129793
129817
129833
129931
129969
130069
130070
130088
130096
130167
130293
130391
130459
130565
130671
130781
130840
130917
131006
131135
131197
131472
131532
131568
131590
131639
131649
132116
132155
132268
132689
132824
132839
133081
133150
133177
133183
133289
133349
133431
133486
133571
133572
133746
133890
134034
134039
134064
134070
134141
134225
134236
134358
134570
134702
134829
134886
134990
135071
135082
135146
135224
135305
135307
135316
135423
135426
135451
135468
135471
135562
135653
135665
135679
135689
135731
135785
135830
135850
135948
135989
136014
136036
136047
136059
136089
136170
136177
136326
136330
136394
136400
136426
136467
136497
136541
136559
136588
136624
136686
136693
136755
136780
136832
136883
136983
137063
137139
137141
137149
137160
137167
137259
137260
137296
137402
137421
137438
137602
137605
137616
137628
137787
137815
137876
137892
137909
138120
138244
138274
138276
138310
138366
138424
138538
138578
138771
138865
138924
138970
138997
139034
139121
139191
139243
139259
139353
139398
139421
139463
139485
139505
139703
139786
139790
139868
140082
140180
140393
140397
140606
140685
140771
140983
141192
141321
141401
141440
141452
141630
141687
141697
141707
141841
141868
141898
141966
141981
142098
142158
142348
142485
142543
142576
142604
142616
142651
142655
142698
142781
142897
143090
143096
143383
143385
143399
143439
143517
143600
143606
143658
143666
143720
143792
143889
143950
144051
144056
144071
144092
144207
144353
144524
144654
144664
144707
144834
144856
144938
144963
145001
145121
145193
145203
145251
145284
145408
145416
145461
145544
145603
145630
145656
145814
145910
145944
146022
146048
146129
146317
146333
146349
146378
146623
146682
146695
146738
146775
146867
146886
147149
147254
147300
147486
147535
147539
147572
147595
147637
147660
147765
147827
147907
147913
148048
148057
148145
148282
148372
148402
148454
148584
148676
148721
148745
148794
148931
149108
149118
149315
149336
149353
149364
149373
149397
149423
149489
149490
149634
149945
150017
150025
150039
150078
150088
150333
150341
150397
150524
150551
150552
150619
150731
150736
150785
150919
151190
151206
151296
151356
151409
151410
151421
151423
151516
151717
151730
151764
151834
151976
152004
152288
152524
152548
152563
152674
152696
152824
152896
152926
152942
152966
153022
153091
153099
153167
153242
153355
153383
153484
153548
153571
153601
153740
153806
153883
153893
153962
153977
153978
154067
154075
154166
154188
154236
154238
154266
154291
154365
154400
154402
154425
154481
154492
154529
154572
154614
154638
154665
154685
155061
155088
155109
155184
155257
155286
155779
155803
155872
156340
156710
156747
157157
157268
157422
157482
157507
157508
157553
157566
157648
157699
157845
157900
157907
157939
157990
158118
158122
158174
158176
158218
158226
158248
158511
158592
158708
158733
158807
159007
159011
159058
159073
159141
159280
159304
159400
159480
159515
159736
159762
159972
160032
160063
160297
160701
160711
160720
160858
161029
161129
161148
161514
161740
161896
161927
161946
161986
162047
162125
162289
162357
162591
162679
162709
162887
162932
163046
163198
163220
163368
163447
163575
163732
163789
163934
164253
164302
164304
164490
164629
164635
164681
164708
164713
164740
164746
164878
164905
164979
165011
165056
165209
165346
165455
165468
165496
165504
165542
165556
165575
165635
165736
165751
165754
165847
165857
166220
166222
166256
166315
166479
166493
166553
166660
166672
166787
166893
166948
166953
166979
167028
167045
167070
167104
167122
167147
167209
167253
167262
167263
167354
167360
167364
167544
167603
167631
167658
167791
167921
167964
168101
168196
168222
168390
168423
168494
168602
168696
168986
169001
169054
169173
169208
169218
169274
169369
169421
169423
169441
169645
169651
169683
169803
169889
169905
170004
170029
170186
170193
170247
170872
170890
170907
170970
171103
171142
171168
171225
171278
171359
171383
171461
171660
171719
171765
171826
172045
172073
172198
172324
172326
172577
172651
172888
172896
172986
173059
173099
173110
173364
173370
173381
173396
173447
173507
173512
173561
173796
173912
173964
173993
174034
174078
174173
174426
174542
174634
174648
174692
174772
174776
174813
174817
174824
174897
174900
174931
175099
175228
175355
175433
175477
175585
175602
175609
175634
175700
175760
175887
175909
175947
175989
176061
176066
176081
176151
176169
176206
176237
176541
176770
176785
176941
177175
177237
177272
177307
177478
177691
177712
177721
177909
178000
178085
178172
178281
178326
178348
178395
178429
178441
178482
178489
178569
178590
178604
178654
178681
178703
178709
178733
178747
178781
178828
178830
178991
179120
179131
179178
179310
179357
179417
179503
179530
179695
179740
179868
179875
179876
179936
179945
179955
180023
180096
180154
180185
180207
180247
180275
180430
180491
180547
180591
180595
180643
180661
180713
180739
180783
180844
180847
180977
181114
181165
181167
181200
181319
181344
181401
181489
181585
181603
181621
181678
181680
181682
181685
181696
181704
181736
181863
181887
181899
181917
181939
181951
181987
182007
182154
182179
182186
182551
182619
182726
182762
182840
182905
183000
183027
183075
183201
183241
183245
183266
183333
183355
183483
183496
183539
183620
183708
183714
183724
183820
183866
183899
184037
184049
184072
184268
184278
184321
184445
184489
184694
184769
184787
184890
184944
184950
185046
185108
185225
185265
185291
185325
185507
185580
185626
185653
185754
185788
185814
185830
185891
185965
185977
185995
186027
186152
186465
186594
186672
186797
186816
186873
186890
187014
187164
187166
187203
187277
187443
187502
187718
187799
187912
187948
188088
188091
188337
188408
188494
188777
188850
188872
188947
188985
189015
189029
189083
189202
189315
189448
189482
189570
189574
189578
189618
189646
189657
189690
189707
189767
189768
189774
189778
189859
189939
189973
190016
190196
190264
190331
190347
190407
190522
190562
190569
190730
190849
190863
190903
190992
190994
191031
191085
191197
191213
191214
191279
191322
191344
191356
191508
191532
191536
191732
191743
191828
191860
191867
192020
192165
192420
192542
192617
192635
192651
192696
192697
192827
192840
192901
192912
193057
193074
193169
193264
193300
193301
193448
193492
193640
193716
193719
193751
193753
193759
193770
193795
193803
193894
194086
194204
194247
194328
194425
194453
194468
194498
194636
194682
194792
194900
194903
194906
194923
195051
195110
195129
195218
195296
195552
195883
195905
196073
196213
196337
196377
196442
196488
196681
196725
196728
196850
196877
196939
196957
196978
197035
197057
197070
197084
197211
197224
197297
197450
197491
197594
197618
197630
197636
197637
197696
197703
197770
197771
197823
198055
198351
198407
198422
198436
198448
198450
198468
198482
198672
198673
198676
198682
198821
198880
198887
198904
199129
199210
199223
199328
199365
199407
199411
199415
199529
199550
199577
199580
199675
199686
199708
199894
199923
200005
200048
200063
200078
200195
200215
200416
200675
200723
200757
200947
200970
201045
201085
201129
201149
201150
201152
201252
201282
201546
201559
201608
201644
201756
201896
201900
201940
201996
202082
202214
202222
202350
202377
202398
202430
202560
202660
202673
202809
202869
203010
203018
203053
203251
203310
203337
203341
203365
203413
203416
203616
203636
203662
203725
203738
203766
203779
203921
203942
203966
204071
204166
204186
204356
204366
204471
204558
204759
204918
204934
204936
204979
205082
205211
205393
205418
205473
205835
205864
205879
206112
206113
206169
206172
206453
206498
206502
206600
206880
207231
207286
207305
207576
207623
207753
207825
207840
208000
208017
208043
208051
208060
208079
208159
208170
208192
208206
208301
208309
208341
208363
208378
208424
208448
208546
208758
208808
208931
208961
209025
209075
209291
209329
209379
209412
209534
209538
209552
209727
209738
209791
209871
209885
209897
209914
209930
209982
210175
210199
210229
210244
210313
210316
210510
210654
210659
210682
210742
210808
210819
210853
210865
211161
211164
211241
211297
211413
211541
211576
211587
211662
211664
211835
211945
211949
211963
211986
212237
212249
212313
212366
212430
212436
212664
212913
213032
213131
213147
213150
213166
213228
213267
213421
213442
213550
213603
213643
213666
213847
214033
214094
214126
214137
214170
214228
214269
214300
214302
214342
214452
214500
214572
214722
214844
214918
214950
214995
215015
215052
215053
215071
215084
215195
215356
215367
215443
215696
215698
215722
215727
215895
215935
216003
216198
216236
216241
216311
216410
216538
216596
216628
216636
216729
216763
216804
216868
217128
217134
217188
217199
217345
217346
217540
217547
217566
217644
217681
217757
217907
218096
218115
218145
218190
218310
218327
218600
218634
218683
218804
218815
218841
218909
219060
219144
219178
219206
219209
219326
219428
219451
219643
219693
219715
219765
219965
220106
220251
220293
220320
220338
220409
220487
220609
220623
220677
220775
220778
220786
220861
220873
220892
220904
220946
221012
221058
221065
221075
221098
221459
221654
221670
221804
221828
221830
221846
221878
221883
222000
222008
222031
222135
222218
222221
222267
222445
222740
222761
222802
222866
223011
223014
223029
223065
223081
223536
223544
223664
223729
223732
223761
223775
224082
224114
224203
224216
224291
224297
224412
224632
224751
224776
224820
224824
224842
224878
224934
224947
225011
225055
225080
225189
225249
225252
225266
225272
225314
225335
225386
225471
225530
225549
225593
225689
225810
225867
225883
226108
226225
226340
226379
226380
226395
226400
226437
226544
226672
226682
226806
226864
226919
226983
227023
227129
227137
227270
227296
227409
227440
227474
227625
227738
227843
227953
227956
227973
228044
228075
228198
228205
228215
228237
228251
228280
228366
228433
228570
228627
228663
228810
228852
228951
228987
229107
229158
229193
229217
229266
229268
229309
229420
229462
229487
229510
229609
229678
229703
229737
229993
230002
230088
230149
230240
230319
230417
230598
230738
230785
230823
230831
230858
230874
230899
230903
230929
231104
231139
231275
231409
231500
231596
231644
231672
231680
231686
231981
232234
232247
232280
232326
232393
232508
232590
232592
232599
232657
232661
232919
232932
233007
233278
233326
233402
233441
233462
233687
233761
233900
234042
234104
234140
234166
234182
234208
234318
234328
234333
234334
234361
234373
234433
234497
234499
234535
234537
234538
234625
234774
234795
234812
235060
235162
235173
235349
235375
235377
235417
235425
235518
235564
235595
235651
235746
235794
235850
235865
235904
235938
236050
236159
236204
236209
236303
236385
236399
236428
236433
236469
236498
236541
236685
236720
236728
236739
236786
236808
236855
236862
236964
237033
237056
237135
237192
237247
237259
237491
237562
237575
237578
237713
237835
237851
237926
238024
238060
238065
238203
238231
238441
238451
238460
238528
238551
238552
238623
238633
238668
238682
238684
238751
238774
238810
238811
238957
239017
239077
239102
239193
239212
239364
239508
239540
239591
239595
239606
239624
239651
239667
239694
239784
239802
239803
239852
239871
239873
239978
240031
240036
240121
240166
240182
240309
240329
240341
240347
240460
240471
240580
240715
240726
240770
240878
240945
241056
241332
241460
241544
241574
241641
241649
241680
241762
241907
241914
242011
242115
242153
242261
242386
242416
242418
242426
242564
242794
242803
242849
242876
242904
242971
243002
243216
243265
243374
243384
243407
243423
243474
243843
244032
244053
244083
244100
244561
244580
244582
244627
244725
244764
244868
244931
245027
245091
245102
245119
245197
245214
245220
245255
245303
245400
245406
245428
245574
245600
245627
245676
245826
245852
245888
246013
246030
246056
246320
246333
246343
246414
246440
246456
246505
246508
246595
246613
246616
246668
246717
246734
246776
246899
246904
246954
246974
246996
247046
247063
247070
247107
247214
247243
247383
247414
247455
247517
247560
247597
247850
247934
247957
248076
248342
248364
248393
248408
248422
248442
248459
248485
248584
248831
248857
248871
248900
248964
248979
249014
249021
249059
249064
249126
249187
249424
249479
249484
249502
249533
249539
249581
249600
249781
249794
249868
249930
249931
249967
250162
250173
250245
250264
250404
250599
250692
250817
250871
251060
251073
251224
251306
251309
251450
251558
251601
251730
251807
251818
251829
251844
251873
251875
251911
251919
251933
252029
252067
252247
252252
252336
252380
252415
252426
252444
252539
252710
252727
252737
252788
252816
252857
252869
252887
252899
252962
253014
253033
253034
253057
253151
253156
253265
253289
253337
253550
253605
253629
253748
253778
253788
253789
253873
253943
254059
254092
254128
254266
254364
254393
254432
254478
254539
254545
254572
254699
254754
254804
254842
254846
254942
254947
255057
255082
255093
255178
255197
255390
255517
255840
255887
255919
255982
256230
256359
256499
256551
256582
256595
256637
256679
256743
256771
256879
256887
256889
256890
256947
257156
257179
257247
257384
257405
257407
257464
257467
257540
257637
257684
257697
257704
257728
257798
257832
257954
258115
258193
258198
258238
258341
258597
258623
258745
258857
258950
258996
259095
259096
259102
259105
259160
259270
259301
259352
259353
259571
259580
259587
259653
259697
259990
260039
260095
260104
260192
260265
260282
260341
260353
260374
260572
260575
260585
260632
260796
260857
260893
260953
260982
261012
261180
261201
261213
261305
261420
261501
261640
261652
261689
262213
262445
262558
262570
262591
262605
262640
262646
262719
262723
262966
263019
263062
263074
263100
263192
263351
263574
263628
263746
264062
264124
264188
264194
264217
264292
264332
264364
264464
264529
264673
264674
264702
264720
264802
264901
264969
264988
265092
265159
265181
265258
265329
265443
265558
265685
265710
265791
265847
265928
265987
266059
266115
266195
266200
266274
266328
266354
266420
266556
266575
266603
266638
266650
266655
266723
266778
266848
266954
267041
267044
267177
267275
267305
267354
267401
267434
267595
267656
267729
267895
267990
268098
268193
268219
268239
268263
268349
268413
268422
268448
268458
268498
268519
268586
268606
268779
268795
268804
268850
268899
268929
269116
269193
269212
269214
269309
269328
269332
269339
269371
269403
269411
269451
269578
269586
269651
269716
269721
269745
269749
269838
269865
269873
269890
269910
270028
270175
270284
270326
270335
270452
270455
270468
270478
270486
270493
270497
270528
270579
270650
270785
270786
270829
270910
270911
270980
271059
271113
271173
271195
271232
271287
271308
271309
271332
271343
271439
271569
271582
271638
271714
271730
271930
271976
271979
272005
272020
272049
272085
272087
272183
272290
272321
272380
272391
272563
272590
272645
272714
272831
272910
272922
273198
273249
273438
273483
273671
273778
273878
273902
273962
274034
274040
274081
274115
274119
274219
274225
274277
274517
274843
274882
274898
275041
275074
275081
275135
275158
275226
275265
275273
275284
275321
275370
275373
275419
275516
275569
275611
275625
275638
275676
275711
275765
275854
275867
275937
275947
275972
276007
276097
276157
276172
276261
276392
276484
276566
276585
276630
276756
276775
276813
276898
276908
276929
276937
277029
277034
277041
277045
277067
277146
277155
277358
277367
277423
277431
277468
277550
277580
277611
277654
277669
277697
277754
277805
277825
277913
277919
277969
277975
278006
278023
278040
278061
278098
278101
278132
278350
278355
278356
278473
278582
278583
278595
