116
235
278
621
818
827
872
894
922
984
1193
1197
1355
1853
1873
1932
1960
1979
2339
2520
2637
2716
2737
2825
2826
3021
3139
3145
3305
3391
3408
3541
3633
3805
3816
3912
3954
3985
4002
4177
4178
4421
4581
4914
5026
5139
5145
5264
5282
5445
5548
5627
5709
5799
6009
6069
6093
6251
6504
6525
6546
6782
6787
6961
7652
7726
7754
7787
8019
8176
8467
8509
8600
8698
8775
8781
8795
8812
8896
8933
8967
9131
9173
9287
9293
9372
9382
9428
9536
9540
9545
9561
9633
9678
9699
9773
9861
9874
10405
10422
10512
10609
10689
10716
10775
11114
11162
11352
11534
11582
11629
11677
11813
12236
12337
12376
12384
12548
12552
12607
12662
12669
12688
12781
13184
13212
13544
13776
13847
13849
14100
14114
14165
14300
14383
14475
14488
14510
14611
14629
14655
14731
14828
14925
14930
15071
15162
15246
15316
15357
15417
15506
15532
15537
15594
15794
16137
16141
16142
16164
16258
16372
16374
16381
16514
16543
16849
16869
16971
16991
17052
17182
17183
17585
17693
17817
17831
17885
17926
17977
18025
18058
18100
18126
18334
18362
18493
18666
18718
18735
18752
18829
19044
19059
19145
19230
19241
19396
19450
19631
19799
19890
19972
20049
20057
20079
20129
20254
20609
20782
20907
20975
21027
21283
21287
21299
21424
21440
21763
22223
22224
22321
22360
22434
22621
22678
22681
22685
22763
22791
22806
22927
22995
23013
23276
23354
23359
23677
23786
23960
23971
23994
24169
24301
24469
24502
24688
24791
24956
25266
25638
26196
26198
26263
26365
26474
26482
26754
26777
27176
27347
27586
27677
28023
28122
28312
28470
28485
28521
28532
28618
28783
28790
28791
28885
28895
28954
29059
29092
29214
29232
29306
29648
29653
30000
30077
30136
30144
30147
30157
30222
30247
30317
30323
30371
30419
30426
30526
30572
30590
30603
30626
30660
30664
30736
30741
30891
30935
31025
31073
31143
31223
31357
31378
31382
31393
31431
31551
31646
31725
32080
32167
32175
32438
32553
32977
33005
33022
33218
33286
33301
33306
33310
33357
33405
33509
33752
33766
33819
33999
34351
34468
34588
34886
34902
34912
35028
35044
35085
35259
35271
35440
35495
35513
35540
35655
35864
35870
35966
35980
36166
36352
36816
36827
36828
36845
36860
37078
37107
37169
37403
37465
37473
37539
37851
37860
38031
38043
38057
38115
38255
38354
38411
38652
38698
38944
39124
39392
39564
39581
39600
39703
39837
39919
39947
39953
40212
40246
40373
40391
40399
40480
40495
40665
40770
40872
41123
41226
41316
41362
41452
41547
41698
41812
41962
42095
42140
42210
42256
42340
42606
42649
42673
42677
42766
42788
42916
43184
43188
43194
43379
43574
43778
43801
43877
43893
44286
44325
44342
44347
44430
44487
44516
44519
44738
44868
44938
45100
45111
45240
45247
45334
45342
45383
45390
45399
45402
45522
45716
45847
46038
46169
46206
46209
46316
46357
46431
46561
46565
46682
46888
47162
47178
47194
47223
47224
47331
47471
47581
47630
47708
47723
47818
48041
48113
48127
48193
48305
48345
48741
48842
48953
49035
49054
49252
49269
49288
49314
49332
49389
49429
49497
49550
49614
49676
49740
49839
49894
49903
49932
49972
49997
50031
50072
50078
50162
50340
50374
50402
50419
50449
50518
50627
50792
50885
50917
50952
50983
51067
51211
51567
51568
51685
51778
51873
52122
52165
52245
52287
52370
52534
52732
52979
53198
53258
53388
53721
53907
53912
53934
54048
54198
54269
54411
54438
54517
54663
54786
54865
55037
55087
55138
55177
55219
55316
55589
55668
55680
55723
55758
55821
55844
55884
56183
56310
56323
56345
56365
56532
56686
56687
56750
56786
56923
56925
56980
57145
57160
57207
57397
57400
57508
57695
57750
57845
57979
58012
58040
58067
58096
58191
58219
58373
58515
58518
58633
58642
58690
58860
58943
58976
59016
59025
59423
59438
59450
59538
59589
59655
59706
59838
59870
59955
59990
60006
60143
60233
60270
60684
60760
60764
61105
61396
61434
61530
61559
61625
61665
61761
61784
61932
62041
62071
62137
62166
62181
62226
62276
62361
62474
62492
62536
62556
62729
62765
62789
62933
63196
63233
63240
63267
63452
63750
63765
63914
63935
64022
64087
64277
64325
64348
64616
64687
64695
64799
64809
64913
64945
64970
64979
65013
65126
65153
65350
65552
65620
65629
65786
65843
65848
65939
66163
66219
66351
66408
66536
66734
66895
66918
67001
67071
67142
67159
67212
67227
67230
67371
67418
67439
67547
67584
67602
67914
67938
67953
67983
68027
68059
68107
68120
68135
68283
68307
68348
68398
68568
68624
68658
68699
68712
68919
68940
68941
69023
69038
69064
69216
69259
69538
69600
69611
69640
69938
70061
70110
70296
70520
70649
70668
70758
70779
70834
70955
70975
71146
71183
71214
71253
71330
71338
71384
71388
71568
71769
71783
71998
72183
72431
72439
72460
72469
72583
72626
73025
73053
73143
73216
73221
73267
73397
73405
73423
73432
73592
73593
73594
73607
73672
73805
73833
73877
74036
74157
74206
74357
74433
74546
74567
74661
74688
74774
74885
74922
74971
74973
74982
75138
75203
75221
75509
75599
75682
75717
75852
76003
76009
76199
76214
76381
76444
76464
76475
76485
76516
76552
76631
76650
76661
76747
76779
76816
77019
77023
77056
77058
77113
77294
77575
77610
77648
77658
77671
77688
77738
77740
78102
78141
78147
78153
78341
78358
78394
78582
78723
78756
78892
79100
79145
79315
79523
79540
79609
79630
79662
79696
79985
80167
80325
80636
80645
80689
80757
80770
80801
81074
81085
81097
81197
81428
81558
81563
81568
81610
81616
81826
81909
81918
82246
82308
82365
82429
82479
82839
82867
82984
82990
83000
83002
83073
83142
83171
83319
83384
83435
83443
83583
83618
83663
83671
83677
84087
84142
84165
84213
84286
84301
84347
84360
84402
84425
84837
84942
85060
85224
85237
85659
85683
85687
85695
85727
85736
85763
85779
85902
86046
86061
86148
86164
86173
86279
86394
86735
86757
86880
86960
86997
87041
87175
87186
87213
87358
87748
88078
88194
88205
88352
88394
88448
88672
88703
88727
88767
88907
89071
89213
89238
89436
89512
89681
89922
90157
90317
90357
90382
90425
90649
90746
90852
90943
91092
91192
91331
91467
91597
91656
91692
91732
91828
91845
91862
91973
92187
92363
92394
92408
92686
92690
92729
92801
92922
93143
93237
93257
93319
93340
93366
93416
93604
93917
94026
94050
94203
94234
94269
94309
94416
94427
94454
94542
94693
94917
94931
95026
95028
95072
95084
95251
95422
95475
95488
95509
95514
95533
95598
95611
95617
95635
95637
95887
95971
95992
96007
96114
96147
96172
96188
96334
96341
96410
96459
96489
96864
96895
96897
96956
97020
97119
97196
97258
97335
97668
97690
97858
97900
97951
98160
98240
98352
98495
98860
98927
99009
99015
99089
99101
99111
99124
99325
99350
99592
99865
99934
100108
100120
100124
100213
100317
100358
100600
100664
100676
100709
100826
100840
100866
100918
101069
101261
101280
101581
101628
101644
101795
102087
102376
102395
102458
102477
102663
102729
102767
102816
102898
103001
103175
103321
103512
103522
103562
103587
103599
103792
103916
103929
103939
103973
104009
104054
104291
104338
104345
104348
104351
104374
104442
104527
104602
104716
104727
104759
104766
104951
104959
104992
105106
105118
105277
105385
105476
105549
105659
105982
105983
106030
106094
106099
106189
106464
106524
106573
106602
106624
106644
106650
106811
106990
107040
107076
107139
107240
107273
107533
107714
107772
108070
108129
108205
108221
108447
108486
108769
108819
108836
108857
108884
109050
109162
109195
109412
109584
109660
109682
109756
109865
109945
110028
110076
110289
110299
110562
110679
110726
111169
111255
111288
111309
111322
111323
111492
111496
111507
111525
111686
111787
111888
111963
112017
112061
112288
112296
112467
112528
112602
112623
112726
112828
112881
112952
113073
113120
113214
113412
113760
113810
113812
113822
113884
113907
113945
113973
114007
114049
114219
114294
114298
114342
114452
114744
115058
115104
115213
115233
115331
115486
115683
115883
116119
116121
116219
116381
116421
116496
116523
116554
116585
116604
116635
116639
116649
116684
116729
116803
116896
117088
117135
117141
117145
117408
117434
117441
117710
117725
117733
117754
117764
117968
117988
118091
118115
118117
118123
118431
118744
118747
118791
118927
118986
119000
119038
119118
119423
119459
119588
119671
119694
119746
119826
119834
119889
120228
120326
120385
120392
120466
120576
120598
120765
120870
120896
120938
120968
121034
121227
121238
121276
121591
121744
121864
121883
121953
121996
122050
122061
122139
122145
122179
122418
122509
122516
122581
122690
122839
123066
123067
123131
123166
123266
123373
123605
123617
123639
123755
123794
124021
124255
124333
124336
124378
124383
124388
124442
124576
124631
124754
124800
124953
125040
125078
125128
125227
125281
125300
125310
125429
125432
125487
125575
125580
125634
125640
125664
125746
125969
126037
126042
126133
126443
126708
126828
126847
126912
127144
127191
127226
127249
127303
127450
127454
127623
127654
128026
128074
128098
128200
128228
128274
128337
128352
128380
128403
128462
128464
128485
128704
128801
128804
128831
128958
128992
129127
129223
129277
129311
129324
129344
129371
129396
129427
129952
129966
130088
130096
130167
130220
130228
130272
130320
130396
130459
130490
130511
130565
130781
130840
130917
131051
131159
131187
131216
131398
131727
131949
132037
132098
132136
132207
132316
132426
132549
132571
132574
132810
133033
133289
133354
133404
133746
133787
134236
134496
134506
134579
134601
134844
134990
135025
135082
135091
135193
135245
135247
135305
135316
135378
135434
135579
135661
135695
135731
135748
135850
136170
136192
136272
136337
136388
136427
136588
136682
136687
136787
136832
136912
137057
137139
137141
137149
137259
137407
137531
137605
137616
137850
137945
138069
138124
138252
138296
138477
138608
138750
138771
138880
139179
139191
139193
139265
139266
139283
139303
139533
139574
139773
139780
139819
140219
140273
140328
140605
140606
140621
140641
140670
140685
140846
141085
141228
141268
141390
141467
141484
141653
141664
141755
141809
141841
141959
141966
142101
142115
142252
142266
142267
142348
142442
142489
142516
142897
143048
143076
143096
143099
143144
143250
143364
143383
143444
143476
143498
143541
143606
143713
143755
143792
143842
143889
144052
144059
144079
144223
144309
144371
144515
144524
144664
144668
144720
144761
144825
144938
144952
145062
145072
145116
145121
145187
145189
145203
145251
145262
145284
145408
145416
145453
145461
145494
145630
145722
145798
145840
145843
145879
145955
146025
146048
146254
146406
146507
146623
146668
146719
146738
146757
146903
146904
146946
146980
147071
147254
147426
147443
147532
147535
147539
147595
147660
147763
147827
147831
147907
147913
147917
148027
148057
148333
148407
148454
148472
148700
148745
148931
148946
149181
149231
149265
149315
149364
149381
149489
149490
149507
149541
149634
149791
149945
149979
149997
150039
150088
150333
150371
150405
150551
150619
150707
150725
150792
150888
151356
151413
151423
151431
151516
151643
151717
151730
151764
151834
151855
151912
151942
151976
152145
152264
152288
152498
152658
152684
152688
152696
152727
152817
152851
152870
152896
152926
153018
153091
153099
153355
153484
153510
153606
153628
153851
153883
153904
153978
154067
154075
154135
154166
154188
154193
154208
154247
154266
154291
154295
154369
154389
154400
154402
154529
154665
154737
155061
155064
155088
155244
155387
155407
155438
155585
155882
155944
156216
156746
156759
156798
156905
156924
157129
157140
157177
157196
157232
157255
157482
157534
157838
157968
158066
158122
158163
158218
158224
158473
158803
158929
159030
159356
159539
159545
159725
159867
160032
160033
160202
160204
160297
160424
160438
160493
160637
161029
161078
161110
161113
161129
161224
161254
161291
161303
161459
161514
161736
161740
161784
161896
161946
161986
162125
162281
162357
162383
162405
162607
162709
162728
162755
162786
163214
163244
163277
163368
163614
163692
163705
163732
163789
164161
164225
164253
164268
164417
164524
164595
164635
164708
164713
164740
164843
164872
164905
165056
165181
165225
165392
165496
165543
165648
165688
165736
165857
166322
166415
166479
166620
166668
166762
166797
166870
166979
167122
167147
167270
167408
167564
167606
167782
167791
167887
167921
167930
167943
167964
168101
168115
168196
168468
168480
168601
168607
168655
168663
168696
168739
168932
168986
169001
169054
169059
169107
169175
169218
169369
169421
169441
169587
169727
169854
169905
169967
170134
170180
170274
170310
170375
170455
170490
170546
170576
170736
170833
170905
171010
171168
171225
171246
171359
171607
171647
171682
171872
172037
172073
172205
172356
172551
172552
172563
172577
173025
173032
173050
173099
173174
173195
173282
173364
173544
173561
173778
173869
173893
173912
173924
174173
174306
174426
174600
174634
174749
174813
174824
174897
175008
175470
175602
175634
175660
175728
175761
175887
175909
175922
175928
176071
176151
176179
176272
176277
176396
176541
176770
176997
177016
177175
177237
177240
177691
177720
177723
178026
178185
178230
178326
178348
178374
178424
178441
178590
178591
178604
178889
178945
178946
179159
179178
179319
179439
179503
179675
179698
179783
179807
179868
179900
179911
179975
180232
180247
180474
180655
180661
180681
180754
180783
180845
180847
181090
181092
181114
181319
181562
181565
181621
181680
181691
181696
181704
181742
181853
181878
181887
181899
181941
181978
182154
182179
182199
182343
182361
182391
182550
182562
182582
182583
182726
183000
183033
183075
183104
183302
183326
183355
183539
183568
183583
183682
183685
183694
183708
183714
183946
184037
184101
184273
184299
184473
184483
184489
184559
185017
185029
185284
185291
185328
185445
185507
185713
185788
185792
185820
185891
185962
185965
185977
186027
186030
186037
186148
186307
186726
186797
187166
187186
187248
187289
187323
187601
187670
187922
187948
187965
187973
188337
188348
188729
188820
188962
188968
189064
189130
189143
189298
189315
189396
189482
189483
189578
189586
189707
189877
189973
190016
190315
190494
190666
190707
190903
191073
191164
191197
191213
191221
191639
191871
191991
192020
192174
192343
192420
192539
192651
192697
192914
192944
193002
193067
193169
193300
193340
193468
193504
193628
193716
193753
193894
194180
194204
194244
194249
194328
194351
194420
194425
194436
194511
194523
194551
194558
194682
194803
194903
194946
195051
195110
195115
195162
195194
195374
195388
195540
195552
195623
195681
195692
195721
195732
195744
195951
196010
196123
196330
196354
196380
196458
196841
197057
197138
197162
197318
197331
197333
197417
197450
197496
197541
197579
197637
197644
197725
197735
197748
197772
197864
197911
197979
198041
198244
198310
198331
198390
198422
198482
198557
198682
199125
199129
199138
199328
199365
199373
199380
199411
199413
199514
199515
199528
199529
199817
199883
199894
199923
199924
200048
200205
200416
200887
201150
201559
201644
201756
201962
202318
202430
202568
202673
202711
202717
202747
202768
202971
203053
203472
203487
203616
203662
203682
203738
203744
203779
203859
203958
203976
204017
204071
204148
204283
204308
204327
204343
204366
204405
204471
204492
204641
204792
204936
204953
205002
205082
205085
205091
205197
205299
205388
205393
205835
206110
206113
206136
206142
206195
206217
206219
206228
206246
206546
206594
206597
206617
206949
207122
207155
207443
207573
207709
207763
207825
207827
207863
207874
208017
208079
208090
208192
208206
208268
208341
208378
208429
208521
208556
208812
208892
208939
208955
208968
209054
209153
209291
209329
209375
209379
209683
209784
209866
209885
209914
210037
210138
210162
210291
210313
210316
210356
210489
210643
210664
210682
210780
210786
210796
210819
210822
210859
211180
211214
211297
211358
211662
211766
211945
211960
211986
211999
212033
212133
212163
212164
212245
212249
212273
212436
212490
212877
213032
213104
213150
213290
213316
213550
213603
213632
213752
213827
213847
214170
214302
214342
214375
214396
214485
214741
214844
214891
214916
214927
214997
215004
215052
215071
215108
215195
215217
215248
215443
215698
215857
215917
215935
216003
216169
216198
216596
216628
216673
216988
217084
217165
217188
217199
217264
217466
217502
217547
217599
217644
217681
217946
218010
218145
218190
218310
218312
218493
218719
218789
218815
218841
218872
218877
219060
219115
219141
219144
219151
219229
219278
219306
219393
219405
219632
219730
219765
219770
219832
219890
219968
220106
220201
220242
220363
220400
220671
220677
220873
220946
220981
221056
221360
221365
221481
221489
221804
221838
221883
221987
222000
222031
222135
222218
222293
222440
222623
222692
222761
222847
222965
223015
223048
223081
223168
223214
223357
223544
223664
223774
224216
224290
224321
224653
224678
224844
224859
224878
224894
224934
224935
225011
225125
225189
225272
225319
225335
225810
225863
226193
226276
226305
226310
226600
226608
226642
226645
226646
226693
226703
226722
226832
227034
227069
227077
227296
227659
227738
227843
227973
228021
228041
228075
228205
228237
228303
228433
228570
228739
228875
229107
229136
229217
229485
229510
229609
229635
229814
229910
229940
229993
230063
230088
230317
230360
230427
230558
230625
230723
230772
230899
231104
231109
231124
231250
231341
231366
231478
231603
231662
231672
231680
231686
231763
231789
231910
232041
232234
232280
232320
232378
232393
232485
232587
232599
232657
232821
232970
233441
233653
233687
233713
233777
233884
233917
234131
234170
234177
234208
234285
234373
234394
234499
234535
234537
234538
234549
234586
234592
234670
235266
235349
235377
235651
235756
235794
235862
235891
235936
235938
236092
236159
236162
236385
236399
236498
236525
236529
236541
236728
236786
236915
237033
237423
237443
237454
237491
237578
237713
237744
237851
237907
237932
237947
238123
238203
238460
238480
238484
238623
238646
238655
238668
238682
238811
238822
238936
238953
239164
239212
239297
239455
239508
239519
239540
239568
239591
239600
239624
239625
239651
239699
239731
239803
239820
239823
239885
239978
240166
240229
240343
240347
240403
240445
240536
240549
240580
240713
240726
240787
240877
240933
241013
241031
241130
241460
241610
241680
241762
241764
241785
241803
241854
241907
242098
242195
242261
242386
242416
242418
242849
242985
243002
243021
243265
243388
243410
243474
243615
243837
243866
243873
243879
243899
244032
244187
244298
244300
244353
244483
244627
244722
245091
245151
245197
245220
245262
245303
245406
245600
245616
245735
245755
246013
246050
246168
246257
246285
246320
246326
246333
246343
246357
246508
246616
246724
246726
246738
246830
246899
246940
247046
247070
247107
247243
247414
247455
247578
247597
247673
248273
248395
248471
248485
248571
248584
248811
248857
248979
249059
249371
249484
249533
249539
249585
249600
249684
249690
249759
249827
249868
249910
249931
249934
249958
249967
250059
250073
250163
250222
250235
250236
250242
250341
250383
250414
250450
250536
250599
250793
250817
250871
251050
251144
251246
251306
251309
251319
251362
251377
251439
251459
251534
251543
251662
251792
251835
251882
251911
251950
252029
252100
252257
252266
252336
252503
252553
252595
252788
252797
252802
252849
253057
253151
253156
253248
253340
253648
253709
253778
253989
254009
254059
254092
254120
254309
254432
254541
254699
254845
254846
254872
254909
254942
254981
255082
255098
255331
255390
255408
255428
255535
255585
255723
255772
255840
256159
256183
256230
256338
256407
256420
256551
256567
256593
256641
256773
256820
256879
256886
256950
257179
257247
257384
257397
257407
257464
257488
257552
257651
257684
257728
257767
257798
257832
257928
258139
258205
258238
258251
258341
258382
258798
258825
258840
258857
258996
259112
259141
259270
259298
259301
259353
259580
259653
259679
259828
259873
259991
260036
260042
260182
260192
260265
260269
260341
260407
260538
260575
260632
260682
260796
260828
260829
260897
260916
261115
261148
261305
261337
261408
261529
262107
262115
262120
262203
262213
262256
262305
262313
262445
262669
262723
262801
262815
262818
262855
262875
262912
263002
263025
263038
263074
263076
263182
263196
263400
263503
263520
263529
263628
263746
263778
263848
264053
264062
264090
264188
264393
264404
264431
264464
264478
264529
264637
264688
264705
264755
264771
264832
264873
264947
265033
265159
265190
265208
265258
265270
265271
265429
265552
265560
265685
265790
265878
265906
265928
266118
266354
266506
266556
266782
266848
266954
267096
267104
267108
267254
267309
267386
267401
267656
267770
267892
267910
267969
267990
268037
268401
268448
268458
268491
268498
268519
268558
268656
268663
268674
268686
268779
268850
268929
269214
269289
269328
269332
269371
269403
269451
269573
269597
269604
269667
269789
269793
269803
269910
270130
270165
270175
270326
270352
270434
270462
270493
270528
270643
270826
271025
271059
271173
271208
271232
271265
271309
271444
271504
271582
271712
271714
271912
271944
271979
272005
272020
272261
272290
272321
272563
272645
272697
272981
273198
273249
273522
273588
273591
273662
273857
273902
274037
274115
274123
274225
274246
274299
274301
274517
274557
274591
274771
274932
275055
275074
275106
275161
275373
275385
275569
275611
275824
275854
276000
276007
276098
276157
276484
276884
276898
276909
276997
277029
277209
277326
277354
277356
277367
277431
277523
277635
277654
277731
277805
277969
277994
278015
278023
278239
278355
278386
278576
