90
135
147
148
200
204
231
242
286
316
378
476
570
596
625
647
695
742
771
801
971
1174
1316
1345
1383
1416
1489
1539
1545
1567
1594
1651
1746
1775
1793
1857
1872
1875
1902
1986
2045
2069
2081
2091
2113
2240
2290
2291
2297
2342
2362
2365
2373
2464
2571
2578
2677
2699
2704
2784
2803
2827
2988
3056
3067
3074
3084
3085
3102
3123
3161
3179
3258
3291
3357
3398
3419
3578
3583
3589
3606
3628
3664
3692
3721
3728
3738
3765
3781
3833
3900
3976
3987
3989
3994
4011
4044
4149
4184
4273
4290
4369
4401
4516
4585
4706
4723
4744
4812
4819
4851
5017
5183
5257
5275
5355
5389
5443
5470
5473
5490
5496
5570
5587
5616
5659
5748
5779
5789
5824
5969
5981
6032
6132
6154
6163
6215
6217
6227
6235
6248
6262
6423
6466
6469
6517
6643
6685
6715
6822
6851
6892
6922
6941
6953
6986
6993
7118
7141
7157
7234
7403
7445
7472
7614
7656
7668
7669
7670
7674
7710
7736
7781
7822
7920
7948
7999
8044
8114
8135
8234
8237
8249
8336
8359
8396
8398
8447
8522
8645
8658
8665
8817
8844
8960
8991
9085
9098
9221
9321
9331
9481
9504
9538
9543
9555
9570
9590
9609
9650
9696
9735
9745
9784
9790
9814
9836
9896
9986
10012
10103
10150
10167
10184
10393
10446
10447
10516
10564
10593
10630
10648
10715
10748
10751
10760
10768
10805
10934
10941
10977
11120
11125
11158
11165
11180
11281
11324
11342
11452
11525
11545
11562
11568
11570
11658
11672
11719
11873
11889
11986
12052
12080
12082
12106
12162
12172
12197
12226
12256
12297
12346
12350
12362
12381
12410
12484
12493
12530
12571
12577
12589
12726
12759
12831
12870
12875
12932
12958
12963
12981
13163
13220
13241
13244
13312
13365
13400
13414
13429
13432
13448
13458
13474
13698
13781
13870
13879
13883
13900
13942
13949
13985
13986
14096
14161
14172
14236
14239
14397
14400
14402
14470
14503
14545
14553
14565
14569
14577
14602
14693
14722
14823
14880
14935
14958
14962
15006
15197
15242
15298
15504
15592
15729
15748
15772
15783
15796
15862
16042
16059
16122
16167
16267
16370
16400
16469
16473
16547
16560
16629
16631
16647
16832
16877
16972
17054
17102
17129
17217
17235
17299
17338
17341
17375
17476
17540
17633
17641
17661
17688
17699
17723
17745
17756
17766
17811
17815
17840
17899
17923
17924
17980
18026
18066
18118
18133
18211
18215
18440
18457
18545
18563
18684
18726
18753
18755
18765
18766
18767
18786
18795
18802
18860
18914
19010
19122
19149
19210
19237
19282
19304
19348
19403
19409
19477
19490
19530
19624
19673
19691
19701
19877
19978
20002
20005
20045
20096
20099
20277
20300
20392
20443
20470
20523
20546
20548
20605
20632
20719
20819
20905
20916
20919
20930
20948
20952
20972
21075
21086
21090
21141
21159
21172
21224
21274
21290
21369
21390
21493
21621
21622
21640
21648
21710
21745
21815
21866
21887
21892
21931
21987
22252
22291
22309
22314
22426
22475
22485
22548
22571
22614
22680
22762
22812
22848
22922
23071
23137
23177
23308
23313
23389
23473
23598
23697
23714
23782
23851
23852
23856
23875
23876
23892
23947
24050
24053
24084
24121
24187
24203
24213
24302
24411
24454
24493
24605
24612
24623
24670
24695
24699
24715
24756
24939
24942
24950
24958
25052
25104
25158
25170
25196
25212
25235
25242
25250
25251
25279
25312
25470
25584
25593
25634
25743
25761
25766
25798
25852
25886
25898
25903
25912
25943
25953
25957
25968
25972
25989
26005
26016
26019
26024
26036
26039
26044
26056
26085
26094
26150
26165
26167
26181
26190
26243
26287
26312
26322
26325
26328
26349
26352
26380
26386
26435
26452
26459
26468
26476
26483
26535
26597
26602
26720
26727
26847
26883
26992
27075
27171
27305
27353
27380
27382
27384
27421
27468
27510
27514
27563
27651
27660
27696
27703
27706
27714
27722
27731
27745
27749
27811
27832
27931
28000
28034
28055
28066
28080
28127
28205
28226
28338
28347
28370
28371
28400
28426
28461
28471
28474
28522
28531
28539
28559
28571
28621
28676
28728
28731
28737
28828
28901
29074
29082
29135
29143
29168
29170
29174
29177
29202
29208
29259
29292
29352
29403
29481
29719
29828
29864
29888
29909
29919
30007
30021
30046
30060
30151
30163
30269
30280
30285
30313
30338
30396
30412
30468
30509
30557
30631
30646
30666
30778
30827
30831
30843
30871
30951
30998
31001
31050
31093
31109
31196
31253
31285
31289
31325
31394
31402
31512
31537
31547
31622
31698
31844
31871
31938
32027
32029
32035
32037
32041
32070
32081
32118
32122
32205
32228
32306
32308
32351
32382
32451
32470
32496
32506
32513
32558
32567
32587
32604
32607
32689
32700
32709
32765
32817
32824
32931
32941
32944
32991
33097
33159
33165
33234
33248
33334
33381
33502
33546
33551
33566
33601
33614
33621
33656
33720
33798
33816
33830
33992
34124
34214
34221
34272
34353
34374
34413
34436
34512
34513
34553
34556
34558
34564
34645
34649
34686
34691
34911
34913
34936
34976
34977
35001
35005
35088
35175
35177
35191
35198
35223
35245
35304
35571
35604
35662
35675
35726
35805
35814
35888
35927
35955
35965
36018
36037
36075
36084
36108
36155
36163
36227
36334
36366
36379
36442
36443
36475
36542
36545
36547
36550
36635
36655
36685
36687
36698
36701
36746
36748
36807
37012
37043
37165
37205
37363
37384
37387
37498
37552
37563
37565
38054
38061
38108
38184
38215
38221
38259
38330
38340
38422
38442
38470
38509
38569
38583
38611
38649
38724
38847
38919
38926
38937
38968
39010
39176
39323
39331
39332
39391
39556
39658
39743
39763
39781
39784
39841
39863
40028
40274
40303
40329
40396
40415
40510
40512
40516
40521
40523
40674
40695
40707
40758
40773
40871
40875
40963
41050
41054
41065
41130
41140
41304
41352
41436
41540
41634
41665
41751
41832
41961
41965
41970
42012
42127
42221
42268
42290
42293
42325
42355
42405
42598
42610
42625
42632
42686
42717
42732
42737
42765
42909
42911
42935
42936
43044
43051
43056
43211
43240
43302
43343
43403
43431
43459
43461
43482
43654
43667
43680
43785
43790
43830
43917
43960
43984
44220
44237
44254
44260
44293
44330
44359
44399
44403
44596
44663
44783
44815
44851
45010
45080
45144
45173
45175
45467
45478
45524
45561
45615
45683
45686
45692
45701
45729
45744
45798
45815
45820
45889
46085
46114
46172
46182
46205
46266
46277
46292
46304
46353
46639
46645
46707
46735
46814
46935
46993
47007
47056
47095
47237
47353
47403
47446
47551
47582
47654
47662
47804
47834
47930
47951
47981
47984
48098
48119
48160
48179
48223
48375
48408
48488
48564
48687
48691
48696
48701
48802
48819
48884
48924
48997
49004
49066
49082
49125
49140
49193
49230
49240
49290
49299
49306
49404
49411
49428
49466
49721
49734
49790
49842
49888
49911
49920
50022
50045
50178
50232
50233
50307
50310
50323
50365
50395
50396
50408
50414
50463
50494
50500
50543
50639
50695
50729
50774
50800
50821
50834
50842
50850
50931
50957
51011
51031
51164
51173
51180
51186
51294
51318
51350
51553
51595
51597
51649
51843
51869
51887
51957
52001
52044
52127
52207
52418
52519
52913
53041
53179
53184
53239
53248
53259
53479
53489
53490
53513
53617
53652
53710
53742
53823
53924
53947
53965
54031
54073
54124
54129
54165
54204
54214
54222
54249
54296
54302
54469
54471
54521
54532
54707
54728
54985
55008
55073
55076
55273
55376
55382
55392
55435
55451
55469
55539
55564
55581
55612
55655
55683
55685
55800
55892
55913
55992
56165
56238
56243
56333
56437
56459
56480
56491
56537
56667
56739
56740
56790
56865
56874
56930
56965
57115
57123
57148
57152
57164
57179
57189
57263
57287
57350
57377
57416
57426
57453
57472
57499
57622
57639
57704
57707
57781
57844
57857
57871
57914
57917
58029
58044
58062
58064
58127
58144
58172
58275
58380
58388
58419
58421
58457
58463
58501
58707
58717
58789
58810
58902
58909
59038
59057
59063
59129
59165
59190
59194
59208
59254
59327
59357
59402
59506
59550
59693
59726
59767
59928
60021
60052
60060
60063
60066
60105
60106
60120
60175
60198
60207
60253
60357
60399
60403
60421
60431
60509
60533
60703
60748
60766
60784
60830
60853
60859
60938
60940
60963
61144
61152
61251
61256
61257
61320
61453
61485
61578
61736
61781
61783
61785
61787
61831
61856
62022
62042
62094
62270
62287
62314
62382
62579
62582
62592
62620
62624
62626
62665
62668
62780
62881
63068
63080
63099
63112
63170
63226
63237
63336
63386
63395
63425
63463
63500
63509
63519
63596
63667
63680
63687
63705
63708
63733
63794
63838
63998
64033
64153
64624
64660
64671
64705
64834
64885
64965
65016
65034
65058
65121
65154
65201
65231
65235
65311
65320
65365
65490
65549
65560
65632
65668
65734
65827
65864
65896
66115
66147
66266
66306
66373
66385
66517
66556
66577
66648
66691
66764
66874
66876
66883
67041
67048
67065
67143
67176
67180
67241
67243
67268
67281
67311
67332
67484
67491
67542
67655
67670
67694
67782
67923
68113
68197
68239
68264
68292
68342
68401
68487
68531
68659
68708
68718
68736
68754
68772
68843
68957
69063
69098
69226
69253
69273
69287
69323
69470
69490
69624
69746
69762
69824
69868
69887
69903
69913
69947
70013
70047
70049
70053
70068
70069
70079
70091
70198
70239
70284
70316
70400
70405
70478
70598
70723
70862
70866
71061
71191
71248
71252
71282
71297
71336
71383
71416
71689
71690
71745
71804
71806
71951
71997
72017
72057
72163
72204
72261
72269
72272
72273
72280
72322
72356
72367
72434
72445
72518
72555
72571
72684
72856
72878
72885
72888
73001
73036
73090
73127
73252
73300
73349
73452
73455
73477
73506
73536
73545
73597
73629
73682
73782
73796
73881
73951
74016
74046
74052
74067
74127
74139
74214
74309
74385
74403
74411
74434
74435
74544
74591
74651
74682
74748
74758
74976
74978
75023
75029
75091
75094
75190
75206
75323
75347
75385
75391
75397
75621
75638
75867
75954
75985
76005
76082
76145
76149
76267
76288
76449
76522
76615
76922
77030
77152
77204
77263
77265
77307
77350
77353
77401
77517
77529
77587
77601
77614
77615
77655
77931
77978
78042
78111
78127
78136
78157
78201
78239
78288
78488
78552
78557
78570
78575
78682
78798
78954
79225
79242
79336
79418
79435
79513
79550
79551
79604
79619
79664
79671
79678
79699
79728
79757
79770
79790
79906
79922
80042
80106
80124
80152
80238
80308
80321
80396
80620
80643
80692
80849
80856
81153
81259
81359
81466
81480
81491
81722
81787
81911
82016
82025
82073
82111
82175
82388
82392
82396
82455
82511
82528
82618
82765
82881
82934
82993
83006
83029
83185
83207
83246
83275
83278
83405
83662
83714
83721
83760
83835
83865
83929
83956
83961
84056
84075
84082
84126
84159
84218
84222
84234
84285
84403
84415
84570
84622
84633
84638
84725
84826
84873
84876
84947
84956
84979
85020
85022
85070
85136
85285
85324
85562
85605
85675
85884
85930
85972
85977
85983
86012
86094
86109
86170
86185
86202
86220
86348
86635
86663
86672
86713
86743
86849
86870
86895
86933
86934
86973
87025
87177
87737
87745
87775
87923
87963
88010
88037
88091
88095
88106
88116
88159
88289
88294
88337
88462
88487
88537
88628
88723
88731
88764
88791
88815
88837
88864
88885
88912
88921
88939
88981
89079
89105
89146
89192
89243
89302
89360
89362
89432
89444
89543
89574
89583
89591
89710
89730
89885
89915
89927
89964
89975
90059
90126
90149
90177
90212
90215
90362
90450
90475
90507
90679
90802
90859
90874
90931
91011
91072
91153
91211
91212
91227
91238
91261
91349
91439
91537
91540
91547
91549
91564
91582
91788
91799
91890
91891
91920
91967
92011
92240
92247
92377
92692
92775
92895
93025
93082
93141
93146
93161
93205
93280
93287
93362
93421
93474
93506
93564
93574
93625
93629
93634
93640
93645
93648
93681
93743
93794
93923
93934
93935
93992
94039
94043
94063
94098
94125
94136
94372
94407
94452
94453
94525
94530
94537
94547
94570
94573
94668
94698
94716
94975
95052
95137
95196
95205
95424
95447
95477
95484
95526
95532
95537
95582
95714
95774
95847
95850
95873
95910
96199
96345
96347
96367
96419
96447
96473
96575
96588
96592
96692
96696
96703
96713
96725
97002
97044
97057
97061
97115
97179
97379
97489
97504
97573
97834
97854
97945
98001
98003
98100
98114
98308
98373
98411
98492
98527
98545
98557
98565
98727
98791
98838
98854
98901
98929
98934
98978
98981
99006
99115
99122
99243
99255
99334
99529
99653
99654
99659
99660
99767
99939
100073
100126
100238
100267
100411
100511
100652
100716
100865
100903
100968
101068
101083
101117
101189
101255
101291
101429
101442
101574
101613
101685
101747
101771
101884
101886
101902
101905
101971
102027
102113
102169
102286
102338
102362
102399
102510
102529
102571
102641
102701
102716
102838
102984
103033
103256
103275
103409
103435
103507
103568
103571
103572
103670
103697
104056
104101
104130
104147
104183
104249
104253
104293
104320
104331
104358
104509
104584
104633
104638
104667
104733
104739
104755
104756
104788
104927
104936
104998
105009
105028
105084
105150
105170
105210
105219
105271
105273
105286
105309
105426
105429
105810
105872
106033
106146
106241
106286
106291
106356
106425
106496
106571
106626
106694
106796
106816
106827
106922
106962
107048
107129
107150
107195
107217
107253
107269
107306
107329
107537
107595
107660
107702
107752
107753
107756
107839
107844
107878
107935
107939
108048
108064
108151
108183
108196
108495
108573
108618
108744
108846
108910
108981
108999
109071
109084
109114
109118
109150
109152
109159
109172
109266
109392
109450
109582
109633
109695
109732
109745
110010
110037
110074
110142
110176
110194
110237
110278
110326
110387
110424
110442
110482
110592
110699
110706
110768
110853
110861
110863
110935
110979
110982
111011
111078
111118
111290
111390
111407
111550
111630
111695
111735
111753
111825
111901
111972
112045
112146
112531
112554
112631
112688
112700
112712
112732
112748
112787
112795
113022
113035
113076
113266
113284
113321
113476
113491
113511
113827
113842
113861
113950
113999
114059
114113
114124
114213
114215
114460
114523
114596
114602
114633
114642
114673
114707
114742
114783
114785
114787
114800
114812
114843
115042
115053
115067
115100
115177
115273
115292
115344
115381
115424
115451
115627
115710
115739
115798
115853
115892
115966
116005
116194
116221
116234
116242
116247
116258
116261
116265
116392
116625
116681
116814
116816
116864
116867
116892
116921
117002
117047
117190
117214
117221
117417
117421
117456
117662
117702
117873
117876
117880
117882
117927
117986
118049
118058
118238
118327
118351
118360
118368
118548
118599
118603
118709
118726
118755
118763
118857
119159
119174
119190
119285
119445
119585
119589
119591
119706
119769
119812
119861
119929
120043
120121
120154
120170
120196
120230
120288
120300
120309
120360
120448
120742
120757
120797
120855
120857
120925
121026
121171
121194
121331
121335
121403
121447
121459
121492
121646
121781
121788
121799
121825
121888
121899
121911
121922
121970
121975
122009
122013
122051
122087
122187
122188
122190
122291
122339
122391
122398
122466
122582
122620
122697
122710
122854
122936
122972
122994
123009
123017
123018
123089
123158
123298
123299
123342
123362
123367
123453
123552
123592
123893
123914
123938
123964
124059
124076
124204
124265
124345
124347
124381
124479
124505
124603
124621
124623
124782
124801
125106
125109
125118
125177
125260
125307
125334
125398
125418
125430
125439
125492
125610
125630
125710
125874
125966
125971
126015
126020
126112
126121
126140
126141
126225
126368
126438
126441
126449
126455
126469
126559
126572
126611
126671
126679
126829
126841
127024
127038
127080
127119
127188
127202
127236
127282
127355
127445
127485
127525
127593
127646
127658
127681
127682
127686
127808
127830
127833
127965
127977
128433
128523
128560
128614
128771
128818
128829
128907
129112
129149
129181
129267
129321
129444
129462
129475
129513
129621
129648
129666
129688
129778
129861
129984
130053
130107
130109
130111
130135
130159
130166
130196
130224
130395
130414
130447
130474
130562
130582
130730
130909
130943
130950
130964
131084
131204
131217
131282
131287
131395
131439
131525
131534
131539
131552
131689
131884
131921
131925
131936
132009
132188
132189
132362
132396
132397
132535
132610
132632
132657
132706
132798
132895
132912
132962
133016
133050
133099
133125
133277
133309
133344
133549
133551
133585
133656
133692
133708
133816
133825
133828
133900
133967
133975
134138
134214
134220
134464
134489
134538
134564
134608
134636
134778
134987
135022
135121
135122
135149
135279
135374
135402
135646
136070
136126
136135
136154
136166
136205
136247
136445
136496
136536
136539
136667
136707
136715
136790
136900
137216
137252
137357
137485
137501
137568
137585
137643
137647
137658
137679
137739
137796
137807
137832
138027
138041
138142
138325
138391
138451
138518
138520
138695
138747
138754
138802
138809
138827
138951
139027
139070
139162
139188
139336
139446
139488
139514
139560
139619
139668
139710
139781
139782
139783
140089
140115
140194
140223
140225
140261
140268
140501
140505
140603
140625
140666
140672
140684
140770
140810
140881
140976
140985
141070
141208
141247
141313
141343
141406
141443
141567
141577
141661
141758
141854
141910
141955
142018
142149
142157
142162
142185
142251
142306
142326
142381
142512
142548
142571
142688
142756
142769
142800
142814
142893
142908
142917
142936
142952
142954
143068
143069
143082
143164
143197
143394
143459
143460
143462
143515
143549
143652
143695
143714
144014
144063
144077
144138
144433
144442
144484
144487
144503
144505
144516
144589
144642
144770
144864
144882
144948
144982
144994
145066
145075
145117
145127
145128
145155
145160
145170
145198
145261
145293
145382
145489
145510
145524
145568
145649
145675
145689
145733
145775
145927
145964
145978
145994
146001
146162
146195
146197
146253
146289
146594
146641
146680
146797
146871
146894
146978
147092
147224
147259
147280
147331
147415
147481
147599
147656
147691
147784
147786
147817
147934
148001
148031
148112
148192
148292
148294
148349
148467
148473
148501
148567
148571
148773
148835
148935
149032
149079
149088
149095
149137
149148
149162
149183
149290
149313
149318
149349
149528
149537
149562
149576
149600
149640
149843
149925
150020
150170
150225
150506
150511
150516
150545
150673
150690
150701
150706
150741
150743
150764
150765
150775
150846
150892
150963
151018
151127
151467
151471
151497
151610
151631
151642
151824
151841
151843
151947
151960
151977
152048
152232
152268
152313
152334
152335
152410
152493
152545
152659
152667
152708
152743
152744
152908
152920
152927
153054
153057
153126
153132
153156
153184
153293
153294
153428
153488
153521
153846
153854
153870
153923
153930
153970
154016
154102
154123
154215
154237
154246
154254
154255
154378
154439
154463
154491
154555
154559
154582
154699
154724
154729
154942
154971
155048
155104
155253
155275
155279
155288
155350
155371
155402
155410
155423
155475
155482
155561
155569
155717
155759
156002
156003
156139
156140
156143
156207
156234
156242
156309
156423
156564
156580
156720
156772
156805
156820
156908
156920
156927
156963
157101
157128
157142
157160
157172
157221
157256
157310
157335
157356
157361
157382
157415
157530
157562
157714
157715
157743
157831
157858
157979
158016
158071
158105
158152
158154
158180
158266
158327
158353
158387
158418
158439
158519
158646
158820
158831
158870
158935
158980
158991
159049
159089
159228
159239
159317
159379
159439
159445
159476
159511
159550
159582
159599
159602
159636
159733
159775
159780
160044
160071
160175
160193
160225
160291
160328
160512
160537
160539
160547
160572
160608
160783
160813
160836
160868
160927
161001
161008
161017
161031
161149
161179
161425
161639
161759
161816
161845
161858
161871
162035
162165
162188
162203
162209
162278
162334
162345
162355
162386
162404
162416
162431
162450
162731
162767
162782
162793
162804
163048
163134
163189
163299
163370
163405
163445
163538
163551
163703
163767
163837
163853
163996
164039
164050
164055
164115
164152
164421
164433
164472
164543
164688
164802
164804
164825
164881
164910
164927
165243
165253
165262
165281
165389
165423
165431
165487
165716
165763
165804
165823
165827
165840
165933
165950
165955
165956
165963
166088
166158
166168
166196
166310
166380
166416
166451
166539
166582
166608
166663
166877
166965
166966
166972
167051
167164
167200
167232
167285
167362
167373
167428
167451
167673
167742
167744
167784
167823
167845
167944
167963
168046
168197
168258
168274
168387
168393
168458
168463
168520
168546
168568
168575
168596
168637
168686
168695
168813
168826
168876
168972
169174
169207
169238
169292
169297
169383
169472
169657
169730
169859
169873
169874
169950
170002
170013
170060
170091
170115
170207
170317
170387
170479
170554
170639
170684
170687
170811
170817
170832
171032
171180
171300
171620
171658
171877
172192
172207
172210
172357
172505
172548
172609
172645
172689
172697
172715
172850
172905
172919
173004
173117
173122
173223
173233
173307
173313
173343
173392
173427
173436
173605
173851
173858
173897
174029
174075
174170
174175
174183
174185
174277
174360
174362
174410
174477
174501
174524
174549
174566
174576
174579
174580
174689
174718
174774
174794
174870
174877
174886
174916
175152
175168
175289
175513
175572
175648
175663
175693
175754
175779
175844
175852
175866
175872
175897
175939
175979
176054
176103
176129
176158
176278
176425
176569
176602
176660
176771
176857
176882
176976
177032
177120
177169
177195
177326
177605
177621
177635
177701
177762
177781
177789
177881
177894
177898
177988
178006
178143
178150
178213
178339
178403
178414
178483
178531
178947
179001
179051
179119
179165
179168
179169
179211
179238
179242
179250
179389
179474
179485
179660
179681
179735
179880
179899
179916
179921
179922
179978
180011
180013
180018
180021
180182
180201
180246
180386
180544
180632
180674
180767
180854
180873
180907
180967
181043
181148
181197
181221
181385
181508
181564
181687
181747
181799
181903
182041
182073
182135
182144
182298
182301
182369
182379
182407
182457
182458
182489
182557
182605
182606
182617
182865
182874
182878
182951
182991
182995
183013
183049
183144
183248
183341
183353
183397
183401
183447
183501
183520
183768
183827
183957
183985
183993
184113
184147
184349
184378
184459
184490
184530
184556
184688
184788
184797
184860
184895
184940
185088
185106
185312
185343
185398
185647
185659
185698
185704
185770
185818
185934
185940
186014
186102
186165
186166
186206
186213
186312
186346
186403
186516
186521
186589
186703
186830
186895
186933
186965
187027
187126
187192
187195
187267
187349
187435
187445
187457
187494
187505
187517
187528
187668
187673
187726
187758
187812
187826
187832
187851
188012
188319
188363
188543
188598
188606
188630
188634
188676
188933
188997
189121
189148
189203
189211
189254
189286
189336
189423
189549
189558
189656
189721
189797
189850
189892
189977
190074
190094
190129
190223
190294
190305
190375
190449
190456
190462
190463
190501
190613
190732
190791
190825
190890
190891
190897
191008
191030
191033
191105
191125
191155
191168
191247
191311
191423
191467
191480
191805
191850
192034
192141
192164
192229
192439
192545
192556
192577
192662
192729
192768
192871
192985
193007
193021
193084
193087
193290
193302
193343
193556
193630
193636
193741
193818
194027
194070
194091
194154
194214
194309
194358
194384
194454
194522
194527
194579
194659
194833
194948
195063
195103
195177
195189
195256
195496
195533
195582
195702
195768
195793
196031
196152
196156
196176
196280
196576
196609
196629
196768
196820
196881
197169
197216
197354
197385
197430
197548
197566
197577
197833
197978
198001
198009
198026
198086
198105
198300
198698
198851
198859
198897
198959
199019
199020
199126
199148
199193
199314
199395
199618
199620
199684
199707
199744
199767
199810
199815
199867
200143
200227
200273
200319
200327
200375
200453
200511
200608
200614
200618
200637
200690
200717
200738
200753
200770
200880
201047
201131
201176
201213
201248
201380
201382
201406
201606
201632
201657
201760
201765
201775
201783
201800
201937
202160
202224
202258
202354
202362
202457
202460
202492
202553
202584
202586
202600
202718
202746
202770
202882
202893
202929
203035
203070
203072
203213
203271
203273
203395
203430
203493
203500
203761
203768
203902
203937
203964
204152
204254
204272
204354
204390
204419
204428
204714
204857
204983
205034
205182
205195
205288
205304
205343
205452
205602
205677
205679
205690
205729
205735
205792
205793
205876
205883
205935
206020
206030
206144
206249
206251
206341
206368
206380
206555
206609
206720
206796
206904
206934
207173
207196
207292
207451
207488
207640
207808
207831
207877
207880
207893
207960
208041
208099
208200
208275
208315
208322
208560
208598
208794
208972
208976
209039
209208
209386
209394
209513
209549
209570
209601
209743
209782
209798
209801
209943
210007
210016
210064
210219
210382
210384
210399
210423
210535
210625
210721
210783
210915
210975
210989
211120
211124
211138
211170
211202
211375
211377
211656
211697
211729
211748
211974
212038
212057
212081
212174
212277
212308
212449
212521
212599
212645
212648
212805
212824
212879
212888
212933
213008
213020
213158
213295
213402
213637
213651
213660
213692
213953
213973
214022
214052
214053
214108
214245
214291
214311
214388
214446
214464
214608
214631
214762
214905
214917
215032
215059
215113
215353
215400
215476
215489
215558
215585
215633
215683
215721
215796
215808
215828
215832
215883
215922
216037
216450
216475
216493
216501
216524
216601
216656
216664
216728
216858
216966
216989
217025
217026
217064
217117
217162
217192
217229
217313
217332
217391
217414
217454
217572
217583
217604
217672
217703
217748
217790
217810
217847
217903
217906
217942
217945
218227
218250
218291
218440
218668
218752
218761
218946
218965
218993
218998
219102
219103
219176
219280
219478
219525
219572
219613
219626
219743
219825
219842
219961
220148
220172
220228
220238
220529
220648
220869
220924
221237
221304
221322
221392
221393
221604
221722
221760
221796
221872
221943
221951
222233
222384
222389
222394
222640
222645
222650
222676
222752
222781
222793
222835
222857
222941
222976
223073
223172
223579
223678
223789
223796
223937
223945
224028
224131
224134
224141
224165
224188
224283
224309
224333
224527
224567
224584
224706
224779
224869
224873
224948
224963
225027
225066
225094
225164
225165
225257
225305
225486
225642
225681
225683
225792
225818
225990
226077
226107
226126
226312
226548
226555
226796
226822
227066
227193
227238
227456
227524
227581
227632
227667
227707
227869
227910
227975
228013
228113
228197
228290
228316
228418
228436
228458
228496
228525
228596
228723
228814
228903
229012
229076
229210
229347
229403
229446
229483
229526
229590
229769
229879
230030
230033
230051
230269
230273
230520
230563
230651
230915
230919
231094
231141
231164
231165
231168
231283
231350
231387
231530
231531
231620
231629
231660
231973
232003
232043
232092
232184
232229
232579
232781
232845
232850
232855
232865
232917
233086
233181
233248
233307
233351
233383
233413
233499
233583
233623
233686
233694
233743
233787
233824
233905
233980
234053
234150
234295
234425
234463
234496
234523
234542
234547
234571
234605
234734
234796
235045
235123
235269
235519
235545
235547
235560
235778
235944
236169
236237
236277
236323
236331
236348
236413
236465
236584
236671
236760
236789
236806
236809
236842
236943
236947
236970
236979
236982
237037
237043
237059
237092
237162
237169
237203
237227
237280
237293
237477
237492
237514
237538
237604
237611
237631
237638
237654
237694
237825
237894
237996
238144
238159
238160
238323
238330
238343
238473
238561
238652
238754
238863
238920
238929
238970
239138
239191
239241
239382
239472
239728
239751
239767
240142
240268
240433
240458
240506
240534
240591
240626
240640
240717
240983
240984
241367
241370
241583
241646
241673
241713
241782
241879
242057
242064
242151
242198
242224
242242
242381
242435
242549
242580
242585
242637
242664
242737
242931
243068
243076
243135
243143
243166
243416
243487
243494
243631
243682
243736
243979
244153
244363
244370
244422
244432
244447
244474
244495
244499
244504
244506
244588
244714
244716
244721
244803
244824
244869
244997
245064
245105
245127
245228
245278
245305
245323
245327
245470
245569
245571
245643
245841
245948
245980
246009
246100
246154
246189
246202
246344
246504
246528
246601
246692
246928
246931
246994
247026
247061
247072
247227
247299
247308
247310
247328
247515
247573
247936
247974
247986
248015
248026
248037
248157
248181
248404
248692
248895
248965
248991
249020
249130
249173
249269
249270
249276
249280
249388
249409
249851
249927
249946
249963
250023
250046
250074
250128
250176
250215
250239
250421
250484
250485
250533
250659
250800
250869
251116
251124
251194
251215
251264
251283
251366
251481
251539
251755
251770
251920
251988
252057
252090
252203
252286
252344
252369
252385
252441
252468
252473
252479
252485
252550
252603
252670
252694
252771
252932
252959
253184
253205
253275
253336
253353
253411
253599
253662
253741
253766
253890
253950
254010
254035
254116
254174
254180
254323
254328
254400
254485
254524
254621
254650
254857
254891
255042
255151
255166
255261
255287
255435
255444
255466
255622
255628
255667
255679
256427
256554
256896
256922
256965
256966
257006
257050
257108
257142
257216
257406
257459
257574
257869
257997
258097
258104
258453
258454
258571
258613
258616
258625
258646
258756
258788
258815
258837
258924
258951
259146
259200
259257
259264
259451
259536
259581
259756
259836
259868
259895
259933
260070
260106
260201
260280
260338
260441
260506
260531
260537
260540
260573
260623
260692
260734
260814
261141
261215
261471
261474
261514
261693
261722
261725
261758
261836
261839
261845
261862
261907
261910
261972
261995
262106
262144
262162
262234
262264
262320
262574
262662
263004
263014
263050
263065
263232
263301
263318
263343
263501
263527
263606
263728
263732
263773
263776
263864
264018
264023
264094
264122
264160
264205
264238
264354
264429
264487
264627
264921
265005
265076
265119
265127
265250
265260
265282
265396
265545
265629
265650
265708
265716
265837
265859
265979
266065
266347
266429
266455
266493
266534
266584
266785
266877
266987
267464
267603
267610
267877
268015
268054
268055
268082
268172
268260
268404
268536
268644
268692
268912
268969
268985
269003
269107
269170
269221
269230
269481
269825
269952
269990
270008
270009
270051
270116
270160
270346
270419
270463
270571
270728
270782
270987
271098
271239
271283
271355
271481
271555
271593
271646
271667
271868
272054
272056
272115
272175
272195
272248
272278
272337
272715
272939
273005
273076
273100
273254
273259
273271
273545
273576
273604
273614
273625
273767
273779
274014
274043
274149
274162
274263
274317
274614
274643
274662
274770
274892
274911
274913
274925
275208
275224
275250
275333
275479
275568
275722
275740
275782
275787
275877
275897
275975
276032
276094
276158
276311
276350
276416
276453
276601
276688
276689
276774
276911
277092
277160
277206
277212
277223
277254
277450
277621
277733
277907
278251
278383
278392
278416
278560
