17
33
70
129
143
151
174
323
357
374
471
532
551
560
566
602
616
639
650
706
735
753
766
806
813
846
850
892
897
906
909
913
924
939
944
993
1008
1026
1059
1060
1110
1146
1154
1177
1184
1188
1249
1287
1337
1342
1360
1396
1401
1405
1415
1593
1624
1631
1684
1689
1706
1762
1769
1809
1824
1827
1866
1945
1952
2011
2021
2023
2035
2043
2067
2068
2100
2124
2131
2161
2177
2184
2187
2201
2217
2229
2314
2318
2338
2357
2363
2368
2385
2397
2476
2627
2642
2676
2731
2736
2741
2780
2789
2796
2836
2850
2861
2961
2966
3027
3086
3094
3095
3110
3120
3121
3141
3152
3156
3163
3172
3174
3176
3212
3215
3248
3250
3270
3276
3315
3321
3355
3356
3392
3395
3420
3425
3430
3436
3438
3449
3468
3473
3506
3511
3531
3546
3634
3647
3654
3655
3673
3674
3678
3750
3752
3759
3779
3888
3914
3931
3957
3969
3990
3996
4019
4030
4041
4042
4046
4068
4135
4142
4143
4145
4183
4186
4199
4247
4287
4289
4306
4326
4354
4357
4377
4387
4397
4527
4537
4553
4559
4576
4680
4711
4713
4769
4868
4939
4966
4971
4987
5037
5039
5051
5125
5157
5180
5186
5189
5197
5198
5200
5209
5220
5262
5274
5288
5316
5321
5370
5378
5381
5390
5419
5435
5438
5441
5457
5469
5480
5491
5492
5547
5560
5586
5714
5723
5740
5757
5815
5830
5847
5871
5877
5878
5880
5883
5885
5893
5894
5919
5975
5985
5990
6010
6011
6050
6055
6078
6083
6107
6113
6121
6123
6142
6144
6187
6221
6263
6326
6354
6435
6447
6477
6480
6519
6587
6601
6603
6673
6738
6739
6827
6846
6860
6880
6900
6930
6937
6942
6949
6967
6972
6976
7003
7004
7094
7098
7114
7119
7128
7143
7171
7185
7192
7219
7233
7238
7258
7262
7266
7267
7278
7291
7382
7399
7414
7422
7436
7479
7524
7596
7630
7647
7663
7694
7704
7707
7806
7877
7922
7926
7927
7929
7933
7945
8004
8016
8039
8040
8043
8052
8072
8086
8143
8174
8283
8310
8334
8337
8339
8349
8357
8361
8362
8369
8374
8382
8393
8416
8421
8455
8459
8460
8471
8516
8527
8535
8536
8555
8613
8635
8640
8641
8647
8716
8734
8760
8761
8771
8786
8790
8791
8816
8819
8855
8878
8911
8918
8932
8942
8969
8977
8999
9003
9018
9053
9059
9068
9078
9091
9096
9100
9114
9125
9211
9213
9272
9290
9296
9313
9325
9349
9354
9356
9358
9366
9389
9394
9501
9511
9519
9525
9591
9621
9625
9665
9675
9708
9719
9845
9926
9952
9996
10050
10061
10065
10095
10100
10119
10139
10248
10259
10278
10343
10346
10361
10374
10432
10450
10456
10556
10578
10585
10601
10615
10661
10669
10681
10685
10727
10728
10765
10808
10828
10830
10871
10877
10902
10929
10939
10975
11076
11096
11097
11124
11146
11287
11379
11406
11411
11425
11442
11448
11466
11482
11489
11491
11504
11515
11522
11529
11531
11539
11550
11621
11669
11714
11832
11834
11845
11885
11904
11907
12022
12024
12060
12070
12088
12092
12104
12124
12149
12249
12260
12262
12274
12283
12333
12372
12377
12396
12399
12400
12416
12436
12445
12465
12491
12536
12537
12553
12575
12593
12623
12677
12684
12686
12708
12712
12752
12760
12788
12803
12809
12813
12816
12850
12975
12978
13008
13150
13160
13177
13205
13231
13242
13270
13276
13288
13298
13327
13338
13402
13430
13456
13467
13499
13504
13518
13564
13590
13630
13716
13755
13773
13801
13837
13843
13860
13876
13987
14094
14124
14148
14158
14162
14176
14180
14277
14366
14410
14430
14433
14434
14480
14482
14487
14522
14592
14620
14640
14666
14685
14689
14691
14784
14803
14915
14920
14924
14960
14981
15021
15026
15027
15031
15038
15040
15059
15067
15079
15143
15194
15203
15221
15250
15256
15279
15290
15295
15315
15336
15348
15349
15351
15363
15364
15409
15434
15470
15486
15487
15493
15529
15531
15534
15569
15575
15639
15721
15739
15754
15774
15825
15881
15898
15906
15942
15952
16005
16011
16019
16104
16127
16134
16165
16183
16282
16295
16327
16339
16347
16356
16359
16361
16366
16441
16448
16493
16541
16558
16578
16580
16588
16642
16646
16688
16696
16728
16745
16880
16883
16907
16921
16942
16980
17004
17029
17030
17039
17040
17041
17047
17051
17108
17118
17125
17136
17147
17181
17200
17201
17310
17314
17386
17388
17404
17410
17417
17436
17437
17448
17472
17478
17482
17496
17507
17537
17555
17572
17581
17605
17613
17622
17655
17657
17682
17707
17730
17749
17759
17855
17857
17872
17877
17974
18009
18023
18084
18097
18103
18132
18144
18145
18159
18237
18241
18256
18281
18303
18339
18349
18368
18424
18438
18442
18469
18481
18489
18491
18500
18514
18522
18532
18558
18631
18655
18660
18683
18696
18702
18712
18722
18729
18731
18747
18749
18772
18782
18789
18793
18818
18823
18853
18907
18909
18919
18929
18942
18946
18994
19006
19027
19028
19029
19061
19082
19104
19212
19222
19223
19228
19259
19311
19313
19320
19331
19366
19419
19435
19492
19496
19612
19613
19664
19702
19704
19719
19749
19776
19791
19841
19867
19894
19912
19936
19990
19994
20030
20039
20064
20073
20178
20208
20214
20234
20280
20316
20364
20420
20436
20466
20507
20539
20541
20574
20589
20619
20627
20674
20702
20759
20768
20776
20808
20813
20816
20827
20844
20883
20888
20898
20936
20957
20962
20977
20982
20995
21026
21028
21062
21068
21107
21114
21118
21253
21335
21380
21406
21461
21470
21510
21515
21539
21561
21602
21611
21612
21638
21659
21674
21713
21720
21723
21729
21731
21732
21752
21757
21764
21780
21802
21811
21839
21841
21850
21861
21862
21883
21914
21944
21956
22090
22155
22175
22184
22198
22228
22317
22323
22327
22354
22459
22461
22467
22532
22535
22560
22583
22604
22627
22663
22684
22688
22694
22756
22765
22851
22862
22874
22880
22955
22975
23002
23032
23060
23074
23103
23147
23153
23159
23258
23260
23273
23275
23289
23321
23350
23365
23369
23379
23396
23411
23437
23472
23474
23488
23497
23513
23648
23651
23698
23703
23722
23788
23791
23874
23976
23983
24016
24024
24075
24129
24179
24232
24235
24257
24288
24325
24344
24355
24409
24416
24445
24500
24503
24511
24619
24630
24652
24691
24726
24733
24761
24772
24786
24819
24827
24844
24846
24856
24857
24879
24884
24923
24924
24930
24945
24963
25019
25063
25067
25081
25247
25322
25355
25365
25392
25423
25429
25448
25465
25471
25498
25504
25523
25550
25560
25588
25590
25605
25606
25665
25675
25687
25694
25706
25709
25764
25806
25815
25820
25838
25917
25922
26156
26159
26166
26171
26188
26230
26237
26239
26252
26269
26304
26371
26475
26503
26517
26545
26546
26561
26612
26621
26634
26637
26638
26651
26687
26717
26723
26732
26743
26747
26749
26769
26836
26839
26880
26933
26944
26952
26969
27019
27028
27035
27064
27066
27069
27082
27098
27118
27120
27161
27166
27192
27193
27197
27325
27377
27396
27481
27486
27546
27567
27583
27590
27598
27602
27628
27676
27686
27689
27693
27695
27713
27724
27729
27733
27758
27762
27799
27843
27935
27948
28062
28069
28074
28124
28143
28158
28162
28165
28180
28191
28195
28272
28303
28304
28305
28403
28404
28422
28444
28452
28455
28456
28486
28497
28530
28548
28555
28567
28573
28617
28748
28758
28779
28872
28890
28966
28984
28994
29023
29034
29096
29127
29139
29140
29146
29201
29235
29242
29246
29286
29332
29334
29394
29419
29477
29497
29580
29588
29600
29612
29673
29694
29701
29732
29734
29741
29769
29777
29779
29782
29784
29785
29787
29802
29845
29855
29859
29974
30072
30126
30148
30159
30161
30193
30217
30232
30249
30253
30266
30283
30292
30293
30345
30375
30569
30595
30602
30633
30667
30704
30738
30753
30764
30799
30805
30814
30851
30852
30862
30906
30917
30936
30937
30939
30948
30959
30994
31019
31024
31064
31129
31161
31175
31186
31209
31242
31317
31331
31381
31386
31389
31447
31454
31457
31463
31468
31493
31510
31525
31556
31560
31572
31614
31617
31632
31661
31683
31712
31727
31742
31748
31752
31758
31760
31780
31782
31787
31794
31799
31803
31810
31823
31835
31889
31978
32049
32052
32112
32121
32189
32240
32288
32349
32357
32370
32482
32487
32503
32504
32514
32541
32625
32665
32723
32732
32795
32838
32887
32904
32917
32918
32949
33015
33034
33056
33066
33071
33098
33126
33137
33147
33148
33154
33155
33171
33178
33197
33225
33228
33293
33307
33317
33321
33324
33328
33333
33347
33387
33409
33438
33471
33484
33499
33520
33549
33556
33600
33612
33633
33661
33689
33714
33742
33755
33783
33791
33801
33804
33810
33814
33821
33836
33850
33851
33864
33866
33914
33997
34023
34107
34108
34115
34116
34126
34139
34206
34265
34268
34284
34321
34365
34370
34392
34397
34454
34484
34486
34488
34501
34523
34525
34552
34574
34613
34646
34728
34742
34756
34758
34761
34766
34780
34817
34869
34906
34929
34949
34963
34980
34991
35020
35047
35118
35158
35240
35265
35332
35392
35396
35412
35424
35429
35430
35432
35461
35500
35502
35545
35582
35738
35757
35761
35804
35807
35859
35878
35887
35961
35963
36011
36072
36078
36174
36175
36176
36182
36183
36234
36237
36267
36269
36283
36290
36308
36310
36326
36331
36350
36357
36386
36405
36424
36438
36473
36503
36509
36530
36535
36549
36560
36570
36610
36633
36737
36779
36798
36799
36865
36888
36913
36927
37020
37025
37045
37049
37052
37081
37137
37150
37172
37203
37215
37220
37236
37238
37311
37416
37434
37440
37474
37510
37518
37576
37579
37580
37584
37598
37691
37718
37753
37760
37791
37795
37810
37814
37818
37819
37820
37894
37908
37934
37941
37965
37969
37974
37989
38004
38041
38045
38047
38075
38077
38171
38193
38211
38245
38253
38327
38348
38359
38365
38369
38371
38385
38394
38403
38409
38410
38501
38563
38565
38609
38620
38621
38626
38683
38692
38741
38746
38771
38804
38851
38856
38925
38928
38945
38952
38969
39038
39059
39063
39118
39145
39154
39174
39188
39231
39235
39247
39268
39272
39282
39347
39366
39393
39407
39418
39420
39430
39431
39451
39460
39509
39548
39555
39586
39590
39678
39707
39724
39747
39774
39798
39835
39843
39893
39902
39924
39926
39948
39962
39969
39974
39984
39987
39999
40012
40085
40088
40093
40104
40122
40126
40135
40139
40145
40152
40154
40176
40186
40194
40198
40204
40208
40241
40247
40306
40323
40364
40367
40372
40379
40389
40403
40457
40491
40520
40522
40560
40585
40598
40606
40628
40630
40636
40645
40652
40655
40684
40704
40727
40763
40776
40777
40821
40829
40842
40845
40899
40933
40938
40940
40969
40971
40982
40997
41006
41059
41083
41092
41107
41160
41214
41249
41254
41255
41269
41314
41320
41322
41349
41353
41363
41427
41479
41485
41487
41604
41610
41657
41672
41678
41713
41736
41799
41800
41805
41856
41886
41896
41979
42011
42028
42036
42060
42061
42063
42069
42198
42199
42232
42264
42282
42330
42331
42335
42336
42339
42415
42429
42430
42440
42442
42466
42511
42518
42533
42552
42554
42609
42634
42636
42639
42660
42666
42667
42699
42700
42709
42716
42759
42767
42782
42785
42808
42825
42934
43058
43063
43070
43129
43130
43160
43165
43187
43231
43248
43257
43259
43306
43334
43342
43347
43365
43377
43385
43423
43435
43441
43446
43474
43560
43569
43575
43576
43580
43607
43646
43753
43789
43813
43831
43833
43843
43873
43896
43918
43931
43967
43977
43978
44005
44069
44083
44130
44136
44143
44215
44249
44328
44334
44344
44349
44363
44372
44383
44385
44387
44413
44424
44438
44452
44464
44497
44499
44506
44508
44511
44512
44524
44526
44589
44614
44647
44689
44690
44696
44773
44775
44795
44796
44798
44799
44828
44909
44911
44935
44967
44971
44974
44978
45019
45026
45034
45040
45156
45158
45165
45187
45255
45270
45288
45300
45314
45316
45317
45324
45331
45344
45345
45351
45352
45371
45377
45388
45389
45391
45424
45431
45436
45442
45463
45476
45483
45486
45550
45554
45577
45578
45582
45620
45730
45743
45769
45771
45803
45848
45862
45920
45945
45966
46004
46019
46036
46052
46067
46072
46095
46096
46130
46203
46207
46215
46217
46223
46236
46274
46286
46296
46303
46366
46372
46416
46486
46490
46538
46580
46583
46584
46592
46597
46601
46717
46749
46773
46808
46817
46887
46910
46922
47026
47049
47093
47114
47159
47174
47202
47216
47229
47230
47243
47264
47265
47267
47347
47354
47365
47425
47504
47549
47570
47639
47677
47680
47742
47809
47855
47863
47876
47923
47925
47933
47952
47972
48044
48047
48111
48121
48130
48132
48138
48139
48156
48168
48209
48213
48224
48241
48338
48365
48394
48468
48539
48549
48557
48565
48580
48609
48612
48614
48615
48620
48634
48671
48684
48735
48761
48763
48838
48859
48887
48891
48913
48921
48940
48941
48980
49051
49067
49084
49122
49145
49147
49158
49191
49194
49236
49312
49330
49388
49405
49443
49459
49465
49534
49544
49546
49558
49574
49599
49608
49618
49648
49665
49668
49699
49710
49711
49769
49778
49784
49821
49870
49877
49908
49962
50004
50007
50064
50065
50081
50106
50126
50141
50143
50147
50150
50163
50263
50280
50287
50294
50311
50313
50336
50357
50373
50384
50459
50475
50544
50576
50616
50681
50688
50692
50830
50835
50867
50966
50982
50993
50995
51004
51006
51008
51009
51023
51024
51035
51054
51117
51125
51126
51133
51134
51135
51149
51217
51242
51269
51299
51308
51315
51330
51339
51344
51399
51408
51455
51456
51462
51471
51477
51480
51565
51583
51684
51686
51710
51727
51766
51776
51781
51842
51847
51853
51867
51870
51872
51875
51881
51883
51912
51915
51921
51923
51932
51966
52026
52062
52063
52142
52164
52192
52194
52196
52205
52229
52253
52271
52299
52339
52344
52368
52378
52402
52404
52413
52416
52440
52494
52509
52513
52568
52588
52626
52642
52659
52675
52769
52798
52868
52869
52964
53027
53033
53048
53057
53093
53096
53170
53171
53183
53187
53218
53242
53293
53384
53386
53466
53716
53719
53729
53763
53775
53798
53827
53836
53890
54018
54110
54111
54123
54145
54182
54193
54201
54223
54233
54261
54270
54284
54285
54286
54300
54306
54342
54405
54454
54460
54463
54476
54529
54541
54547
54559
54570
54594
54605
54625
54630
54646
54662
54676
54691
54697
54711
54723
54726
54731
54734
54739
54900
54942
54998
55013
55028
55038
55058
55070
55083
55093
55097
55104
55153
55211
55254
55295
55302
55365
55373
55374
55380
55403
55414
55420
55430
55483
55509
55546
55562
55567
55585
55608
55617
55629
55635
55659
55662
55665
55678
55681
55719
55744
55769
55782
55838
55911
55931
55973
55982
56014
56024
56046
56087
56088
56139
56152
56162
56225
56231
56279
56285
56326
56340
56390
56416
56423
56432
56442
56446
56484
56503
56529
56547
56551
56595
56617
56637
56651
56653
56691
56694
56708
56741
56751
56844
56855
56883
56947
56983
57009
57039
57074
57111
57118
57149
57163
57167
57184
57186
57193
57194
57195
57206
57210
57227
57247
57262
57332
57362
57381
57445
57447
57451
57471
57478
57501
57503
57522
57536
57555
57562
57615
57619
57638
57655
57672
57680
57682
57690
57694
57713
57723
57726
57733
57747
57762
57782
57825
57828
57829
57883
57907
57936
57943
57958
57967
57976
57986
57997
57998
57999
58000
58002
58003
58009
58017
58022
58023
58031
58084
58100
58123
58134
58158
58162
58180
58196
58218
58250
58259
58288
58314
58335
58336
58345
58405
58426
58431
58446
58455
58460
58520
58541
58556
58624
58626
58645
58655
58662
58687
58689
58692
58709
58710
58712
58714
58722
58732
58766
58901
58903
58907
58913
58942
59007
59014
59018
59024
59053
59145
59228
59233
59315
59340
59394
59507
59544
59552
59553
59571
59609
59612
59720
59786
59827
59908
59919
59938
59975
60010
60012
60014
60096
60136
60179
60201
60289
60293
60324
60336
60338
60361
60398
60406
60430
60446
60463
60468
60488
60492
60510
60511
60518
60530
60601
60625
60628
60709
60773
60785
60816
60854
60905
60906
60936
60959
61126
61143
61230
61266
61271
61272
61286
61288
61299
61311
61316
61411
61445
61468
61472
61537
61543
61579
61587
61590
61619
61635
61639
61677
61802
61803
61807
61824
61829
61848
61863
61881
61910
61916
61917
61955
61960
61996
62026
62039
62066
62145
62182
62195
62198
62240
62249
62256
62297
62317
62324
62353
62360
62364
62375
62380
62390
62394
62420
62421
62425
62475
62478
62501
62528
62584
62593
62621
62632
62634
62635
62655
62670
62683
62684
62718
62721
62738
62812
62819
62820
62838
62897
62899
63011
63019
63042
63043
63047
63050
63052
63166
63167
63185
63186
63195
63229
63234
63266
63304
63326
63344
63374
63375
63380
63403
63409
63415
63422
63477
63484
63498
63506
63507
63539
63559
63588
63593
63599
63607
63635
63661
63713
63820
63833
63861
63885
63886
63899
63937
64006
64016
64018
64031
64035
64096
64098
64100
64168
64175
64281
64299
64309
64311
64316
64319
64347
64394
64401
64402
64403
64406
64458
64461
64526
64527
64545
64575
64663
64665
64794
64817
64898
64933
64939
64975
64976
64992
65012
65015
65043
65083
65134
65137
65140
65160
65162
65164
65216
65220
65222
65229
65268
65270
65273
65337
65342
65388
65399
65465
65486
65548
65572
65576
65583
65592
65694
65702
65706
65709
65714
65725
65770
65978
66039
66080
66093
66112
66119
66215
66264
66311
66375
66456
66465
66468
66484
66530
66531
66551
66576
66597
66679
66690
66713
66718
66719
66732
66740
66765
66774
66776
66794
66838
66900
66906
66927
66955
66960
66964
66966
67000
67005
67010
67020
67042
67140
67167
67175
67179
67181
67182
67200
67208
67246
67249
67288
67321
67350
67354
67359
67380
67435
67440
67451
67461
67482
67489
67490
67506
67520
67527
67531
67534
67536
67612
67641
67644
67661
67705
67715
67719
67757
67758
67769
67807
67821
67856
67897
68024
68047
68053
68054
68071
68074
68076
68078
68087
68122
68151
68159
68180
68185
68209
68236
68257
68313
68314
68318
68322
68329
68381
68393
68394
68395
68396
68501
68503
68510
68533
68593
68604
68662
68710
68722
68742
68771
68788
68811
68816
68821
68846
68884
68921
68922
68937
68942
68944
68959
68967
68983
68987
69018
69020
69067
69087
69091
69122
69130
69147
69165
69168
69171
69201
69210
69223
69228
69229
69233
69278
69297
69366
69371
69396
69398
69478
69508
69558
69588
69615
69639
69692
69698
69741
69756
69853
69881
69883
69900
69912
69915
69920
69933
69936
69955
70059
70180
70181
70221
70227
70236
70242
70266
70274
70275
70278
70285
70299
70328
70358
70403
70430
70438
70456
70499
70505
70511
70521
70523
70538
70539
70561
70577
70605
70639
70641
70653
70654
70676
70682
70718
70733
70756
70763
70786
70810
70868
70908
70952
70965
70968
70974
71000
71040
71176
71254
71268
71285
71322
71347
71357
71369
71386
71406
71448
71453
71524
71533
71544
71612
71705
71714
71730
71738
71761
71790
71791
71793
71816
71837
71870
71903
71905
71941
71945
71953
71956
71958
72011
72016
72031
72052
72081
72087
72095
72098
72118
72130
72135
72155
72156
72162
72168
72186
72303
72312
72316
72318
72342
72343
72360
72361
72403
72406
72429
72442
72451
72470
72481
72487
72502
72507
72569
72573
72605
72607
72624
72646
72767
72769
72813
72822
73061
73069
73075
73096
73105
73110
73154
73251
73276
73303
73307
73327
73345
73347
73371
73387
73400
73427
73501
73628
73639
73641
73692
73759
73765
73850
73862
73868
73973
74021
74141
74172
74192
74205
74218
74221
74222
74224
74227
74231
74232
74233
74304
74308
74367
74374
74394
74399
74413
74419
74484
74486
74545
74559
74619
74622
74654
74656
74671
74686
74692
74694
74735
74792
74876
74910
74991
75014
75038
75043
75050
75060
75065
75118
75171
75202
75235
75244
75289
75291
75318
75367
75368
75499
75502
75507
75511
75512
75576
75613
75626
75627
75634
75636
75675
75688
75712
75715
75754
75759
75821
75846
75868
75877
75895
75901
75902
75913
76020
76066
76076
76079
76084
76086
76089
76109
76110
76132
76138
76238
76240
76304
76355
76382
76386
76394
76443
76462
76490
76520
76531
76562
76607
76638
76654
76660
76682
76722
76821
76824
76858
76947
77035
77095
77120
77154
77165
77168
77183
77189
77230
77273
77326
77332
77348
77389
77409
77459
77461
77468
77487
77492
77548
77603
77609
77611
77616
77623
77625
77627
77628
77639
77646
77653
77659
77672
77683
77696
77701
77710
77758
77760
77765
77767
77768
77771
77773
77798
77800
77803
77867
77939
77946
78001
78004
78065
78066
78072
78112
78142
78146
78152
78154
78166
78169
78172
78179
78228
78231
78233
78248
78261
78275
78333
78361
78373
78389
78414
78423
78447
78450
78471
78512
78525
78569
78579
78591
78600
78650
78727
78734
78766
78791
78832
78843
78891
78934
78935
78947
79016
79089
79153
79197
79206
79213
79220
79222
79224
79230
79238
79293
79401
79410
79423
79429
79452
79459
79477
79484
79491
79563
79571
79573
79579
79601
79632
79917
79921
79925
79931
80050
80072
80102
80115
80117
80184
80185
80210
80213
80243
80260
80263
80288
80313
80323
80382
80391
80392
80432
80433
80460
80473
80507
80517
80588
80589
80590
80608
80631
80646
80667
80715
80726
80734
80760
80769
80844
80883
80887
80900
80958
80993
81117
81177
81202
81331
81406
81427
81540
81547
81564
81671
81723
81778
81801
81866
81876
81907
81930
81948
82013
82043
82049
82051
82052
82121
82128
82169
82200
82272
82299
82360
82416
82531
82542
82558
82580
82687
82718
82791
82795
82850
82851
82871
82884
82885
82930
82968
82986
83072
83084
83085
83095
83099
83100
83122
83160
83180
83192
83244
83338
83404
83414
83421
83425
83442
83468
83481
83530
83587
83615
83619
83621
83638
83639
83646
83655
83660
83665
83666
83686
83709
83728
83795
83796
83813
83870
83910
83928
83934
83935
83940
83957
83960
84080
84094
84096
84102
84122
84135
84148
84158
84172
84185
84189
84192
84193
84195
84200
84219
84226
84248
84250
84299
84312
84329
84343
84424
84428
84438
84505
84604
84660
84770
84790
84843
84858
84862
84871
84892
84921
84924
84945
84971
84974
84984
85001
85012
85028
85148
85154
85164
85170
85192
85198
85204
85215
85226
85228
85239
85320
85334
85365
85382
85479
85489
85496
85502
85519
85555
85568
85603
85643
85653
85655
85738
85759
85814
85844
85892
85898
85907
85912
85966
86005
86057
86080
86113
86150
86178
86190
86191
86199
86208
86274
86292
86334
86344
86395
86418
86444
86473
86490
86592
86600
86636
86686
86694
86720
86734
86813
86875
86878
86957
86968
86969
86982
87008
87024
87071
87100
87120
87157
87161
87221
87292
87439
87472
87474
87503
87543
87549
87561
87615
87631
87731
87732
87780
87858
87860
87862
87922
87929
87938
87965
88000
88030
88057
88083
88110
88138
88226
88237
88251
88313
88349
88350
88401
88443
88456
88502
88508
88509
88518
88525
88527
88540
88550
88571
88578
88605
88634
88638
88667
88673
88687
88738
88759
88785
88877
88903
88937
88944
88973
88993
88998
89051
89060
89108
89137
89184
89226
89230
89235
89248
89258
89313
89322
89339
89364
89372
89379
89385
89402
89443
89455
89533
89539
89558
89572
89601
89612
89735
89749
89774
89780
89812
89890
89910
89925
89936
89949
89969
89971
89991
89999
90000
90003
90016
90047
90094
90100
90148
90175
90187
90233
90238
90259
90274
90290
90304
90305
90364
90374
90375
90397
90408
90430
90435
90440
90512
90556
90591
90619
90658
90671
90729
90747
90764
90769
90808
90813
90855
90876
90890
90897
90905
90923
90941
90954
90980
90983
90988
90998
90999
91031
91070
91218
91255
91285
91335
91367
91404
91436
91440
91453
91458
91459
91463
91464
91465
91479
91550
91558
91561
91596
91605
91614
91672
91682
91705
91710
91729
91757
91780
91796
91813
91825
91892
91893
91895
91902
91938
91980
92184
92192
92193
92260
92279
92306
92330
92335
92349
92350
92370
92372
92378
92434
92498
92507
92563
92566
92575
92588
92601
92607
92641
92645
92653
92739
92789
92856
92883
92885
92888
92900
92928
92935
92949
92959
92963
93046
93142
93154
93171
93200
93206
93219
93250
93274
93283
93308
93322
93326
93343
93381
93383
93403
93428
93456
93472
93613
93628
93644
93694
93716
93741
93756
93800
93806
93888
93901
93919
93936
93954
93994
94012
94060
94067
94068
94070
94091
94096
94138
94148
94149
94153
94194
94223
94230
94265
94272
94334
94395
94396
94423
94448
94513
94539
94644
94658
94674
94677
94687
94707
94757
94769
94853
94857
94869
94879
94902
94907
94915
94922
94923
94932
94966
94985
95078
95107
95112
95116
95130
95162
95176
95190
95247
95282
95296
95299
95305
95383
95405
95421
95456
95473
95480
95495
95502
95513
95576
95587
95597
95623
95624
95653
95691
95693
95695
95737
95760
95782
95785
95788
95798
95835
95867
95912
95935
95952
95968
95970
95975
95978
95980
95983
95987
96005
96089
96097
96125
96138
96153
96170
96171
96179
96195
96221
96299
96309
96372
96426
96428
96499
96506
96514
96516
96518
96557
96570
96584
96590
96645
96647
96661
96678
96683
96688
96694
96697
96704
96709
96729
96763
96800
96815
96821
96883
96885
96892
96909
96928
96929
96942
96977
96984
96991
96996
97031
97145
97163
97168
97263
97264
97273
97316
97394
97415
97416
97470
97507
97546
97583
97588
97596
97601
97607
97617
97624
97634
97676
97704
97744
97758
97795
97798
97815
97836
97842
97851
97859
97866
97934
97944
97946
97947
97948
97952
97977
98004
98009
98012
98032
98062
98088
98143
98219
98229
98253
98259
98265
98286
98346
98361
98362
98372
98388
98393
98423
98428
98494
98499
98530
98581
98592
98606
98608
98615
98627
98631
98672
98744
98749
98756
98762
98774
98835
98970
98997
99003
99004
99005
99012
99013
99046
99053
99077
99120
99171
99172
99173
99185
99207
99211
99237
99238
99303
99316
99333
99345
99362
99366
99398
99416
99417
99418
99533
99588
99595
99608
99623
99624
99639
99649
99664
99724
99750
99762
99778
99827
99845
99851
99856
99868
99870
99871
99921
99936
99942
99963
99993
100003
100011
100039
100133
100139
100235
100275
100278
100324
100339
100350
100351
100380
100398
100409
100428
100451
100526
100553
100555
100564
100571
100596
100625
100698
100719
100815
100817
100845
100846
100864
100876
100879
100880
100929
100933
100949
100953
100969
100995
101001
101057
101103
101135
101140
101184
101232
101329
101351
101402
101436
101560
101576
101615
101634
101635
101638
101640
101641
101654
101655
101657
101764
101879
101924
101931
101949
101996
102030
102099
102102
102106
102116
102166
102177
102180
102184
102195
102201
102262
102328
102346
102359
102380
102387
102388
102405
102408
102437
102438
102441
102476
102479
102484
102486
102512
102527
102541
102607
102685
102695
102706
102723
102726
102749
102758
102778
102856
102858
102863
102883
102888
102923
102926
102941
102943
102960
102963
103013
103041
103044
103057
103082
103112
103154
103161
103169
103199
103216
103217
103219
103226
103229
103314
103335
103349
103350
103358
103433
103441
103508
103513
103550
103553
103556
103593
103615
103639
103657
103693
103723
103754
103832
103836
103838
103864
103872
103878
103890
103895
103906
103907
103972
104085
104086
104089
104110
104133
104146
104150
104181
104208
104240
104296
104312
104333
104343
104354
104361
104389
104436
104457
104520
104570
104594
104603
104607
104615
104646
104713
104808
104815
104827
104872
104946
104948
105026
105038
105043
105049
105098
105101
105107
105134
105154
105198
105242
105246
105257
105302
105320
105347
105357
105362
105364
105379
105381
105384
105402
105461
105467
105477
105486
105583
105589
105635
105653
105654
105670
105679
105684
105686
105687
105747
105750
105789
105816
105817
105832
105837
105846
105867
105870
105946
105955
105957
105969
105970
105980
105996
105998
106002
106003
106023
106027
106073
106088
106090
106142
106183
106188
106211
106243
106252
106283
106289
106304
106334
106456
106493
106495
106508
106520
106603
106611
106614
106621
106625
106631
106665
106670
106756
106775
106814
106835
106843
106850
106865
106870
106872
106899
106917
106925
106934
106943
107031
107067
107079
107093
107097
107128
107133
107134
107138
107163
107175
107178
107193
107243
107259
107260
107290
107308
107343
107359
107411
107516
107524
107532
107613
107641
107665
107741
107747
107769
107790
107848
107879
107886
107887
107951
107961
107966
107973
108065
108079
108099
108106
108108
108111
108113
108122
108169
108179
108190
108197
108206
108209
108211
108217
108237
108292
108435
108494
108498
108566
108585
108614
108650
108672
108675
108679
108681
108690
108691
108695
108697
108702
108703
108707
108713
108718
108726
108762
108783
108816
108824
108833
108835
108852
108867
108951
108965
108990
108994
108996
108997
109014
109040
109047
109170
109211
109219
109233
109234
109235
109248
109251
109253
109280
109297
109305
109350
109362
109378
109395
109465
109470
109486
109497
109537
109588
109607
109632
109647
109674
109683
109688
109719
109724
109748
109763
109764
109767
109769
109770
109857
109861
109869
109871
109879
109885
109887
109892
109913
109942
109946
109955
109958
109964
109967
109972
109985
110027
110034
110118
110137
110153
110159
110164
110182
110211
110280
110284
110302
110307
110338
110340
110346
110374
110431
110457
110458
110460
110461
110472
110480
110511
110524
110525
110595
110627
110714
110716
110788
110795
110816
110837
110849
110860
110961
110963
111178
111180
111216
111219
111223
111225
111299
111354
111409
111428
111472
111483
111513
111518
111553
111568
111569
111571
111573
111575
111641
111642
111680
111703
111728
111730
111789
111812
111843
111853
111898
111929
111985
111992
111994
111998
112006
112050
112067
112082
112084
112098
112103
112105
112107
112141
112182
112184
112224
112240
112241
112242
112276
112291
112293
112297
112298
112303
112306
112416
112433
112440
112465
112504
112535
112537
112538
112636
112663
112669
112746
112751
112759
112775
112791
112823
112853
112876
112885
112889
112894
112947
112948
112980
113025
113034
113081
113097
113108
113115
113144
113170
113176
113188
113205
113222
113333
113334
113376
113390
113413
113436
113445
113468
113474
113490
113509
113519
113575
113644
113648
113664
113672
113704
113715
113732
113769
113785
113792
113793
113797
113807
113865
113876
113900
113954
113959
113964
114014
114018
114029
114032
114040
114070
114075
114084
114147
114165
114168
114249
114274
114322
114330
114348
114358
114426
114434
114461
114527
114594
114686
114692
114757
114761
114766
114780
114789
114821
114824
114854
114902
114909
114923
114929
114952
114989
114996
115033
115035
115037
115038
115059
115074
115136
115137
115148
115167
115175
115190
115193
115228
115239
115251
115293
115393
115416
115446
115497
115546
115583
115621
115626
115643
115700
115708
115749
115750
115787
115799
115802
115812
115860
115873
115881
115935
115938
115939
115941
115961
116011
116073
116076
116097
116099
116100
116129
116165
116222
116229
116264
116299
116346
116380
116383
116414
116458
116462
116555
116579
116617
116668
116704
116720
116758
116833
116852
116857
116879
116945
116962
116968
116984
117020
117045
117091
117115
117142
117147
117177
117236
117244
117251
117254
117271
117308
117319
117324
117328
117368
117377
117440
117446
117453
117488
117547
117622
117656
117665
117682
117699
117700
117731
117799
117820
117863
117910
117916
117961
117970
118011
118033
118060
118084
118099
118109
118111
118121
118147
118169
118171
118188
118221
118227
118293
118392
118455
118502
118508
118535
118549
118633
118662
118680
118681
118695
118723
118737
118767
118772
118784
118789
118797
118849
118861
118870
118885
118893
118960
118962
118975
118981
119002
119023
119036
119123
119125
119177
119212
119215
119228
119251
119257
119283
119299
119303
119306
119325
119330
119334
119389
119391
119392
119404
119410
119412
119422
119441
119468
119481
119490
119503
119507
119510
119536
119542
119581
119622
119657
119670
119672
119673
119675
119682
119704
119705
119730
119733
119738
119819
119825
119828
119866
119869
119897
119948
119955
119967
120035
120038
120061
120079
120122
120146
120206
120240
120250
120298
120341
120347
120384
120495
120501
120507
120535
120539
120548
120568
120578
120579
120590
120594
120602
120607
120687
120710
120760
120871
120886
120929
120945
121009
121025
121041
121045
121116
121139
121150
121214
121239
121246
121250
121257
121301
121306
121312
121326
121338
121345
121378
121382
121384
121410
121526
121528
121550
121576
121579
121593
121602
121612
121645
121706
121723
121748
121751
121753
121757
121766
121783
121801
121829
121861
121902
121930
121945
121959
121967
121982
121985
121991
121993
122017
122028
122032
122034
122056
122130
122148
122159
122169
122170
122176
122200
122223
122247
122259
122261
122337
122403
122436
122439
122469
122514
122546
122580
122593
122599
122683
122704
122722
122730
122732
122772
122840
122943
122962
122965
122982
123020
123038
123045
123095
123104
123139
123154
123187
123188
123190
123210
123262
123311
123313
123314
123320
123321
123371
123381
123396
123407
123413
123476
123479
123532
123561
123568
123587
123588
123590
123595
123598
123614
123615
123624
123625
123635
123640
123655
123657
123664
123666
123673
123675
123676
123703
123719
123729
123736
123740
123791
123797
123837
123839
123869
123895
123904
123967
123972
123987
124091
124097
124138
124147
124148
124167
124185
124191
124196
124201
124202
124227
124266
124279
124280
124283
124284
124335
124364
124371
124391
124393
124449
124460
124514
124526
124538
124554
124587
124606
124608
124619
124637
124640
124737
124739
124814
124826
124841
124884
124892
124928
124952
124961
124975
124977
125000
125009
125010
125023
125103
125163
125198
125272
125288
125321
125336
125419
125455
125468
125470
125476
125498
125528
125572
125576
125627
125633
125646
125679
125708
125724
125731
125791
125792
125854
125876
125901
125977
126082
126090
126098
126138
126242
126244
126281
126315
126353
126373
126374
126413
126433
126471
126479
126484
126486
126513
126530
126573
126589
126590
126640
126714
126721
126749
126757
126763
126823
126830
126838
126868
126932
126936
126950
126962
126980
127045
127057
127062
127087
127109
127160
127175
127213
127221
127242
127264
127265
127269
127323
127326
127349
127372
127373
127424
127455
127463
127484
127520
127588
127611
127619
127620
127624
127661
127666
127695
127720
127741
127790
127803
127810
127824
127932
127973
127986
127993
128008
128027
128045
128064
128081
128087
128090
128093
128101
128108
128118
128136
128140
128141
128148
128163
128171
128177
128240
128295
128317
128326
128361
128363
128402
128428
128441
128469
128490
128509
128515
128525
128537
128590
128630
128689
128705
128710
128749
128765
128794
128796
128797
128802
128807
128810
128820
128877
128921
128924
128929
128949
128970
128988
128989
129055
129058
129130
129143
129148
129151
129152
129163
129206
129259
129280
129289
129306
129312
129376
129463
129486
129492
129538
129541
129562
129574
129607
129647
129658
129705
129734
129739
129798
129802
129818
129847
129873
129895
129904
129925
129940
129987
130035
130050
130104
130122
130127
130130
130131
130134
130240
130397
130403
130411
130426
130547
130550
130557
130560
130585
130606
130614
130623
130627
130629
130654
130696
130723
130731
130742
130748
130767
130782
130820
130844
130850
130852
130856
130884
130892
130919
130921
130947
130985
131007
131030
131035
131046
131056
131064
131081
131094
131184
131192
131225
131228
131284
131370
131478
131508
131544
131591
131598
131628
131636
131656
131668
131705
131709
131799
131916
131933
132016
132083
132118
132142
132156
132157
132162
132290
132292
132302
132311
132394
132405
132580
132616
132620
132659
132751
132770
132773
132781
132794
132841
132855
132916
132925
132927
132956
132982
133008
133029
133080
133114
133115
133195
133249
133257
133280
133293
133377
133396
133398
133446
133507
133567
133606
133627
133637
133641
133644
133660
133678
133897
133939
133976
133981
133988
134041
134044
134067
134082
134089
134154
134188
134189
134191
134209
134263
134278
134384
134386
134453
134467
134472
134513
134522
134545
134562
134617
134639
134642
134667
134808
134821
134822
134825
134851
134863
134870
134874
134912
134976
134991
135006
135008
135033
135058
135065
135073
135075
135111
135112
135115
135134
135250
135258
135270
135278
135302
135306
135343
135387
135388
135500
135609
135616
135640
135655
135681
135686
135696
135736
135738
135742
135832
135839
135882
135894
135900
135903
135905
135913
135922
135937
135978
135997
136003
136021
136024
136028
136033
136055
136075
136091
136121
136138
136140
136152
136164
136168
136211
136237
136246
136257
136371
136372
136374
136408
136430
136437
136504
136533
136534
136620
136622
136627
136629
136632
136662
136665
136745
136750
136768
136771
136851
136857
136923
136929
136972
136990
137059
137064
137072
137129
137164
137175
137227
137236
137255
137279
137284
137331
137337
137359
137362
137374
137377
137399
137412
137435
137437
137440
137502
137521
137524
137548
137570
137610
137612
137650
137652
137680
137690
137706
137709
137795
137822
137836
137869
137894
137916
137935
137943
137946
137950
138018
138020
138032
138035
138059
138061
138079
138087
138123
138127
138158
138172
138271
138272
138278
138279
138283
138302
138306
138314
138321
138322
138324
138328
138334
138422
138435
138447
138491
138505
138587
138617
138665
138668
138839
138845
138863
138892
138894
138916
138934
138973
139020
139028
139085
139129
139195
139205
139212
139257
139272
139274
139314
139410
139436
139468
139495
139532
139576
139581
139620
139621
139634
139659
139733
139735
139791
139801
139808
139812
139816
139832
139876
139888
139914
139936
139955
139968
139988
140028
140064
140071
140123
140148
140155
140162
140177
140188
140210
140248
140255
140262
140282
140284
140338
140348
140349
140360
140362
140363
140364
140366
140387
140398
140443
140458
140487
140545
140576
140585
140586
140588
140607
140623
140643
140645
140650
140654
140655
140656
140661
140674
140675
140758
140759
140765
140766
140772
140773
140777
140809
140835
140855
140865
140909
140979
140995
141001
141020
141069
141118
141120
141173
141180
141183
141184
141212
141216
141225
141229
141246
141254
141256
141282
141330
141381
141439
141471
141509
141595
141625
141647
141651
141662
141691
141708
141716
141727
141757
141798
141806
141822
141826
141830
141831
141843
141849
141855
141857
141869
141905
141944
141964
141982
141998
142044
142063
142067
142090
142104
142122
142126
142127
142134
142137
142160
142164
142170
142171
142184
142209
142280
142324
142342
142344
142352
142365
142366
142367
142369
142385
142387
142419
142445
142471
142481
142484
142493
142495
142499
142519
142590
142607
142636
142638
142646
142657
142667
142714
142764
142806
142821
142826
142835
142837
142842
142863
142981
143020
143051
143065
143085
143091
143097
143139
143189
143241
143242
143248
143280
143308
143309
143317
143320
143327
143372
143386
143406
143425
143474
143481
143496
143520
143537
143561
143576
143579
143595
143619
143659
143662
143677
143683
143708
143776
143823
143827
143993
144058
144089
144116
144125
144146
144150
144160
144176
144215
144265
144292
144327
144329
144333
144348
144454
144474
144547
144555
144579
144618
144663
144665
144682
144690
144695
144772
144773
144777
144779
144826
144872
144881
144962
144972
144973
144986
144991
145015
145098
145150
145156
145174
145176
145206
145211
145220
145230
145234
145273
145318
145329
145367
145392
145401
145405
145407
145441
145450
145458
145509
145515
145567
145570
145575
145606
145634
145717
145720
145862
145868
145886
145896
145897
145898
145976
146009
146019
146024
146026
146036
146054
146080
146157
146158
146246
146291
146298
146308
146319
146325
146326
146337
146339
146396
146438
146446
146475
146504
146505
146541
146565
146577
146582
146633
146657
146718
146742
146776
146779
146790
146848
146873
146883
146889
146925
146952
146994
146997
147039
147053
147073
147168
147199
147209
147236
147237
147262
147295
147325
147348
147380
147407
147414
147416
147457
147460
147511
147517
147534
147542
147554
147569
147612
147678
147681
147710
147720
147735
147752
147756
147759
147804
147847
147852
147858
147862
147886
147892
148000
148002
148017
148019
148099
148135
148174
148177
148208
148231
148238
148268
148288
148315
148347
148357
148358
148359
148376
148411
148428
148482
148494
148577
148592
148602
148637
148645
148646
148649
148664
148667
148724
148734
148746
148760
148777
148788
148796
148814
148818
148853
148881
148925
148927
148949
148958
148966
148977
149023
149112
149194
149220
149221
149225
149227
149259
149293
149298
149344
149345
149346
149358
149361
149413
149459
149527
149624
149747
149757
149813
149868
149869
149873
149874
149887
149889
149958
149971
149975
149983
149984
150002
150130
150133
150156
150197
150232
150309
150315
150318
150324
150343
150398
150430
150435
150474
150503
150598
150608
150614
150659
150670
150720
150730
150735
150748
150757
150793
150820
150829
150837
150911
150938
150976
150995
151067
151172
151212
151230
151269
151270
151277
151294
151312
151372
151384
151386
151401
151509
151522
151547
151625
151647
151669
151690
151692
151705
151715
151726
151739
151810
151822
151825
151877
151886
151930
152009
152014
152040
152053
152069
152082
152092
152102
152117
152164
152203
152246
152293
152294
152308
152412
152436
152495
152657
152685
152850
152857
152876
152947
153067
153128
153148
153161
153164
153211
153213
153314
153317
153349
153369
153414
153474
153478
153494
153523
153531
153552
153563
153567
153573
153587
153602
153611
153619
153646
153654
153664
153704
153723
153743
153764
153792
153809
153862
153864
153865
153878
153886
153890
153895
153897
153932
153954
153960
153997
154005
154031
154036
154041
154072
154116
154150
154151
154155
154161
154191
154200
154248
154258
154274
154275
154281
154292
154405
154406
154412
154415
154441
154510
154564
154593
154629
154630
154645
154693
154726
154781
154820
154859
154876
154894
154919
154944
154947
154973
155026
155033
155047
155086
155127
155130
155131
155145
155161
155190
155194
155218
155250
155254
155260
155264
155291
155297
155337
155377
155397
155415
155418
155442
155462
155470
155530
155562
155566
155633
155744
155745
155748
155793
155794
155832
155902
155947
155956
156010
156051
156067
156088
156144
156146
156147
156153
156177
156185
156202
156304
156325
156386
156396
156412
156438
156509
156563
156609
156620
156655
156662
156700
156714
156744
156777
156816
156838
156917
156947
156983
156987
156998
157007
157034
157041
157044
157064
157067
157079
157139
157189
157227
157247
157248
157252
157287
157389
157462
157465
157471
157478
157511
157513
157520
157524
157575
157585
157590
157594
157596
157599
157667
157674
157726
157731
157768
157786
157792
157793
157810
157813
157814
157818
157857
157879
157906
158004
158010
158048
158077
158096
158131
158137
158160
158230
158237
158313
158331
158348
158372
158379
158481
158525
158527
158533
158550
158636
158641
158643
158647
158661
158737
158757
158786
158798
158817
158843
158853
158911
158924
159016
159020
159026
159037
159040
159050
159070
159179
159187
159216
159230
159234
159250
159279
159310
159332
159333
159335
159369
159424
159434
159514
159561
159613
159653
159655
159697
159724
159750
159782
159796
159825
159831
159845
159983
160025
160042
160054
160056
160110
160123
160151
160160
160236
160237
160251
160266
160273
160345
160370
160409
160507
160582
160601
160620
160649
160669
160679
160693
160700
160827
160832
160841
160912
160954
161035
161079
161109
161114
161122
161134
161147
161250
161279
161309
161311
161374
161391
161407
161437
161474
161482
161501
161541
161655
161662
161707
161711
161715
161731
161733
161735
161747
161779
161804
161806
161823
161826
161828
161881
161884
161893
161958
161987
162021
162112
162134
162145
162147
162167
162224
162269
162272
162297
162301
162374
162378
162402
162413
162442
162514
162524
162550
162582
162588
162590
162606
162618
162642
162681
162711
162716
162790
162833
162848
162865
162889
162892
162909
162910
162931
162974
162994
163031
163073
163144
163170
163175
163177
163179
163182
163199
163345
163364
163409
163414
163438
163448
163460
163500
163514
163520
163525
163664
163696
163714
163736
163741
163756
163802
163814
163862
163908
163920
163950
163952
163967
163997
163999
164014
164037
164044
164054
164057
164066
164091
164107
164126
164189
164216
164229
164240
164250
164258
164279
164348
164385
164387
164410
164429
164434
164468
164477
164501
164512
164585
164609
164618
164634
164636
164648
164656
164657
164682
164686
164717
164728
164743
164747
164754
164757
164793
164856
164860
164911
165040
165179
165188
165197
165299
165320
165327
165330
165361
165378
165385
165388
165398
165404
165460
165469
165529
165551
165567
165568
165583
165585
165592
165596
165603
165624
165649
165651
165684
165691
165713
165731
165745
165747
165750
165757
165759
165764
165807
165836
165865
165896
165901
165903
165968
165971
166021
166026
166050
166116
166133
166156
166174
166207
166269
166271
166329
166337
166353
166355
166366
166382
166391
166426
166440
166452
166469
166475
166482
166494
166518
166572
166579
166618
166627
166642
166682
166690
166705
166710
166718
166721
166723
166728
166746
166800
166835
166856
166859
166898
166904
166925
166930
166935
166982
166989
166998
167017
167034
167047
167053
167068
167124
167162
167171
167174
167177
167181
167215
167230
167315
167361
167369
167370
167382
167404
167416
167417
167514
167526
167559
167612
167617
167630
167645
167655
167663
167686
167698
167719
167727
167736
167750
167753
167756
167779
167787
167802
167911
167937
167956
167962
167981
167984
167992
167993
168070
168075
168116
168199
168201
168228
168239
168262
168271
168317
168358
168361
168377
168384
168392
168395
168396
168447
168512
168530
168609
168611
168618
168622
168625
168754
168789
168805
168830
168836
168892
168925
168942
168977
168978
168979
169027
169033
169085
169194
169263
169269
169301
169364
169373
169401
169414
169431
169434
169466
169474
169512
169513
169518
169524
169532
169539
169543
169611
169616
169686
169710
169717
169725
169728
169743
169750
169755
169767
169781
169823
169825
169849
169909
169944
169947
169977
170008
170072
170074
170111
170132
170169
170194
170199
170216
170271
170298
170348
170365
170494
170562
170631
170666
170706
170765
170774
170792
170794
170804
170805
170815
170820
170838
170844
170871
170879
170889
170893
170902
170922
170932
170981
171129
171170
171188
171189
171242
171318
171325
171328
171362
171404
171409
171464
171475
171482
171495
171536
171590
171629
171631
171643
171657
171684
171718
171746
171747
171756
171772
171781
171784
171802
171811
171819
171873
171924
171944
171972
171989
172025
172039
172044
172066
172102
172184
172202
172209
172254
172266
172304
172309
172314
172321
172323
172329
172348
172354
172355
172359
172372
172374
172401
172417
172418
172439
172488
172494
172533
172566
172573
172589
172624
172643
172650
172656
172659
172660
172662
172699
172707
172756
172758
172771
172797
172828
172844
172854
172856
172860
172891
172897
172912
172920
172990
173046
173088
173138
173185
173196
173204
173220
173255
173271
173327
173335
173347
173351
173366
173371
173386
173402
173416
173453
173470
173471
173490
173494
173533
173578
173592
173618
173636
173703
173705
173717
173759
173836
173841
173842
173913
173929
173984
174008
174026
174041
174061
174072
174073
174098
174152
174154
174168
174202
174206
174232
174233
174246
174275
174282
174299
174305
174312
174381
174391
174412
174497
174521
174531
174562
174578
174589
174658
174688
174787
174812
174816
174826
174841
174850
174852
174905
174930
175007
175016
175027
175029
175036
175044
175045
175107
175110
175112
175114
175120
175164
175175
175207
175244
175276
175308
175317
175319
175321
175382
175458
175535
175551
175563
175588
175603
175612
175615
175620
175650
175652
175692
175706
175727
175736
175737
175774
175807
175828
175834
175860
175876
175881
175916
175926
175978
175990
176000
176027
176028
176029
176036
176069
176077
176100
176102
176167
176174
176200
176203
176286
176312
176373
176382
176416
176447
176481
176483
176644
176661
176673
176680
176727
176759
176775
176795
176808
176835
176851
176896
176913
176918
176956
176979
177047
177063
177073
177084
177110
177123
177134
177141
177143
177151
177158
177250
177294
177302
177303
177355
177380
177390
177427
177446
177539
177549
177567
177571
177636
177642
177695
177739
177764
177767
177771
177775
177776
177777
177843
178090
178095
178176
178203
178208
178243
178258
178266
178286
178297
178337
178386
178390
178396
178457
178496
178524
178565
178575
178577
178589
178594
178620
178640
178672
178712
178770
178779
178794
178824
178826
178842
178881
178923
178944
178956
178957
178959
178984
178992
178996
179031
179058
179077
179130
179141
179144
179167
179214
179264
179272
179275
179301
179378
179386
179406
179414
179433
179438
179456
179467
179479
179497
179502
179510
179528
179532
179594
179657
179674
179709
179713
179714
179733
179751
179792
179802
179811
179818
179831
179837
179838
179904
179908
179918
179924
179952
179954
179962
180036
180078
180089
180094
180099
180129
180135
180139
180147
180149
180157
180163
180178
180218
180244
180251
180265
180279
180283
180354
180431
180489
180503
180571
180669
180743
180751
180768
180784
180786
180796
180806
180819
180862
180890
180897
180929
180931
180942
180971
180979
181009
181048
181052
181101
181106
181123
181201
181236
181237
181246
181351
181355
181376
181421
181505
181513
181517
181552
181556
181566
181575
181613
181673
181692
181708
181713
181714
181750
181785
181786
181839
181849
181851
181854
181901
181940
181945
181950
181983
182010
182055
182062
182075
182106
182133
182150
182155
182189
182230
182233
182248
182258
182340
182353
182443
182474
182490
182561
182565
182572
182580
182621
182623
182638
182748
182845
182896
182913
182918
182948
182989
183001
183008
183015
183017
183031
183032
183045
183093
183121
183127
183135
183187
183188
183261
183279
183306
183335
183338
183344
183375
183390
183392
183415
183430
183442
183471
183473
183504
183524
183529
183530
183537
183543
183544
183558
183572
183593
183600
183638
183648
183707
183709
183753
183765
183826
183838
183907
183934
183962
184055
184103
184111
184149
184198
184240
184246
184255
184287
184313
184408
184424
184444
184468
184480
184481
184484
184487
184507
184521
184534
184596
184646
184652
184662
184675
184690
184699
184709
184712
184814
184817
184818
184891
184903
184935
184937
184942
184943
184945
184957
184996
185001
185007
185024
185148
185153
185154
185162
185176
185178
185186
185195
185220
185241
185242
185306
185326
185362
185439
185447
185466
185470
185502
185505
185516
185518
185546
185566
185576
185578
185650
185775
185793
185809
185828
185835
185836
185873
185881
185883
185900
185908
185918
185920
186026
186034
186053
186149
186160
186247
186286
186301
186304
186305
186321
186377
186425
186432
186455
186487
186522
186547
186581
186584
186692
186695
186738
186776
186785
186841
186848
186863
186865
186877
186904
186906
186917
186952
186959
187008
187025
187045
187078
187089
187098
187138
187148
187171
187292
187317
187319
187321
187350
187351
187357
187374
187504
187511
187523
187531
187547
187624
187632
187639
187661
187722
187723
187735
187751
187771
187788
187822
188002
188009
188014
188036
188043
188058
188064
188105
188113
188143
188146
188168
188230
188232
188233
188280
188308
188323
188327
188343
188346
188470
188482
188547
188570
188576
188593
188627
188639
188662
188681
188682
188683
188714
188744
188772
188786
188787
188809
188837
188881
188891
188895
188896
188912
188921
188922
188924
188959
188999
189032
189041
189049
189050
189052
189055
189057
189095
189104
189117
189124
189125
189156
189163
189181
189215
189216
189275
189302
189316
189341
189367
189391
189459
189461
189465
189489
189502
189505
189507
189521
189522
189528
189552
189581
189631
189633
189655
189658
189709
189732
189742
189775
189801
189804
189809
189853
189861
189874
189897
189898
189935
189942
189945
189959
189990
190024
190031
190058
190062
190087
190102
190113
190126
190153
190188
190297
190302
190311
190329
190333
190360
190366
190370
190372
190399
190401
190405
190420
190422
190423
190426
190435
190436
190450
190473
190490
190495
190499
190502
190505
190511
190530
190535
190573
190583
190591
190592
190677
190771
190776
190782
190839
190874
190889
190905
191019
191032
191051
191100
191126
191130
191137
191169
191280
191289
191296
191304
191307
191326
191329
191332
191333
191338
191391
191450
191456
191463
191516
191625
191651
191756
191764
191773
191798
191816
191846
191861
191862
191886
191961
191962
191965
191975
191981
191999
192013
192062
192142
192190
192213
192240
192242
192252
192305
192309
192335
192352
192425
192464
192499
192523
192524
192526
192527
192529
192564
192618
192620
192622
192687
192689
192692
192694
192724
192737
192746
192774
192778
192791
192802
192816
192900
192915
192924
192928
192930
192964
192974
193025
193061
193099
193100
193110
193177
193198
193212
193222
193223
193236
193248
193267
193275
193293
193298
193314
193318
193385
193427
193429
193461
193484
193485
193488
193500
193533
193548
193559
193577
193587
193594
193608
193638
193641
193662
193675
193677
193679
193736
193755
193813
193856
193862
193891
193902
193907
193931
193932
193936
193937
193947
193990
194004
194019
194024
194030
194034
194101
194205
194209
194238
194241
194245
194280
194312
194327
194389
194394
194408
194415
194467
194483
194487
194502
194790
194886
194942
194959
194964
195054
195100
195125
195143
195184
195224
195249
195265
195271
195347
195361
195371
195394
195463
195490
195495
195532
195535
195536
195542
195548
195551
195633
195645
195648
195677
195689
195695
195735
195772
195854
195860
195865
195868
195878
195955
195969
195981
195999
196009
196011
196017
196030
196057
196082
196085
196096
196119
196128
196154
196184
196186
196223
196226
196248
196281
196294
196295
196298
196318
196320
196329
196336
196340
196352
196369
196399
196402
196406
196414
196438
196447
196465
196467
196472
196513
196519
196520
196521
196535
196537
196552
196555
196662
196708
196729
196771
196783
196799
196811
196822
196892
196911
196919
196920
196923
196942
196955
196958
196991
197013
197026
197034
197043
197054
197065
197121
197156
197180
197239
197250
197255
197293
197320
197323
197332
197343
197352
197358
197363
197388
197401
197422
197427
197468
197490
197499
197545
197552
197556
197593
197596
197597
197607
197617
197621
197643
197648
197662
197664
197676
197690
197698
197705
197706
197719
197754
197776
197782
197784
197793
197796
197812
197876
197879
198049
198053
198092
198108
198121
198138
198164
198167
198213
198220
198252
198285
198303
198326
198335
198340
198353
198374
198376
198377
198404
198409
198425
198449
198484
198495
198533
198570
198586
198592
198593
198603
198666
198667
198693
198717
198720
198727
198729
198756
198770
198810
198833
198847
198849
198878
198891
198899
198902
198927
198978
198981
198991
199038
199054
199120
199141
199153
199163
199218
199228
199229
199268
199276
199281
199317
199323
199330
199336
199367
199368
199372
199386
199394
199480
199488
199544
199583
199589
199602
199613
199622
199643
199677
199759
199819
199822
199876
199925
199926
199930
199941
199971
199997
200031
200046
200053
200114
200142
200175
200213
200239
200264
200318
200320
200325
200333
200351
200376
200402
200436
200480
200502
200572
200576
200662
200671
200674
200680
200688
200691
200736
200749
200790
200840
200849
200852
200869
200895
200964
200972
200973
201002
201043
201104
201173
201185
201216
201255
201336
201341
201347
201352
201354
201395
201396
201405
201407
201431
201486
201576
201600
201618
201642
201772
201774
201827
201840
201860
201868
201878
201889
201898
201903
201906
201928
201969
201970
201971
201973
201995
202028
202043
202075
202148
202155
202164
202188
202309
202349
202402
202429
202472
202474
202501
202510
202532
202550
202556
202564
202573
202593
202599
202634
202636
202726
202727
202760
202780
202793
202813
202827
202851
202870
202874
202912
202918
202923
202941
202944
202959
202967
202977
203003
203005
203012
203026
203048
203052
203060
203062
203079
203081
203083
203128
203129
203130
203136
203155
203177
203279
203377
203452
203502
203516
203561
203641
203659
203677
203704
203728
203736
203737
203747
203755
203764
203765
203771
203775
203780
203784
203798
203840
203846
203908
203912
203915
203917
204003
204007
204024
204036
204078
204080
204114
204131
204173
204248
204261
204277
204344
204347
204348
204361
204373
204400
204426
204456
204458
204462
204510
204556
204570
204613
204708
204862
204874
204883
204958
204980
205074
205076
205142
205176
205267
205277
205295
205321
205383
205398
205406
205431
205438
205441
205448
205463
205474
205491
205495
205561
205579
205586
205649
205656
205720
205727
205790
205850
205866
205867
205873
205901
205912
206070
206073
206080
206083
206084
206088
206125
206126
206175
206204
206213
206269
206271
206304
206375
206390
206405
206426
206434
206452
206523
206603
206623
206649
206771
206838
206843
206856
206859
206894
206895
206908
206911
206913
206918
206921
206937
206944
206975
207004
207024
207125
207130
207165
207167
207170
207176
207180
207206
207280
207294
207316
207317
207342
207363
207376
207428
207436
207442
207469
207524
207529
207537
207542
207543
207545
207560
207579
207593
207596
207651
207688
207795
207824
207828
207837
207846
207864
207899
207909
207925
207935
207944
207956
207964
207976
207980
208004
208083
208100
208102
208115
208116
208129
208138
208155
208165
208172
208185
208219
208302
208355
208361
208370
208379
208406
208453
208486
208517
208529
208538
208539
208547
208548
208557
208566
208592
208594
208605
208609
208654
208673
208689
208771
208797
208849
208891
208898
208911
208916
208953
208963
208993
209041
209052
209059
209108
209143
209161
209163
209207
209246
209309
209350
209356
209376
209445
209478
209482
209520
209551
209556
209576
209594
209600
209626
209660
209775
209802
209810
209822
209878
209889
209895
209905
209932
209974
210019
210042
210050
210072
210094
210097
210116
210132
210177
210201
210206
210212
210304
210305
210306
210308
210360
210375
210379
210392
210401
210467
210473
210478
210482
210483
210537
210546
210547
210551
210578
210616
210632
210663
210677
210701
210744
210747
210751
210778
210800
210815
210821
210824
210825
210827
210848
210860
210861
210927
210952
210956
210961
210992
211007
211040
211042
211049
211059
211065
211069
211086
211121
211134
211154
211167
211195
211221
211261
211291
211295
211339
211357
211391
211462
211491
211545
211550
211558
211580
211582
211588
211590
211591
211659
211708
211714
211754
211864
211870
211920
211951
211982
211997
212026
212088
212089
212090
212173
212178
212240
212258
212321
212325
212336
212339
212462
212473
212503
212536
212586
212627
212650
212659
212693
212723
212734
212752
212755
212853
212860
212875
212946
212961
212991
213047
213060
213065
213068
213070
213118
213153
213154
213155
213167
213244
213282
213285
213305
213327
213334
213340
213434
213449
213467
213477
213504
213507
213511
213588
213599
213664
213691
213693
213742
213755
213794
213821
213830
213832
213837
213853
213857
213867
213872
213876
213886
214065
214102
214155
214177
214198
214271
214315
214318
214324
214357
214376
214377
214413
214474
214475
214510
214548
214639
214655
214717
214801
214805
214808
214835
214838
214869
214877
214885
214951
215006
215033
215065
215096
215101
215189
215210
215212
215215
215222
215287
215294
215305
215306
215323
215333
215336
215517
215530
215566
215624
215625
215638
215694
215717
215725
215740
215752
215762
215767
215779
215824
215829
215852
215860
215861
215865
215866
215871
215893
215901
215904
215916
215971
216051
216059
216107
216108
216141
216144
216163
216179
216187
216206
216214
216219
216223
216226
216230
216234
216237
216248
216257
216272
216290
216292
216294
216297
216310
216344
216374
216389
216394
216470
216496
216506
216519
216529
216535
216587
216594
216598
216703
216854
216929
216954
216972
217053
217061
217063
217109
217126
217197
217221
217249
217302
217326
217327
217335
217339
217375
217380
217390
217398
217399
217437
217450
217456
217457
217519
217549
217593
217611
217641
217678
217700
217725
217758
217767
217773
217795
217814
217832
217840
217879
217932
217934
217943
217966
217985
218007
218020
218051
218119
218154
218259
218343
218372
218391
218393
218497
218525
218544
218606
218610
218739
218751
218781
218803
218832
218844
218853
218863
218933
218935
218963
218972
219027
219048
219097
219110
219130
219192
219218
219221
219274
219293
219299
219303
219316
219337
219343
219363
219367
219381
219394
219461
219498
219501
219506
219510
219600
219657
219663
219680
219699
219781
219807
219822
219833
219851
219908
219954
219955
219985
219997
219999
220001
220013
220032
220033
220055
220063
220072
220103
220120
220143
220145
220164
220186
220193
220222
220223
220235
220264
220270
220297
220322
220332
220335
220354
220451
220475
220486
220498
220526
220543
220549
220594
220598
220604
220675
220684
220703
220758
220774
220809
220814
220817
220851
220855
220927
220961
220970
221048
221068
221079
221108
221130
221147
221154
221170
221173
221198
221219
221249
221263
221366
221370
221394
221406
221445
221448
221458
221465
221477
221500
221502
221573
221616
221655
221694
221701
221736
221749
221799
221808
221824
221884
221933
222017
222032
222033
222039
222060
222068
222074
222095
222119
222136
222172
222186
222199
222215
222239
222251
222263
222272
222280
222310
222317
222321
222341
222377
222382
222387
222399
222432
222442
222463
222465
222492
222503
222506
222511
222514
222528
222529
222534
222569
222622
222627
222632
222642
222661
222694
222726
222755
222797
222807
222820
222831
222839
222922
222929
222980
222986
222991
223012
223026
223052
223071
223083
223140
223186
223205
223229
223244
223246
223247
223248
223250
223252
223258
223265
223382
223461
223486
223494
223514
223534
223565
223584
223597
223666
223668
223693
223701
223705
223722
223728
223767
223801
223803
223814
223828
223832
223833
223848
223854
223855
223858
223899
223933
223941
223943
223974
223992
224071
224101
224119
224155
224207
224273
224362
224419
224514
224518
224613
224617
224643
224663
224672
224726
224740
224744
224801
224802
224830
224835
224856
224895
224907
224915
224923
224936
224958
224986
224996
224997
224999
225001
225007
225008
225016
225086
225104
225120
225128
225161
225170
225180
225225
225237
225288
225301
225354
225358
225364
225365
225387
225389
225393
225406
225446
225454
225473
225501
225561
225627
225629
225639
225653
225668
225686
225696
225716
225805
225856
225858
225871
225939
225948
225961
225963
225969
225971
225975
225980
226007
226075
226113
226127
226135
226203
226213
226237
226246
226281
226286
226287
226358
226373
226426
226461
226464
226503
226576
226601
226603
226648
226671
226697
226709
226715
226750
226797
226835
226847
226906
226910
226944
226974
226986
227007
227020
227026
227039
227042
227074
227148
227156
227189
227197
227217
227332
227382
227393
227416
227421
227432
227446
227452
227459
227464
227476
227477
227516
227523
227567
227595
227662
227673
227679
227702
227719
227723
227728
227750
227767
227773
227920
227924
227949
227959
227961
227997
228015
228016
228196
228199
228204
228209
228243
228254
228337
228393
228400
228428
228481
228565
228600
228634
228644
228718
228724
228728
228732
228736
228750
228753
228768
228780
228782
228792
228796
228807
228844
228867
228868
228870
228897
228898
228915
228935
229060
229079
229202
229203
229242
229258
229293
229298
229305
229311
229313
229327
229339
229340
229380
229385
229390
229479
229486
229494
229495
229508
229605
229626
229634
229689
229701
229729
229731
229767
229830
229839
229841
229919
229973
229975
230003
230012
230071
230077
230086
230087
230116
230118
230150
230196
230246
230309
230310
230316
230327
230341
230353
230364
230393
230399
230438
230445
230446
230447
230472
230484
230638
230673
230674
230697
230699
230705
230732
230787
230795
230814
230834
230841
230853
230861
230869
230871
230873
230891
230949
231000
231005
231029
231036
231082
231132
231137
231140
231185
231188
231204
231213
231233
231271
231382
231384
231415
231427
231428
231429
231445
231568
231579
231580
231582
231583
231671
231777
231784
231813
231873
231938
232023
232068
232075
232080
232100
232126
232166
232172
232188
232199
232237
232262
232309
232321
232339
232345
232399
232457
232459
232491
232601
232606
232680
232729
232746
232754
232756
232774
232833
232883
232890
232898
232902
232928
232973
233046
233068
233101
233348
233387
233435
233475
233506
233610
233614
233624
233674
233675
233682
233747
233810
233812
233863
233883
233889
233894
233931
233947
233953
233973
234033
234074
234094
234117
234118
234134
234145
234187
234190
234230
234261
234301
234319
234327
234352
234378
234404
234466
234473
234481
234543
234644
234652
234653
234666
234676
234684
234705
234722
234732
234786
234789
234821
234837
234910
234934
234937
234955
234964
234965
234975
234976
234992
235087
235096
235107
235111
235114
235147
235148
235160
235163
235181
235183
235190
235211
235218
235249
235299
235329
235332
235376
235378
235379
235380
235382
235385
235418
235427
235461
235469
235470
235476
235483
235491
235523
235530
235562
235588
235624
235641
235705
235710
235728
235757
235782
235831
235912
235960
235961
235978
236012
236037
236042
236060
236075
236130
236141
236154
236186
236210
236218
236235
236254
236285
236307
236310
236312
236378
236395
236408
236410
236501
236524
236546
236566
236667
236705
236731
236743
236746
236797
236876
236902
236917
236994
236999
237010
237013
237086
237095
237096
237182
237199
237246
237281
237297
237298
237300
237321
237386
237404
237418
237424
237428
237449
237461
237515
237516
237566
237572
237576
237624
237635
237641
237668
237695
237719
237731
237750
237752
237759
237771
237797
237915
237940
238006
238012
238021
238030
238034
238036
238038
238084
238090
238106
238110
238166
238189
238303
238311
238375
238396
238397
238402
238410
238436
238501
238502
238543
238547
238566
238615
238621
238627
238628
238638
238640
238642
238651
238656
238659
238681
238683
238730
238738
238743
238782
238794
238831
238833
238887
238897
238925
238961
238991
239076
239084
239177
239266
239287
239308
239370
239371
239400
239433
239451
239462
239473
239543
239558
239560
239569
239576
239583
239598
239604
239612
239619
239628
239632
239638
239669
239786
239796
239850
239863
239882
239928
239937
239952
239988
239991
240023
240026
240032
240044
240056
240075
240084
240115
240118
240128
240145
240151
240168
240303
240306
240317
240334
240369
240406
240485
240516
240525
240530
240590
240624
240699
240700
240703
240714
240718
240724
240730
240752
240756
240783
240856
240942
240952
240993
241006
241012
241048
241096
241126
241160
241202
241215
241252
241342
241352
241366
241384
241403
241416
241433
241471
241500
241506
241508
241509
241511
241512
241529
241530
241546
241548
241549
241604
241606
241615
241628
241633
241643
241648
241661
241668
241672
241709
241725
241736
241745
241754
241781
241806
241825
241828
241873
241884
241941
242008
242059
242102
242114
242137
242144
242150
242267
242274
242340
242446
242479
242532
242545
242560
242598
242604
242648
242652
242655
242823
242824
242873
242877
242940
242943
242947
242949
242956
242964
242982
242986
243001
243020
243097
243103
243119
243138
243140
243144
243153
243176
243252
243274
243296
243328
243368
243400
243401
243472
243500
243504
243557
243558
243589
243617
243622
243656
243658
243684
243709
243710
243737
243753
243767
243769
243781
243797
243801
243814
243846
243851
243852
243857
243859
243862
243864
243870
243874
243884
243893
243907
243935
244008
244228
244278
244318
244342
244393
244434
244437
244484
244503
244531
244540
244576
244577
244635
244676
244678
244695
244699
244732
244736
244741
244765
244771
244787
244819
244838
244859
244876
244901
244906
244927
244941
244963
244967
244981
244983
245005
245012
245040
245049
245074
245083
245087
245097
245120
245123
245160
245188
245206
245209
245224
245232
245257
245289
245306
245316
245354
245387
245413
245479
245521
245529
245536
245541
245549
245566
245605
245621
245659
245699
245738
245777
245788
245863
245878
245896
245934
245941
245944
245945
245960
246015
246019
246023
246025
246062
246071
246117
246129
246183
246188
246197
246261
246265
246268
246275
246282
246302
246313
246356
246434
246449
246455
246458
246459
246555
246596
246597
246617
246636
246640
246657
246694
246700
246721
246730
246736
246758
246766
246773
246804
246827
246838
246847
246892
246907
246949
246950
246965
247019
247042
247047
247074
247121
247146
247172
247203
247236
247240
247241
247246
247290
247305
247426
247441
247450
247467
247505
247518
247574
247601
247605
247622
247637
247640
247665
247668
247714
247742
247757
247783
247785
247789
247868
247928
247940
247946
247953
248020
248028
248043
248055
248071
248136
248139
248241
248250
248251
248282
248303
248325
248328
248336
248363
248383
248427
248443
248462
248474
248517
248632
248642
248649
248676
248697
248698
248713
248729
248746
248748
248755
248800
248875
248933
248946
248983
248995
248999
249003
249034
249072
249114
249121
249134
249135
249152
249159
249174
249178
249197
249198
249204
249209
249212
249214
249223
249225
249260
249267
249290
249305
249324
249357
249434
249481
249491
249492
249495
249513
249544
249546
249563
249570
249575
249594
249607
249610
249612
249661
249663
249688
249737
249756
249758
249782
249799
249803
249829
249882
249892
249893
249896
249898
249899
249901
249904
249906
249916
249935
249942
249959
249974
249998
250006
250010
250015
250036
250039
250045
250048
250050
250098
250153
250154
250160
250189
250191
250196
250206
250232
250254
250342
250350
250361
250364
250365
250390
250401
250416
250417
250426
250430
250431
250439
250440
250443
250445
250481
250486
250516
250598
250602
250603
250621
250623
250638
250677
250733
250747
250797
250813
250819
250848
250851
250865
250881
250882
250885
250905
250907
250916
250918
250940
251024
251064
251079
251091
251138
251182
251218
251225
251237
251271
251280
251281
251288
251307
251318
251326
251332
251348
251378
251402
251419
251421
251428
251462
251468
251530
251542
251544
251553
251559
251576
251586
251600
251605
251632
251667
251691
251709
251711
251712
251740
251758
251785
251798
251800
251842
251845
251856
251857
251914
251917
251931
251940
251946
251966
251983
251991
252005
252048
252058
252107
252116
252119
252163
252166
252209
252219
252233
252260
252281
252298
252315
252318
252322
252334
252371
252373
252377
252382
252383
252406
252430
252583
252597
252627
252660
252666
252672
252689
252729
252766
252769
252777
252778
252780
252784
252793
252796
252817
252837
252841
252893
252916
252940
252976
252983
252996
253036
253040
253045
253049
253058
253076
253080
253083
253095
253100
253116
253180
253189
253206
253220
253222
253266
253278
253288
253314
253342
253348
253364
253371
253376
253427
253457
253502
253552
253565
253566
253609
253632
253633
253640
253642
253645
253647
253652
253698
253710
253734
253785
253787
253799
253800
253805
253811
253859
253866
253885
253891
253898
253925
253992
253995
254023
254030
254042
254071
254073
254097
254149
254156
254187
254198
254277
254296
254302
254342
254343
254344
254350
254353
254371
254444
254446
254457
254505
254523
254526
254546
254560
254562
254616
254617
254673
254702
254717
254753
254757
254768
254770
254771
254773
254779
254786
254793
254798
254799
254805
254809
254823
254827
254843
254871
254907
254918
254922
254951
254959
254977
255016
255051
255060
255131
255213
255219
255225
255279
255295
255302
255327
255351
255359
255370
255371
255380
255381
255389
255391
255392
255399
255414
255471
255479
255505
255511
255513
255516
255548
255550
255572
255573
255603
255606
255607
255635
255715
255753
255789
255805
255849
255859
255867
255876
255893
255908
255910
255959
255964
255973
255979
256003
256004
256046
256170
256181
256207
256242
256252
256267
256271
256272
256295
256319
256325
256329
256373
256400
256438
256494
256510
256511
256517
256565
256577
256584
256589
256605
256622
256638
256680
256681
256685
256700
256710
256713
256723
256766
256794
256821
256833
256841
256842
256854
256855
256866
256867
256868
256873
256913
256914
256948
256954
256955
256958
256971
256974
256985
257019
257020
257045
257052
257090
257103
257110
257124
257127
257133
257136
257149
257150
257163
257176
257183
257195
257218
257221
257236
257254
257257
257261
257295
257310
257312
257325
257336
257339
257342
257382
257392
257420
257424
257427
257428
257446
257451
257469
257528
257622
257634
257638
257639
257644
257662
257676
257688
257693
257698
257699
257705
257717
257727
257733
257754
257769
257772
257780
257788
257790
257800
257814
257828
257843
257845
257849
257858
257859
257870
257875
257878
257914
257932
257938
257974
257990
258011
258030
258056
258065
258081
258116
258133
258137
258142
258148
258172
258227
258248
258278
258287
258289
258306
258345
258346
258395
258464
258470
258519
258546
258552
258582
258617
258657
258673
258689
258768
258797
258803
258820
258821
258847
258914
258915
258923
258934
258990
259012
259024
259058
259076
259078
259129
259131
259208
259211
259258
259268
259275
259292
259295
259308
259314
259336
259339
259356
259360
259409
259427
259450
259473
259518
259525
259533
259562
259590
259598
259674
259700
259727
259729
259735
259761
259808
259809
259816
259877
259878
259882
259918
259957
260003
260046
260086
260099
260105
260122
260152
260155
260156
260166
260198
260211
260216
260250
260268
260328
260335
260378
260415
260440
260467
260490
260497
260516
260560
260562
260578
260579
260647
260656
260659
260660
260668
260752
260813
260823
260837
260862
260874
260902
260924
260942
260973
261028
261066
261074
261081
261126
261150
261154
261189
261262
261306
261309
261310
261313
261316
261319
261382
261463
261477
261485
261486
261510
261516
261537
261538
261585
261625
261673
261690
261719
261745
261762
261772
261846
261847
261848
261851
261857
261861
261867
261875
261892
261909
262077
262143
262149
262161
262193
262212
262215
262217
262231
262301
262302
262376
262388
262411
262476
262484
262511
262526
262542
262601
262607
262608
262616
262622
262627
262630
262636
262647
262716
262720
262747
262760
262770
262774
262783
262806
262826
262834
262852
262861
262864
262878
262884
262915
262951
262982
263047
263056
263070
263083
263085
263088
263089
263119
263169
263204
263209
263228
263236
263253
263266
263276
263294
263337
263386
263404
263420
263421
263431
263473
263497
263514
263533
263534
263535
263539
263547
263557
263558
263563
263566
263572
263589
263590
263592
263605
263634
263662
263698
263720
263723
263724
263735
263741
263767
263774
263790
263860
263891
263903
263936
263969
263981
263991
264002
264017
264047
264060
264081
264115
264121
264125
264126
264132
264154
264179
264222
264225
264273
264290
264377
264388
264402
264407
264423
264522
264542
264543
264548
264551
264554
264560
264570
264572
264575
264577
264591
264601
264628
264629
264646
264678
264680
264686
264698
264722
264725
264726
264758
264761
264877
264879
264883
264902
264915
264920
264927
264932
264935
264936
264964
264990
265009
265042
265149
265212
265213
265220
265230
265238
265239
265254
265262
265274
265276
265280
265304
265316
265317
265322
265338
265379
265482
265496
265499
265523
265532
265537
265553
265567
265598
265599
265602
265619
265632
265636
265645
265728
265729
265730
265746
265853
265910
265915
265921
265958
265970
265975
265990
266001
266012
266017
266029
266037
266040
266048
266051
266054
266060
266143
266152
266170
266176
266254
266296
266441
266448
266467
266470
266487
266511
266533
266565
266600
266608
266615
266624
266665
266699
266700
266705
266711
266775
266777
266821
266837
266855
266866
266906
266997
267043
267077
267081
267116
267145
267149
267163
267186
267193
267211
267227
267341
267348
267451
267455
267459
267465
267466
267497
267591
267593
267599
267619
267631
267800
267806
267828
267885
267887
267956
267981
268007
268033
268057
268065
268079
268108
268143
268144
268157
268160
268218
268241
268272
268273
268277
268326
268335
268339
268343
268347
268359
268371
268380
268381
268383
268385
268387
268391
268393
268402
268405
268416
268417
268434
268456
268463
268472
268480
268490
268492
268493
268511
268538
268636
268650
268665
268750
268751
268753
268756
268797
268800
268817
268860
268868
268890
268916
268923
268938
268952
268973
268979
268988
268995
268997
269046
269100
269126
269134
269167
269197
269207
269208
269218
269224
269244
269262
269310
269327
269349
269351
269362
269368
269408
269425
269441
269444
269477
269492
269509
269513
269516
269531
269542
269615
269625
269628
269635
269641
269694
269702
269704
269752
269767
269776
269785
269790
269794
269809
269810
269816
269817
269826
269834
269835
269866
269880
269882
269916
269922
270021
270055
270070
270112
270124
270127
270140
270149
270170
270176
270190
270217
270219
270223
270257
270278
270289
270344
270362
270377
270378
270412
270483
270485
270492
270536
270558
270567
270620
270644
270646
270651
270671
270702
270727
270762
270766
270784
270788
270858
270859
270888
270950
270957
270978
270999
271001
271020
271031
271046
271055
271114
271174
271175
271177
271179
271194
271216
271218
271219
271226
271271
271280
271350
271357
271381
271396
271411
271428
271454
271468
271469
271477
271480
271506
271528
271532
271585
271641
271645
271721
271733
271768
271776
271778
271780
271792
271800
271837
271840
271845
271889
271975
272013
272047
272062
272069
272191
272214
272230
272275
272277
272286
272288
272302
272309
272358
272420
272426
272437
272479
272491
272573
272578
272587
272605
272684
272771
272777
272781
272784
272789
272809
272832
272842
272862
272864
272869
272915
272917
272946
272951
272958
272973
273023
273029
273046
273053
273063
273078
273106
273159
273172
273203
273215
273220
273222
273225
273232
273234
273274
273360
273381
273401
273414
273451
273455
273458
273464
273467
273468
273482
273498
273519
273523
273525
273529
273530
273531
273537
273539
273541
273544
273550
273581
273592
273610
273666
273673
273683
273685
273687
273689
273691
273708
273714
273755
273775
273793
273800
273820
273862
273864
273866
273873
273914
273950
273992
274004
274053
274055
274112
274138
274155
274159
274161
274171
274208
274209
274215
274222
274244
274285
274287
274290
274298
274303
274306
274307
274364
274370
274373
274462
274464
274468
274469
274519
274539
274559
274601
274609
274612
274613
274714
274716
274760
274793
274807
274812
274837
274863
274888
274908
274922
274936
274937
274964
274974
274979
274990
275046
275064
275101
275103
275107
275108
275160
275178
275193
275223
275225
275258
275264
275300
275314
275330
275338
275339
275403
275442
275452
275492
275497
275514
275538
275622
275653
275667
275725
275734
275747
275752
275760
275777
275779
275798
275812
275817
275820
275826
275851
275881
275910
275941
275944
275950
275980
275987
275992
276013
276014
276016
276064
276066
276088
276103
276108
276110
276112
276113
276131
276142
276152
276200
276226
276299
276322
276327
276328
276338
276356
276442
276443
276445
276473
276482
276488
276493
276515
276547
276583
276586
276598
276602
276613
276618
276620
276682
276762
276772
276779
276786
276787
276799
276801
276815
276865
276879
276886
276899
276900
276903
276910
276928
276950
276971
276977
277003
277030
277032
277033
277066
277073
277079
277113
277115
277129
277173
277305
277307
277309
277322
277334
277371
277404
277405
277476
277510
277515
277552
277577
277590
277592
277640
277656
277687
277692
277696
277717
277730
277756
277765
277772
277773
277779
277780
277783
277804
277813
277821
277848
277904
277908
277991
278018
278021
278022
278024
278032
278050
278054
278067
278104
278137
278145
278151
278161
278163
278179
278235
278243
278247
278250
278256
278263
278279
278315
278316
278381
278430
278435
278465
278466
278474
278475
278477
278496
278515
278549
278565
278579
278580
278581
278584
278586
278587
278623
278648
