307
458
493
621
720
1036
1039
1077
1193
1300
1461
1499
1999
2102
2225
2251
2254
2344
2842
3151
3254
3310
3408
3556
3710
3876
3912
4021
4054
4151
4169
4245
4946
5145
5193
5315
5627
5670
5713
5799
6085
6455
6528
6907
7079
7193
7251
7434
7554
7726
8417
8509
8557
8750
8756
8775
8812
8921
8955
8968
9208
9293
9520
9628
10163
10193
10334
10625
11027
11162
11360
11565
11814
11888
12044
12290
12662
12670
13148
13212
13451
13462
13588
13748
13846
14100
14255
14383
14510
14652
14655
14731
14811
14845
14967
15615
15794
15798
15827
16018
16028
16162
16319
16564
16637
16881
16899
17612
17787
17954
17977
18175
18757
18928
18945
19145
19326
19662
19830
20087
20210
20445
20639
20766
20960
21344
21392
21427
21452
21872
21937
22480
22685
23184
23764
23796
23957
24011
24169
24195
24450
24868
24899
24925
25514
25707
25727
25737
26220
26262
26519
26555
26856
27105
27549
27589
27917
28119
28159
28327
28528
28895
29046
29158
29167
29306
29331
29380
29464
29474
29485
29522
29774
29839
29901
29996
30016
30077
30147
30157
30281
30320
30354
30385
30625
30645
30665
30963
31032
31596
31676
31734
31737
31845
32327
32399
32500
32526
32580
32642
33379
33646
33731
33827
34035
34304
34351
34605
34631
34637
34975
35023
35044
35336
35611
35614
35645
35870
36116
36206
36224
36752
36816
36944
37437
37465
37789
37807
38017
38295
38387
38524
38632
38678
38870
38892
38944
38978
39351
39503
39581
39813
39953
40026
40207
40230
40301
40351
40618
40779
40783
40793
40846
41062
41268
41288
41362
41600
41823
42007
42649
42677
42749
42796
42883
42939
42940
43425
43466
43571
43683
43692
43737
43801
43865
43893
44074
44396
44437
44607
44748
44847
45039
45121
45247
45278
45349
45370
45402
45404
45489
45556
45789
46038
46159
46171
46613
46763
46928
47146
47178
47240
47452
47581
47810
48000
48118
48125
48214
49047
49078
49106
49189
49524
49531
49637
49638
49664
49886
50085
50148
50484
50504
50518
50542
50886
51200
51211
51273
51283
51423
51675
51682
51740
52106
52183
52188
52198
52611
52617
52736
52979
53777
53834
53934
53988
54269
54287
54343
54375
54574
54600
54871
54955
55106
55219
55234
55477
55675
55726
55809
55819
55894
55979
56081
56107
56126
56255
56298
56311
56465
56474
56695
56756
56923
57057
57145
57197
57256
57400
57597
57750
57794
57938
58096
58102
58153
58166
58356
58373
58494
58509
58690
59034
59174
59438
59440
59517
59620
59842
59858
60111
60138
60143
60209
60648
60700
60782
60847
60852
60902
61030
61211
61433
61449
61546
61906
61932
61994
62020
62047
62122
62141
62181
62556
62599
62898
63065
63111
63148
63162
63218
63516
63551
63582
63585
63992
64226
64353
64542
64825
64934
65098
65111
65278
65304
65487
65748
66027
66161
66408
66508
66537
66675
66716
66744
66956
67022
67128
67230
67521
67688
67791
67812
67920
68229
68307
68629
68634
68707
69038
69140
69216
69259
69337
69592
69880
70036
70138
70294
70575
70667
70751
70758
70830
70955
71183
71283
71320
71398
71472
71782
71849
71854
72133
72139
72165
72185
72345
72651
73085
73317
73593
73594
73852
73877
73896
74058
74150
74515
74546
74566
74834
74885
75221
75509
75515
75871
76475
76534
76655
76686
77019
77023
77094
77100
77180
77278
77398
77452
77669
77698
77721
77738
77836
77889
77951
78360
78376
78441
78560
78622
78756
79399
79408
79540
79750
80053
80298
80594
80732
80834
81008
81204
81269
81485
81822
81909
82294
82407
82479
82493
82590
82822
82932
82949
83151
83195
83228
83351
83355
83416
83435
84174
84301
84387
84421
84531
84619
85268
85356
85441
85486
85686
86061
86154
86279
86469
86564
86772
86781
86997
86999
87186
87190
87192
87323
87375
87544
87724
87910
88078
88243
88368
88447
88504
88513
88568
88640
88931
88986
89115
89158
89213
89395
89420
89454
89465
89466
89681
89901
90176
90271
90357
90377
90746
90857
91030
91308
91542
91828
92383
92513
92553
92559
92579
92642
92799
92807
92878
93031
93143
93253
93319
93337
93866
93891
94443
94896
95073
95185
95430
95452
95463
95467
95509
95548
95635
96262
96343
96374
96475
96698
96735
96736
96864
97374
97603
97630
97657
97659
97698
97803
97896
98167
98454
98495
98673
98678
98758
98783
98988
98990
99048
99064
99261
99267
99382
99511
99513
99614
99620
99865
100116
100124
100141
100792
100795
100823
101070
101340
101619
101739
102000
102040
102097
102368
102442
102558
102671
102693
102698
103059
103322
103531
103647
103660
103792
103829
103939
104009
104054
104275
104291
104298
104345
104431
104782
104804
104823
105030
105145
105193
105255
105575
105836
106275
106346
106558
106620
106636
106811
107010
107106
107143
107198
107490
107561
107714
107857
108094
108121
108149
108376
108839
108857
108967
109007
109472
109622
109664
109708
109757
109886
110328
110447
110499
110562
111123
111158
111217
111255
111266
111309
112277
112295
112307
112628
112949
113371
113740
113745
113789
113939
114007
114464
114508
115222
115233
115486
115504
116056
116090
116604
116632
116645
116876
116896
116943
117034
117088
117089
117141
117144
117310
117337
117386
117697
117978
118882
118894
119029
119059
119189
119371
119694
119911
119942
120044
120429
120458
120489
120893
120978
121161
121234
121454
121466
121478
121568
121717
121864
122012
122238
122249
122421
122579
122828
122830
122839
123067
123096
123167
123176
123266
123310
123326
123335
123605
123683
124025
124336
124383
124386
124388
124413
124571
124633
124817
125001
125146
125227
125295
125432
125448
125540
125969
125978
126037
126071
126254
126710
126732
126815
127126
127143
127342
127462
127495
127514
127595
127596
127606
127651
127792
127823
127853
127900
128026
128122
128274
128337
128366
128386
128421
128434
128445
128473
128805
128983
129003
129115
129438
129714
129728
129747
129793
129905
129952
130033
130059
130288
130396
130459
130602
130702
130838
130932
131165
131214
131472
132136
132202
132207
132220
132354
132780
132833
132857
132926
133143
133178
133796
134068
134107
134471
134483
134515
134844
134990
135062
135226
135269
135434
135561
135984
136172
136180
136191
136326
136380
136394
136426
136669
136685
136693
137105
137149
137176
137259
137365
137402
137463
137506
137884
137908
137945
138096
138102
138250
138274
138293
138318
138387
139034
139250
139366
139421
139527
139607
139689
139772
139853
140065
140208
140959
141085
141199
141213
141218
141284
141390
141600
141863
142051
142107
142131
142138
142168
142173
142187
142489
142573
142865
143137
143155
143364
143385
143399
143571
143621
143641
143939
143940
144409
144635
144664
145245
145310
145321
145798
145840
145944
146264
146466
146559
146634
147069
147446
147530
147572
147907
148043
148176
148454
148721
148794
148890
149061
149331
149541
149572
149634
149800
149861
149945
149968
150994
151730
151755
151768
151875
152112
152156
152264
152498
152569
152619
152641
152851
152865
153078
153159
153197
153651
153661
153825
154193
154291
154402
154610
154762
154778
154824
154941
155107
155109
155123
155141
155255
155274
155298
155407
155438
155872
156025
156040
156427
156710
156759
156863
157096
157254
157461
157521
157545
157925
157990
158034
158122
158291
158523
158714
158733
158807
158844
158884
159003
159059
159231
159362
159366
159400
159784
160413
160424
161078
161263
161410
161495
161509
161551
161730
161740
161925
162157
162755
162842
163039
163641
163901
164029
164117
164268
164302
164595
164638
164681
164713
164740
164748
164933
165234
165271
165540
165542
165648
165782
165960
166203
166264
166322
166568
166731
167043
167104
167154
167262
167530
167716
167775
167887
168066
168194
168500
168627
168659
168773
168797
168956
168988
169019
169039
169242
169283
169420
169683
169788
170029
170168
170389
170478
170552
170582
170710
171278
171420
171443
171647
171753
171872
172230
172335
172390
172934
173090
173147
173216
173400
173458
173561
173796
173964
174032
174173
174285
174900
175060
175108
175119
175492
175597
175602
175728
175911
175922
176023
176061
176664
176840
177016
177094
177239
177271
177378
178069
178166
178348
178482
178569
178571
178604
178607
178689
178766
178887
179036
179089
179106
179120
179153
179220
179305
179440
179643
179695
179766
179851
179900
180037
180107
180168
180224
180414
180451
180661
180712
180805
180831
180881
181035
181083
181278
181307
181526
181562
181571
181643
181718
181899
181984
181987
182065
182199
182343
183175
183332
183539
183619
183672
183946
184049
184190
184225
184273
184336
184413
184489
184651
184979
185452
185474
185507
185767
185952
185962
186027
186039
186140
186148
186192
186540
186655
186898
187094
187141
187156
187293
187323
187404
187536
187880
187942
188018
188068
188203
188345
188361
188450
188849
189042
189251
189315
189578
189615
189693
189768
189881
190007
190050
190085
190238
190267
190723
190903
190971
191085
191110
191322
191532
191743
191867
191942
191959
192020
192152
192272
192363
192420
192507
192686
192955
193235
193284
193335
193389
193523
193768
193825
193894
194254
194266
194351
194511
195051
195076
195115
195667
195744
195794
195983
196034
196046
196267
196323
196507
196528
196587
196602
196624
196634
196682
196800
196850
196953
196987
197360
197425
197448
197618
197703
197748
197774
197778
197897
197914
198077
198199
198244
198270
198274
198298
198331
198468
198980
199129
199272
199380
199402
199411
199590
199651
199800
199859
200093
200139
200295
200729
200754
200763
200769
200815
200945
201644
201652
201920
201940
202214
202377
202568
202613
202861
202862
203109
203189
203337
203360
203472
203647
203662
203795
204089
204187
204292
204343
204471
204519
204604
204936
205382
205394
205869
205871
206024
206045
206113
206133
206195
206200
206221
206315
206562
206987
207122
207249
207618
207874
207927
207997
208079
208101
208107
208383
208424
208546
208551
208968
209015
209023
209025
209051
209488
209680
209733
210018
210313
210449
210599
210659
210661
210786
210823
210857
211110
211241
211297
211343
211571
211587
211756
211763
211779
212245
212464
212529
212622
212725
212877
213076
213166
213422
213734
213847
214101
214199
214398
214572
214683
214752
214939
214950
215248
215422
215465
215533
215693
215745
215747
215749
216018
216081
216104
216157
216203
216217
216254
216263
216824
217013
217095
217121
217674
217771
217794
217805
217835
217883
217908
217954
217974
218303
218315
218385
218424
218450
218493
218603
218719
218815
218932
219035
219178
219398
219548
219627
219715
219812
219860
219874
219920
220019
220040
220099
220132
220185
220483
220778
220807
220823
220917
221075
221342
221360
221459
221697
221765
221804
221828
221851
221852
221987
222008
222135
222174
222214
222218
222313
222371
222623
222995
223184
223214
223476
223609
223820
223898
223976
224069
224184
224216
224289
224464
224542
224788
224848
224894
224993
225031
225107
225113
225248
225272
225530
225549
225572
225715
225987
226437
226533
226642
226645
226703
226964
226983
227010
227096
227161
227164
227405
227408
227445
227466
227740
227957
227971
228075
228100
228158
228173
228303
228366
228597
228666
228817
228987
229031
229057
229063
229259
229613
229758
229807
230417
230598
230745
231109
231157
231796
231855
231969
232002
232059
232160
232173
232208
232587
232659
232792
232840
233158
233278
233441
233585
233652
233752
233880
233884
234149
234334
234499
234518
234524
234647
234670
234773
234776
234795
234831
234863
235173
235230
235254
235374
235375
235377
235431
235756
235792
235817
235865
235936
236189
236399
236425
236485
236528
236659
236704
236720
236773
237063
237129
237154
237575
237713
237744
237835
237965
238728
238731
238858
238963
239171
239186
239296
239508
239595
239667
239679
239694
239802
239852
239900
239978
240076
240080
240206
240287
240301
240304
240403
240421
240512
240933
241522
241678
242011
242023
242197
242268
242475
242920
242937
243406
243425
243456
243718
243837
243934
244024
244093
244122
244145
244298
244341
244354
244463
244729
244962
245027
245090
245151
245263
245303
245356
245406
245600
245919
246058
246064
246171
246338
246551
246707
246761
246904
247052
247421
247551
247562
247697
247955
248009
248142
248393
248419
248645
249157
249296
249399
249539
249781
249891
250027
250082
250114
250353
250358
250394
250414
250536
250562
251130
251240
251301
251304
251309
251479
251534
251591
251933
252145
252167
252252
252345
252370
252380
252591
252700
253104
253112
253248
253265
253296
253648
253676
253754
254093
254541
254545
254633
254647
254667
254719
254782
254886
254981
256038
256066
256238
256254
256287
256304
256327
256359
256384
256444
256475
256567
256776
256847
256978
256988
257087
257179
257268
257346
257464
257466
257540
257848
257948
257954
258014
258661
258664
258745
258798
258840
258900
258950
258982
259164
259195
259245
259270
259403
259887
259913
260088
260269
260324
260374
260630
260724
260893
260930
260937
260954
260964
261180
261715
261735
261748
262035
262213
262252
262292
262314
262646
262777
262868
262879
262912
262923
262999
263102
263105
263434
263449
263461
263536
263537
263627
263708
263719
263729
263746
263847
263950
263958
264056
264124
264143
264192
264242
264332
264582
264778
264802
264947
265208
265246
265270
265552
265586
265615
265815
265989
266004
266015
266274
266420
266774
266780
266795
267036
267044
267096
267103
267129
267275
267305
267347
267637
267804
268128
268216
268225
268363
268373
268457
268477
268499
268779
268814
269124
269217
269604
269650
269753
269766
269849
269873
269877
269890
269926
270058
270150
270455
270497
270528
270653
270726
270816
270911
271004
271101
271120
271173
271332
271496
271523
271549
271582
271719
271805
272081
272391
272580
272697
272714
272922
272931
272948
272970
273176
273487
273590
273631
273679
273701
273902
273956
274246
274255
274299
274309
274375
274604
274650
274713
274876
274882
275155
275156
275161
275417
275499
275704
275711
275726
275854
275892
275972
276000
276010
276098
276120
276339
276484
276589
276594
276813
276818
276962
277054
277154
277318
277337
277367
277669
277784
277805
278062
278132
278160
278201
278262
278356
278413
278429
278437
278461
278519
278572
278583
278618
