26
282
306
307
460
493
621
720
925
1036
1039
1193
1300
1725
1901
1932
1979
1999
2202
2344
2392
2842
2943
3116
3198
3254
3414
3701
3742
3836
3912
3983
4021
4054
4085
4105
4151
4155
4159
4167
4230
4238
4245
4316
4421
4675
5032
5145
5193
5315
5445
5627
5649
5670
5692
5799
5858
6234
6305
6454
6528
6855
6907
7214
7251
7286
7411
7434
7554
7702
7726
8042
8366
8417
8557
8600
8684
8750
8756
8759
8775
8931
9050
9131
9208
9253
9293
9341
9378
9520
9736
9769
10193
10328
10334
10338
10436
10488
10489
10512
10563
10626
11027
11126
11162
11814
11820
12044
12257
12258
12318
12423
12662
12835
12846
12990
13201
13204
13209
13212
13379
13426
13451
13462
13732
13748
13846
13864
13912
13915
14138
14230
14300
14333
14383
14510
14652
14655
14692
14731
14776
14820
14845
14897
14967
15066
15501
15615
15722
15794
15949
16028
16137
16162
16258
16314
16319
16559
16564
16881
17182
17538
17554
17570
17768
17954
17977
18175
18388
18407
18512
18519
18757
18945
19081
19145
19396
19830
19957
19961
19988
20058
20087
20129
20171
20198
20252
20639
20766
21030
21344
21370
21418
21452
21567
21678
21905
21915
21928
21937
21953
22360
22389
22480
22685
22927
23184
23743
23764
23796
24011
24012
24048
24132
24169
24450
24501
24692
24868
24899
24925
24971
24983
25110
25514
25707
25727
25737
25840
25866
26257
26555
26642
26669
26754
26925
27049
27105
27123
27125
27589
27652
27917
27929
28308
28441
28750
28778
28895
29046
29062
29158
29209
29233
29249
29306
29331
29370
29380
29464
29486
29522
29774
29901
29932
29996
30015
30147
30277
30281
30297
30320
30354
30572
30625
30703
30752
30833
30935
30952
30963
31200
31223
31393
31464
31522
31676
31694
31696
31737
31739
31813
31950
32321
32327
32399
32426
32500
32526
32580
32642
33030
33042
33379
33571
33731
33752
33953
34003
34035
34351
34605
34795
34879
35023
35044
35062
35336
35387
35599
35611
35645
35937
35966
35979
36116
36206
36270
36369
36428
36537
36752
36816
36976
37437
37465
37527
37665
37716
37807
37902
37963
37973
38017
38295
38357
38364
38387
38524
38559
38632
38678
38870
38892
38944
38978
38995
39186
39197
39294
39351
39503
39581
39813
39919
39936
40026
40207
40257
40282
40301
40351
40618
40779
40783
40793
40846
40957
41062
41119
41288
41362
41406
41600
41641
41698
42053
42287
42587
42601
42606
42649
42788
42883
42940
43030
43038
43293
43425
43438
43456
43466
43571
43572
43683
43692
43778
43801
43834
43865
44074
44217
44240
44288
44396
44427
44581
44607
44748
44847
44981
44990
45039
45084
45121
45247
45282
45307
45337
45364
45370
45392
45398
45404
45441
45489
45556
45773
45789
45796
45948
45958
45997
46038
46171
46278
46431
46572
46613
46650
46763
46858
46888
46928
47146
47162
47178
47299
47440
47498
47581
47810
47858
48118
48125
48178
48214
48898
48953
48954
49047
49078
49106
49189
49265
49596
49627
49664
49676
49733
49886
49913
49979
50006
50031
50085
50116
50148
50162
50192
50340
50419
50431
50449
50518
50542
50600
50783
50998
51007
51025
51233
51283
51364
51423
51675
51682
51685
51740
51939
52048
52106
52183
52212
52370
52491
52504
52599
52611
52617
52732
52736
52979
53146
53394
53777
53834
53851
53934
54192
54248
54269
54343
54375
54574
54600
54668
54674
54871
54955
55018
55106
55284
55316
55675
55713
55726
55821
55894
55921
55950
55955
55979
56008
56043
56081
56084
56138
56142
56255
56298
56310
56311
56345
56450
56465
56474
56532
56675
56687
56695
56923
57057
57070
57145
57256
57400
57425
57597
57637
57662
57750
57794
57880
57938
57979
58153
58191
58373
58494
58670
58690
59034
59438
59517
59537
59828
59842
60111
60143
60270
60782
60808
60847
60902
61030
61141
61233
61252
61433
61464
61546
61569
61680
61784
61906
61959
61994
62020
62122
62141
62181
62329
62474
62483
62898
62984
63030
63065
63148
63162
63516
63582
63585
63618
63637
63860
63991
63992
64068
64226
64351
64353
64497
64542
64549
64749
64913
64934
64979
64983
65068
65111
65159
65169
65278
65304
65381
65664
65895
65937
66027
66161
66163
66302
66312
66408
66614
66731
66734
66744
66807
66956
67151
67159
67230
67410
67521
67790
67791
67812
67920
67988
68244
68262
68307
68367
68535
68629
68634
68658
68707
68824
68865
68980
69038
69135
69140
69216
69259
69294
69337
69382
69391
69429
69592
69609
70012
70036
70113
70138
70252
70294
70751
70758
70848
70960
71013
71049
71183
71283
71289
71320
71338
71472
71782
71800
71849
71854
72133
72139
72165
72183
72289
72388
72999
73063
73317
73411
73443
73448
73593
73594
73877
73896
74080
74129
74312
74357
74515
74546
74566
74885
75102
75136
75221
75509
75515
75579
75726
75852
75871
76112
76191
76199
76316
76448
76475
76513
76534
76686
77019
77023
77058
77100
77212
77358
77398
77407
77452
77610
77643
77649
77669
77698
77721
77738
77740
77762
77799
77836
77887
77889
77947
77951
77996
78068
78321
78335
78360
78376
78441
78476
78542
78560
78756
78809
79523
79540
79745
79940
80053
80071
80378
80594
80688
80732
81008
81018
81097
81204
81345
81485
81759
81822
81909
81918
82061
82294
82308
82324
82407
82479
82590
82727
82822
82932
83116
83151
83195
83228
83355
83416
83435
83490
84301
84307
84421
84531
84976
84980
85326
85356
85441
85486
85632
85635
85686
85727
85784
86043
86046
86061
86279
86401
86475
86552
86689
86757
86772
86776
86781
86880
86960
86997
86999
87139
87190
87192
87358
87375
87544
87724
87748
87910
88078
88193
88243
88368
88416
88432
88513
88568
88583
88640
88810
88931
88986
89115
89213
89259
89319
89386
89420
89454
89466
89475
89477
89512
89596
89681
89772
89901
89902
90168
90176
90357
90514
90649
90711
90712
90746
90763
90857
91030
91157
91166
91298
91308
91723
92261
92513
92553
92559
92579
92642
92799
92878
92901
92982
93253
93316
93319
93337
93368
93604
93804
93859
93866
93891
94007
94269
94443
94454
94470
94542
94596
94896
94929
94931
95074
95151
95185
95251
95371
95412
95430
95463
95467
95488
95498
95503
95560
95583
95868
95898
95917
95955
95991
96007
96094
96162
96262
96271
96343
96374
96463
96475
96648
96698
96728
96735
96736
96786
96787
97495
97576
97603
97657
97664
97682
97717
97803
97896
98160
98366
98454
98490
98491
98495
98532
98607
98617
98673
98758
98860
98933
98988
98990
99015
99048
99094
99103
99247
99261
99267
99438
99511
99614
99620
99655
99865
99900
100036
100116
100124
100141
100358
100363
100371
100795
100973
101183
101440
101619
101796
101859
102040
102097
102425
102442
102443
102558
102693
102698
102762
102898
103059
103531
103562
103647
103660
103663
103682
103737
103792
103829
103929
103939
103950
104009
104028
104054
104243
104275
104291
104321
104338
104345
104348
104360
104431
104442
104549
104727
104804
104949
104970
105030
105145
105193
105239
105255
105310
105436
105453
105575
105659
105673
105748
105836
105851
105869
105990
106275
106524
106558
106585
106636
106690
106920
106988
107054
107076
107106
107130
107140
107158
107198
107210
107439
107490
107540
107561
107714
107852
107857
107969
108035
108130
108149
108168
108376
108421
108623
108677
108769
108839
108857
108967
109204
109472
109583
109622
109654
109757
109886
109896
110104
110328
110339
110447
110499
110514
110562
110576
110790
110842
111031
111082
111106
111137
111156
111255
111262
111309
111323
111329
111434
111637
111787
111942
112019
112049
112060
112277
112295
112307
112354
112399
112628
112792
112828
112837
112870
112926
112949
113371
113412
113447
113522
113691
113740
113789
113810
113818
113939
113997
114007
114027
114189
114219
114232
114273
114545
114546
114636
114712
114744
114808
114904
115104
115233
115486
115500
115504
115573
115722
115923
116056
116098
116118
116119
116122
116306
116454
116495
116514
116554
116604
116632
116645
116876
116896
116943
117034
117056
117088
117089
117207
117240
117310
117347
117434
117451
117505
117525
117925
117978
118021
118375
118679
118693
118791
118894
118986
119000
119029
119059
119090
119102
119270
119371
119423
119474
119694
119766
119898
119911
119942
120044
120048
120228
120326
120489
120576
120633
120840
120893
120896
121161
121290
121454
121466
121478
121568
121606
121717
121923
122012
122061
122112
122158
122238
122249
122313
122421
122579
122581
122828
122839
123034
123065
123067
123165
123166
123167
123326
123335
123373
123527
123605
123622
123639
123683
123737
123757
124017
124178
124336
124383
124388
124413
124477
124571
124631
124633
124817
124866
124871
124877
125146
125192
125227
125269
125432
125448
125668
125931
125978
126254
126269
126443
126708
126710
126732
126764
126815
126928
127143
127163
127226
127249
127453
127462
127495
127595
127596
127606
127651
127853
127900
128026
128074
128111
128122
128146
128206
128274
128319
128366
128421
128434
128462
128473
128517
128586
128704
128805
128967
128983
129003
129115
129223
129438
129547
129678
129747
129905
130033
130059
130088
130220
130391
130396
130428
130459
130602
130632
130702
130837
130838
131008
131159
131165
131214
131393
131472
131706
131949
132101
132108
132136
132202
132207
132220
132236
132484
132761
132776
132833
132857
132926
132990
133143
133178
133179
133305
133318
133406
133489
133590
133796
133890
134211
134216
134349
134463
134483
134507
134515
134579
134844
134990
135060
135062
135140
135170
135226
135245
135247
135269
135305
135316
135329
135412
135434
135471
135505
135661
135684
136072
136098
136170
136326
136380
136394
136426
136669
136685
136706
136780
137030
137048
137063
137149
137174
137176
137259
137260
137264
137296
137365
137402
137463
137506
137884
137907
137909
137920
137945
138102
138293
138318
138387
138521
138538
138715
139034
139055
139170
139485
139689
139772
139780
139825
139845
139853
140065
140208
140359
140389
140432
140621
140959
140972
141085
141218
141238
141284
141401
141604
141646
141809
142040
142051
142098
142107
142115
142132
142138
142167
142168
142173
142187
142270
142348
142573
142729
142748
142825
142831
142865
143137
143144
143364
143383
143385
143399
143444
143541
143571
143600
143641
143657
143939
143940
144056
144409
144635
144664
144693
145078
145189
145193
145226
145310
145321
145461
145683
145798
145840
145944
145955
146042
146254
146318
146369
146431
146466
146634
146708
146738
146821
146849
147019
147069
147260
147338
147446
147530
147532
147572
147765
147843
147887
148012
148176
148220
148454
148721
148868
148890
149063
149331
149373
149572
149605
149634
149800
149858
149861
149968
150055
150287
150293
150303
150341
150451
150599
150661
150705
150725
150792
150975
150994
151086
151273
151410
151418
151723
151730
151762
151764
151768
151820
151875
152156
152264
152641
152851
152865
153078
153163
153167
153197
153333
153651
153750
153825
153928
153981
154153
154188
154193
154203
154247
154295
154400
154402
154610
154614
154762
154778
155107
155109
155123
155144
155168
155201
155255
155274
155298
155407
155733
155755
155788
155872
156025
156040
156314
156335
156340
156433
156710
156759
156863
156938
157140
157232
157291
157521
157545
157569
157581
157925
157939
157990
158034
158122
158291
158330
158471
158705
158714
158782
158807
158844
159003
159124
159231
159251
159356
159362
159366
159400
159520
159679
159784
159835
160202
160239
160348
160363
160413
160424
160438
160496
160516
160711
160781
161029
161078
161148
161224
161318
161410
161495
161509
161551
161574
161730
161740
161766
161904
161925
161927
162755
162771
162842
163094
163117
163442
163641
163750
163934
163956
164013
164029
164117
164218
164253
164268
164302
164422
164430
164595
164691
164708
164713
164740
164843
164878
164974
164984
165181
165225
165234
165271
165313
165381
165510
165542
165572
165648
165736
165782
165930
165960
166160
166198
166203
166226
166264
166322
166379
166578
166595
166660
166731
166768
166836
166839
166953
166979
167104
167262
167530
167541
167557
167775
167887
168101
168161
168194
168390
168478
168485
168500
168627
168655
168729
168773
168797
168956
168986
168988
169019
169055
169218
169275
169283
169315
169351
169420
169625
169683
169788
169904
170017
170103
170168
170180
170389
170478
170485
170552
170582
170644
170710
170753
171027
171168
171278
171316
171321
171420
171647
171660
171766
171872
171978
172034
172073
172205
172230
172279
172298
172335
172524
172772
172778
172870
172888
172896
172934
173090
173147
173183
173216
173396
173400
173447
173561
173711
173796
173859
173867
173964
174032
174034
174086
174137
174173
174285
174296
174552
174692
174730
174754
175008
175028
175060
175115
175119
175280
175421
175597
175602
175671
175728
175875
175911
175922
175928
176023
176061
176664
176770
176997
177016
177085
177316
177378
177486
177513
177720
177879
178026
178166
178185
178348
178420
178482
178569
178571
178604
178607
178654
178682
178689
178766
178833
178889
178990
179003
179018
179089
179106
179110
179120
179178
179220
179305
179612
179629
179695
179766
179851
179900
179907
180037
180107
180224
180491
180606
180661
180711
180712
180805
180831
180845
180881
181035
181064
181083
181195
181278
181356
181526
181562
181571
181579
181621
181660
181704
181718
181899
181969
181984
181987
182065
182199
182343
182404
182405
182470
182583
182686
182806
182981
183175
183233
183266
183300
183302
183337
183396
183539
183619
183672
183685
183796
183946
184049
184174
184225
184253
184273
184340
184489
184641
185029
185265
185280
185507
185644
185750
185788
185794
185816
185952
185962
186012
186027
186037
186086
186148
186152
186290
186393
186465
186540
186654
186655
186672
187094
187141
187156
187229
187280
187323
187404
187502
187503
187536
187764
187923
187942
188018
188068
188114
188203
188345
188348
188358
188361
188391
188408
188494
188631
188849
189003
189029
189074
189116
189172
189260
189315
189482
189556
189574
189578
189615
189693
189733
189768
189881
190007
190210
190315
190320
190327
190432
190508
190579
190609
190669
190717
190723
190799
190892
190903
190959
190971
191322
191532
191621
191668
191743
191867
191942
191959
191963
191978
192020
192084
192152
192177
192243
192363
192398
192507
192651
192686
192721
192807
192809
192867
192884
192901
192944
192955
193057
193169
193235
193284
193340
193467
193486
193523
193525
193640
193768
193828
193852
193894
194249
194254
194266
194351
194353
194401
194420
194456
194511
194749
194965
195051
195076
195131
195295
195667
195717
195721
195744
195794
195890
195905
195951
195983
196034
196046
196048
196323
196433
196587
196602
196624
196634
196850
196973
196987
197360
197579
197618
197703
197717
197734
197748
197773
197774
197778
197838
197897
197979
198041
198077
198162
198244
198270
198274
198278
198331
198392
198422
198468
198564
198602
198626
198677
198755
199029
199129
199301
199329
199373
199380
199411
199413
199472
199504
199580
199648
199651
199699
199850
199859
200048
200295
200470
200612
200704
200729
200754
200763
200815
200855
200904
200926
200945
201065
201261
201478
201522
201557
201607
201644
201652
201735
201801
201817
201885
201940
202038
202054
202194
202214
202265
202317
202350
202568
202613
202694
202733
202828
202861
202954
202968
203046
203135
203181
203189
203300
203337
203442
203472
203543
203562
203646
203647
203662
203779
203887
203916
203921
204077
204292
204471
204472
204519
204604
204936
205835
205869
205871
205872
205950
206024
206045
206061
206113
206133
206195
206200
206315
206562
206594
206683
206824
206987
207618
207794
207812
207825
207826
207874
207905
207927
207997
208079
208107
208113
208206
208301
208383
208424
208546
208550
208729
208892
208939
208968
209015
209023
209025
209040
209051
209128
209136
209416
209733
209779
209781
209897
210037
210152
210256
210291
210313
210356
210357
210443
210449
210469
210500
210661
210664
210822
210823
210857
210914
210962
211110
211241
211297
211343
211587
211756
211763
211772
211779
211800
211877
211899
211963
211999
212171
212245
212273
212293
212419
212529
212621
212622
212725
212737
212768
212812
212877
213015
213147
213166
213189
213227
213263
213290
213422
213602
213615
213734
213840
213847
213895
213898
214095
214101
214199
214246
214292
214435
214541
214683
214923
214950
215004
215187
215248
215276
215309
215533
215665
215689
215693
215698
215745
215747
215844
215940
216003
216018
216081
216089
216104
216157
216160
216203
216254
216263
216672
216673
216804
216820
217013
217095
217121
217146
217325
217365
217387
217619
217883
217908
217991
218190
218264
218315
218385
218389
218424
218450
218556
218603
218620
218628
218794
218815
218928
218932
219035
219151
219290
219310
219313
219398
219548
219627
219715
219777
219790
219812
219849
219858
219860
219870
219872
219890
219931
219947
219992
220040
220099
220117
220242
220363
220438
220592
220623
220672
220745
220778
220823
220981
220990
221058
221075
221342
221360
221670
221697
221804
221828
221852
221987
222008
222135
222174
222187
222204
222214
222218
222313
222337
222371
222421
222517
222623
222768
222802
222822
222859
222995
223171
223209
223214
223243
223321
223609
223664
223714
223780
223898
224069
224184
224216
224289
224290
224399
224464
224632
224678
224714
224848
224894
224951
224993
225029
225039
225043
225113
225171
225189
225272
225441
225530
225549
225572
225652
225689
225715
225850
226193
226437
226533
226642
226682
226703
226739
226964
226983
227010
227096
227137
227154
227164
227381
227404
227405
227408
227466
227478
227568
227625
227740
227817
227941
227957
227971
228075
228158
228173
228251
228303
228401
228568
228597
228765
228805
228817
228932
229008
229031
229057
229063
229111
229215
229219
229243
229246
229260
229589
229633
229758
229814
229846
229849
230000
230417
230509
230598
230625
230722
230745
230874
230899
230941
231037
231109
231139
231157
231288
231605
231796
231855
231951
231969
232002
232059
232109
232160
232173
232208
232211
232217
232393
232485
232587
232657
232659
232687
232692
232792
232821
232829
232840
232923
233158
233274
233278
233440
233585
233652
233759
233781
233880
233884
233917
234166
234334
234361
234499
234524
234616
234650
234773
234795
234831
235230
235254
235349
235375
235421
235463
235756
235794
235817
235826
235862
235865
235936
235974
236076
236274
236379
236425
236464
236480
236485
236528
236587
236595
236715
236720
236773
236786
237063
237076
237154
237423
237575
237744
237835
237965
238158
238173
238649
238668
238731
238817
238936
239170
239171
239178
239212
239296
239315
239508
239595
239606
239625
239667
239679
239802
239873
239900
239978
240031
240080
240166
240174
240206
240244
240287
240301
240344
240403
240421
240497
240529
240750
240903
240933
241302
241344
241406
241460
241522
241629
241678
241764
241803
241996
242011
242017
242023
242052
242197
242268
242418
242426
242475
242507
242514
242582
242602
242904
242920
242921
242937
243187
243372
243406
243423
243425
243595
243837
243993
244093
244202
244298
244341
244358
244382
244421
244463
244597
244627
244729
244792
244879
244935
244962
244995
245027
245072
245090
245119
245151
245290
245303
245356
245406
245510
245827
245919
246050
246058
246064
246280
246338
246377
246405
246414
246508
246544
246551
246639
246718
246776
246904
246954
247052
247107
247421
247562
247632
247852
247885
247892
248009
248128
248142
248144
248184
248346
248393
248419
248466
248571
249014
249041
249176
249296
249323
249371
249399
249479
249543
249626
249781
249787
249891
249897
249958
250027
250082
250114
250171
250173
250178
250245
250264
250353
250358
250394
250434
250437
250458
250482
250536
250562
250599
250854
250862
250944
250964
250986
250988
251043
251130
251144
251240
251246
251301
251304
251306
251450
251453
251479
251534
251591
251766
251852
251933
252145
252167
252252
252345
252370
252380
252494
252503
252517
252591
252836
252887
253026
253112
253174
253248
253296
253528
253605
253648
253748
253801
254092
254300
254348
254356
254431
254487
254541
254545
254548
254569
254633
254651
254667
254719
254782
254814
254846
254886
254947
255044
255063
255222
255288
255331
255425
255517
255636
255646
255810
256066
256159
256214
256289
256304
256327
256444
256567
256617
256847
256879
256886
256890
256988
257087
257102
257179
257268
257362
257397
257407
257436
257464
257492
257728
257805
257856
257954
258001
258014
258050
258095
258143
258238
258336
258633
258664
258814
258840
258950
258982
259015
259080
259128
259164
259195
259245
259270
259403
259407
259463
259474
259546
259699
259860
259913
260054
260059
260067
260088
260128
260195
260269
260278
260374
260394
260482
260585
260698
260747
260854
260857
260893
260954
260955
260964
260997
261201
261735
261842
261865
262035
262038
262213
262229
262252
262292
262314
262439
262527
262558
262605
262646
262761
262837
262868
262879
262957
263025
263030
263074
263102
263105
263182
263434
263440
263449
263461
263529
263537
263673
263708
263719
263746
263800
263950
263958
263963
264039
264048
264056
264124
264143
264164
264195
264242
264332
264349
264426
264478
264529
264582
264802
264864
264947
264969
264973
265246
265270
265329
265454
265552
265615
265791
265816
265987
266004
266015
266020
266050
266198
266274
266349
266556
266563
266599
266638
266871
267036
267041
267044
267096
267103
267129
267275
267305
267386
267637
267649
267892
268128
268165
268216
268249
268330
268382
268428
268457
268458
268475
268477
268499
268627
268656
268752
268814
268850
268899
269124
269159
269217
269332
269413
269588
269650
269688
269849
269873
269877
269890
269903
269910
269926
270037
270058
270268
270347
270421
270455
270493
270497
270528
270653
270726
270816
270911
270923
271173
271496
271523
271549
271582
271728
271805
271976
271979
271992
272005
272016
272081
272178
272208
272563
272580
272590
272714
272970
273176
273198
273487
273518
273588
273590
273701
273902
274225
274246
274251
274255
274286
274299
274309
274435
274604
274650
274700
274775
274795
274855
274933
275156
275159
275161
275165
275243
275385
275417
275443
275466
275499
275711
275854
275892
275894
275972
276000
276010
276098
276107
276172
276339
276484
276813
276818
276962
277054
277112
277125
277154
277318
277353
277431
277591
277669
277672
277751
277767
277784
277805
278062
278132
278160
278201
278262
278356
278386
278398
278413
278418
278429
278437
278461
278490
278577
278583
278618
278650
