26
195
282
371
438
458
505
511
567
621
720
904
920
967
1036
1109
1166
1219
1285
1300
1461
1541
1603
1731
1901
1970
2102
2115
2129
2172
2202
2211
2225
2251
2254
2265
2495
2579
2603
2761
2838
3021
3087
3222
3254
3292
3296
3408
3414
3459
3701
3710
3786
3865
3876
3899
3915
3983
4054
4079
4151
4167
4168
4169
4232
4245
4392
4399
4615
4946
5009
5137
5238
5292
5315
5388
5454
5548
5627
5644
5651
5658
5799
5864
5921
5982
5989
6009
6234
6345
6361
6370
6375
6436
6455
6500
6513
6525
6540
6545
6597
6744
6753
6797
6854
7129
7196
7251
7255
7292
7320
7326
7360
7454
7497
7554
7620
7702
7935
8051
8093
8160
8194
8218
8345
8384
8388
8417
8440
8443
8524
8557
8648
8750
8830
8955
8967
8968
8971
8986
8988
9050
9055
9065
9111
9158
9301
9308
9378
9500
9551
9628
9753
9758
9799
9818
10018
10088
10148
10163
10193
10252
10281
10306
10384
10436
10563
10583
10613
10624
10766
10846
11027
11045
11062
11081
11107
11221
11346
11360
11518
11533
11565
11828
11951
12038
12041
12049
12072
12138
12290
12382
12395
12431
12633
12670
12694
12762
12814
12989
13009
13030
13099
13189
13204
13216
13368
13464
13492
13520
13523
13622
13643
13732
13765
13811
13816
13846
13864
13868
13875
13915
13978
14100
14118
14138
14144
14190
14255
14680
14820
14930
15001
15066
15110
15333
15354
15403
15417
15440
15478
15501
15613
15654
15687
15722
15798
15799
15827
15839
16028
16115
16162
16208
16319
16543
16559
16637
16835
16881
17120
17278
17329
17389
17420
17612
17765
17768
17850
17860
17913
17977
18388
18604
18632
18675
18697
18742
18757
18829
18857
18871
18920
18928
18938
18999
19081
19138
19147
19218
19230
19294
19303
19326
19551
19592
19631
19890
19893
19914
19961
19997
20058
20059
20079
20172
20198
20210
20281
20390
20395
20445
20491
20629
20740
20763
20765
20800
20851
20858
20886
20960
20975
21027
21030
21320
21336
21344
21367
21370
21392
21418
21423
21597
21642
21703
21748
21795
21837
21888
21937
22003
22004
22204
22221
22359
22493
22610
22669
22927
22946
23055
23124
23182
23211
23395
23412
23433
23468
23583
23587
23590
23639
23653
23677
23715
23730
23750
23754
23760
23764
23770
23796
23808
23944
23957
23994
24011
24110
24132
24195
24205
24299
24309
24314
24330
24469
24504
24770
24817
24823
24852
24925
25075
25237
25327
25336
25637
25638
25668
25708
25721
25864
25941
26102
26184
26220
26232
26262
26267
26676
26713
26853
26856
27049
27053
27125
27142
27362
27484
27520
27549
27860
27895
27898
27900
27937
28073
28119
28132
28144
28159
28170
28308
28310
28315
28317
28340
28366
28441
28599
28654
28689
28883
28895
28924
28967
29009
29046
29158
29167
29380
29464
29465
29470
29479
29485
29522
29572
29774
30023
30154
30188
30194
30336
30385
30477
30625
30626
30645
30661
30665
30672
30703
30734
30821
30895
30925
30928
30952
30965
30967
30990
31032
31200
31337
31464
31519
31523
31613
31676
31693
31694
31707
31710
31734
31746
31893
31958
31974
31992
32003
32048
32103
32113
32249
32321
32333
32399
32436
32475
32512
32517
32785
32861
33011
33042
33053
33131
33189
33216
33220
33246
33304
33457
33636
33644
33731
33766
33768
33781
33789
33827
33893
33956
33999
34003
34035
34165
34178
34205
34219
34249
34269
34386
34438
34445
34573
34637
34745
34861
34975
34987
35023
35105
35235
35325
35336
35386
35390
35395
35403
35426
35439
35440
35449
35482
35599
35602
35611
35639
35679
35694
35698
35728
35870
35895
35987
35989
35997
36030
36099
36215
36220
36224
36238
36270
36272
36276
36287
36340
36369
36373
36457
36474
36728
36752
36759
36876
36889
36945
36961
36976
37032
37078
37184
37302
37411
37469
37505
37651
37653
37681
37684
37758
37759
37789
37801
37807
37825
37827
37831
37942
37970
38072
38300
38307
38376
38387
38404
38489
38559
38625
38632
38699
38738
38745
38749
38799
38870
38901
39002
39028
39124
39189
39249
39351
39503
39716
39808
39813
39936
39942
39998
40180
40202
40257
40300
40351
40433
40438
40448
40600
40691
40779
40783
40788
40854
40901
40957
41018
41027
41062
41087
41166
41309
41383
41400
41492
41579
41608
41656
41764
41781
41823
41827
41868
42007
42053
42096
42210
42251
42287
42487
42507
42587
42619
42635
42749
42789
42800
42839
43104
43149
43181
43312
43425
43444
43466
43683
43737
43754
43778
43801
43812
43817
43862
43865
43893
44073
44218
44225
44298
44302
44309
44318
44321
44322
44332
44384
44427
44437
44478
44479
44500
44600
44612
44633
44847
44890
44914
44990
45063
45084
45172
45193
45243
45266
45282
45364
45370
45392
45488
45489
45566
45579
45616
45806
45856
45860
45877
45997
46038
46078
46171
46547
46565
46650
46858
46888
46928
46945
46952
47032
47066
47145
47169
47357
47363
47432
47440
47452
47629
47810
47831
47870
48007
48079
48188
48214
48298
48345
48351
48783
48795
48898
48958
48995
49010
49088
49265
49269
49422
49455
49462
49482
49514
49524
49531
49638
49733
49756
49835
49880
49896
49906
49951
50006
50071
50116
50122
50162
50202
50204
50225
50226
50318
50340
50484
50504
50506
50586
50635
50661
50788
50805
50901
50959
50983
51021
51200
51320
51364
51373
51395
51415
51420
51430
51460
51476
51679
51685
51722
51723
51749
51759
51778
51815
51860
52106
52188
52189
52198
52209
52246
52250
52251
52417
52423
52432
52736
52908
52909
52968
53038
53124
53132
53146
53182
53301
53302
53593
53793
53795
53834
53835
53905
53934
54084
54108
54198
54218
54244
54271
54328
54420
54467
54695
54771
54812
54870
55018
55191
55212
55224
55316
55455
55457
55466
55493
55494
55709
55713
55723
55726
55809
55819
55844
55894
55943
55970
56077
56107
56126
56138
56156
56160
56190
56197
56205
56298
56311
56323
56458
56532
56573
56675
56695
56756
56811
56901
56904
56931
57038
57045
57064
57144
57256
57462
57510
57574
57625
57703
57750
57794
57851
57875
57915
57926
58245
58254
58272
58281
58340
58341
58347
58356
58366
58509
58566
58578
58654
58675
58685
58767
58992
59017
59149
59205
59262
59296
59307
59440
59454
59477
59537
59569
59620
59628
59653
59842
59858
59877
59894
59955
59985
60006
60008
60040
60045
60122
60138
60183
60233
60264
60550
60577
60582
60636
60723
60764
60790
60808
60827
60847
60994
61008
61020
61030
61073
61132
61142
61322
61344
61449
61658
61681
61694
61847
61914
61959
61999
62011
62020
62047
62122
62329
62368
62388
62411
62419
62493
62542
62574
62599
62756
62762
62940
63065
63162
63179
63202
63218
63233
63267
63311
63312
63364
63428
63465
63551
63563
63582
63637
63640
63750
63858
63958
63991
64094
64131
64158
64171
64226
64245
64259
64269
64353
64542
64549
64594
64616
64782
64819
64934
64994
65098
65169
65248
65304
65352
65617
65739
65748
65835
65895
65899
65984
66014
66163
66198
66249
66312
66508
66618
66716
66869
66956
66995
67022
67126
67128
67151
67159
67204
67242
67284
67375
67424
67464
67521
67535
67547
67553
67646
67721
67770
67791
67797
67812
67844
67903
67920
68050
68066
68229
68244
68262
68360
68367
68398
68539
68629
68793
68824
68893
68936
68940
68981
69038
69107
69140
69216
69227
69261
69294
69336
69345
69541
69569
69592
69601
69609
69667
69811
69877
69889
69935
70112
70138
70196
70211
70226
70238
70356
70421
70525
70575
70583
70728
70740
70751
70761
70831
70947
70955
70983
71183
71205
71283
71307
71316
71320
71426
71429
71782
71954
72001
72019
72159
72185
72271
72348
72446
72464
72625
72653
72712
72854
72922
72963
72972
73027
73063
73175
73192
73235
73267
73403
73448
73453
73570
73592
73600
73602
73603
73623
73632
73646
73657
73716
73730
73827
73852
73864
73949
73954
74058
74080
74096
74149
74201
74238
74275
74356
74357
74362
74391
74515
74546
74547
74566
74617
74687
74836
74958
74982
75005
75031
75102
75317
75439
75446
75486
75517
75591
75598
75648
75652
75717
75726
75730
75787
75852
75948
76214
76560
76655
76686
77054
77094
77116
77297
77452
77649
77650
77686
77692
77721
77762
77799
77836
77947
77996
78067
78068
78073
78335
78398
78419
78474
78476
78519
78521
78528
78559
78621
78622
78767
78960
79049
79117
79294
79382
79470
79487
79510
79540
79580
79600
79717
79761
79773
79851
79901
79940
79979
80045
80053
80071
80091
80149
80448
80637
80688
80732
80944
81005
81008
81018
81220
81244
81269
81303
81342
81485
81493
81503
81542
81610
81638
81957
81987
82004
82022
82281
82308
82361
82385
82493
82519
82535
82538
82577
82605
82822
82834
82858
82902
82913
82932
82949
82963
82972
83073
83083
83139
83170
83208
83223
83298
83315
83326
83340
83437
83616
83688
83778
84129
84163
84176
84196
84197
84286
84301
84307
84332
84387
84464
84492
84531
84619
84643
84781
84813
84839
84841
84954
84966
84991
85123
85262
85268
85351
85372
85381
85391
85441
85486
85516
85585
85606
85635
85686
85789
86003
86112
86159
86165
86347
86401
86411
86438
86469
86552
86667
86757
86776
86790
86972
86999
87182
87186
87192
87201
87323
87351
87429
87475
87583
87662
87690
87724
87882
87920
87961
88221
88227
88368
88415
88447
88492
88504
88513
88520
88640
88727
88931
89089
89115
89259
89334
89386
89395
89454
89475
89480
89514
89550
89596
89675
89708
89733
89794
89901
89905
90023
90171
90176
90263
90350
90357
90448
90584
90649
90659
90711
90712
90783
90824
90828
90834
90851
90863
90992
91030
91120
91166
91185
91240
91280
91298
91308
91433
91447
91542
91671
91755
91815
91876
91966
92188
92191
92269
92319
92347
92352
92363
92367
92383
92405
92513
92576
92642
92877
92878
92901
92982
93253
93257
93268
93316
93368
93395
93473
93543
93604
93804
93816
93842
93866
93891
93947
94007
94026
94038
94076
94269
94470
94621
94693
94755
94778
94925
95122
95135
95188
95420
95430
95452
95467
95488
95503
95517
95521
95611
95612
95655
95720
95721
95770
95837
95868
95888
95898
95903
95927
96035
96094
96271
96374
96424
96427
96459
96470
96562
96644
96648
96698
96735
96736
96992
97201
97374
97576
97600
97653
97666
97682
97886
98007
98033
98076
98084
98187
98201
98221
98243
98258
98262
98299
98324
98386
98448
98450
98483
98638
98673
98682
98717
98758
98781
98783
98844
98890
98917
98959
99030
99048
99064
99068
99078
99085
99107
99206
99344
99382
99511
99513
99564
99592
99614
99620
99707
99728
99785
99817
99833
99865
99884
99891
99974
100111
100270
100349
100446
100597
100607
100664
100677
100816
100910
100912
100973
101043
101134
101141
101326
101328
101366
101440
101582
101609
101617
101677
101693
101739
101760
101859
102000
102005
102040
102075
102091
102164
102238
102256
102378
102425
102443
102477
102493
102557
102558
102564
102610
102707
102783
102810
102824
102902
103008
103019
103071
103089
103124
103147
103208
103334
103346
103367
103398
103599
103647
103660
103677
103699
103732
103781
103929
103950
103979
103998
104167
104237
104345
104387
104431
104458
104547
104574
104598
104699
104716
104741
104759
104764
104768
104772
104782
104787
104804
104823
104940
104949
105032
105069
105089
105112
105145
105191
105200
105234
105436
105453
105614
105748
105821
105869
105971
105990
105993
105995
106116
106130
106169
106275
106343
106346
106367
106374
106458
106536
106585
106607
106620
106806
106969
106971
107053
107130
107143
107168
107173
107198
107210
107313
107351
107384
107398
107418
107439
107540
107637
107857
107937
107970
108121
108149
108282
108324
108338
108353
108489
108623
108635
108642
108666
108677
108774
108861
108890
108901
108916
108927
108959
108979
109007
109050
109448
109472
109515
109526
109650
109664
109890
109905
109954
109984
110011
110102
110148
110171
110399
110467
110505
110543
110745
110790
110842
110852
110941
110951
111123
111156
111217
111236
111259
111262
111266
111287
111328
111494
111506
111525
111538
111570
111678
111844
111885
111903
111949
112277
112295
112407
112448
112556
112644
112675
112773
112825
112837
112890
113070
113119
113131
113184
113235
113338
113577
113618
113687
113699
113740
113745
113789
113800
113818
113870
113997
114027
114133
114146
114184
114194
114221
114232
114328
114381
114395
114424
114464
114469
114497
114546
114636
114711
114736
114808
114887
114904
115078
115209
115214
115222
115226
115233
115244
115299
115399
115415
115500
115504
115508
115531
115563
115726
115790
115834
115847
115856
115932
115948
116056
116078
116098
116121
116123
116150
116182
116224
116369
116401
116495
116514
116604
116632
116635
116645
116649
116684
116696
116706
116780
116827
116876
116884
116943
117034
117056
117069
117103
117144
117310
117327
117337
117347
117356
117582
117620
117666
117670
117697
117705
117730
117733
117736
117777
117778
117785
118021
118176
118223
118229
118460
118477
118498
118524
118699
118712
118796
118882
118894
118906
118927
118986
119029
119070
119090
119189
119201
119265
119305
119320
119329
119375
119397
119435
119540
119543
119552
119663
119737
119766
119892
119908
119910
119942
119949
119977
120040
120044
120048
120068
120096
120228
120326
120335
120429
120446
120458
120466
120489
120624
120765
120870
120894
120950
120968
120977
120978
120985
121138
121149
121161
121219
121220
121224
121264
121316
121376
121431
121454
121478
121491
121517
121568
121580
121605
121816
121821
121823
121923
121979
121980
122012
122061
122107
122110
122123
122147
122158
122239
122263
122281
122482
122509
122581
122637
122777
122830
122898
123032
123079
123092
123096
123166
123277
123325
123326
123335
123398
123639
123705
123725
123954
123962
123981
123994
124017
124025
124053
124090
124399
124413
124477
124573
124576
124633
124863
124866
124930
124984
125128
125146
125227
125248
125283
125368
125442
125448
125453
125459
125516
125563
125634
125746
125752
125840
125978
126071
126110
126341
126382
126666
126732
126815
126844
126859
126900
126912
126928
127021
127025
127037
127217
127249
127274
127437
127495
127514
127530
127546
127579
127595
127719
127761
127780
127792
127823
127900
128067
128074
128114
128122
128126
128146
128181
128220
128319
128340
128386
128445
128462
128517
128520
128522
128586
128632
128659
128675
128719
128726
128780
128799
128805
128821
128849
128972
128974
128995
129003
129080
129179
129311
129432
129498
129551
129614
129669
129714
129728
129759
129764
129869
129871
129882
129952
129958
129989
130033
130052
130070
130096
130141
130142
130265
130288
130391
130396
130457
130500
130602
130609
130675
130702
130749
130823
130837
130917
131106
131159
131216
131387
131466
131542
131639
131700
131704
131790
132012
132021
132149
132178
132207
132217
132236
132268
132354
132390
132442
132551
132628
132764
132776
132780
132833
132914
132926
133178
133244
133285
133354
133364
133721
133796
134051
134070
134072
134107
134156
134197
134216
134240
134247
134294
134299
134313
134471
134515
134771
134844
134876
135002
135029
135048
135062
135170
135196
135199
135315
135340
135346
135385
135426
135435
135462
135471
135561
135577
135615
135665
135771
135818
135827
135838
135924
135942
136000
136012
136072
136098
136101
136157
136180
136326
136359
136538
136669
136685
136706
136748
136777
136778
136798
136849
137048
137067
137132
137134
137174
137176
137276
137318
137347
137391
137396
137490
137506
137511
137531
137618
137628
137678
137712
137724
137728
137768
137820
137862
137884
137920
138022
138040
138096
138102
138112
138115
138120
138248
138281
138316
138341
138366
138387
138388
138405
138406
138481
138488
138521
138538
138619
138694
138889
138931
139040
139055
139089
139146
139174
139233
139250
139281
139421
139477
139527
139533
139599
139606
139703
139727
139845
139853
139860
139867
139941
139984
139991
140098
140149
140206
140257
140273
140383
140621
140630
140681
140845
140945
140959
141117
141192
141199
141213
141218
141255
141390
141401
141512
141600
141646
141734
141799
141837
141960
142115
142131
142148
142173
142187
142200
142256
142270
142380
142420
142599
142729
142812
142865
143021
143108
143155
143337
143364
143514
143541
143560
143571
143581
143611
143621
143657
143672
143879
143901
144004
144039
144049
144092
144112
144147
144166
144207
144262
144361
144500
144540
144635
144649
144793
144795
144804
145081
145121
145167
145245
145284
145321
145330
145388
145391
145408
145440
145471
145541
145549
145669
145798
145874
145888
145916
145955
145984
145999
146020
146111
146124
146126
146130
146171
146226
146227
146247
146254
146264
146287
146309
146318
146348
146408
146431
146487
146507
146559
146708
146767
146769
146849
146904
146987
147051
147069
147142
147194
147216
147257
147310
147346
147455
147477
147530
147572
147582
147797
147822
147837
147843
147869
147942
148043
148059
148176
148220
148282
148366
148431
148432
148721
148778
148794
148868
148888
148890
148926
149110
149118
149120
149184
149391
149409
149441
149458
149475
149505
149572
149605
149609
149634
149968
150143
150287
150293
150341
150417
150426
150443
150519
150524
150586
150599
150876
150964
150994
151047
151066
151162
151195
151220
151390
151423
151433
151532
151545
151742
151852
152075
152207
152247
152262
152445
152467
152476
152498
152510
152519
152563
152591
152674
152684
152803
152865
152902
152934
152953
152987
153074
153078
153159
153197
153308
153327
153333
153583
153623
153651
153733
153750
153798
153838
153896
153943
153980
153981
154067
154082
154104
154188
154217
154277
154369
154483
154614
154760
154762
154763
154770
154778
154836
154843
154895
154911
154941
154949
154951
154954
155011
155019
155125
155255
155298
155433
155446
155450
155536
155678
155699
155701
155755
155788
155791
155961
156025
156040
156046
156048
156191
156196
156197
156314
156427
156508
156586
156746
156822
156851
156863
156906
156938
157096
157118
157125
157157
157232
157254
157290
157291
157366
157439
157461
157521
157545
157569
157701
157761
157780
157812
157840
157894
157911
157980
157981
158034
158066
158109
158162
158176
158226
158234
158248
158291
158471
158473
158501
158523
158530
158531
158602
158645
158705
158714
158779
158781
158782
158830
158832
158968
159004
159038
159124
159251
159295
159366
159415
159516
159519
159520
159539
159545
159577
159668
159672
159679
159684
159784
159793
159835
159972
159986
160002
160049
160113
160157
160199
160307
160413
160438
160496
160551
160589
160678
160711
160816
160826
160993
161000
161078
161139
161148
161195
161256
161263
161344
161385
161429
161458
161495
161509
161540
161567
161730
161766
161784
161888
162157
162260
162281
162294
162300
162562
162565
162616
162646
162682
162692
162709
162721
162831
162913
163039
163094
163168
163174
163234
163424
163443
163511
163633
163641
163647
163750
163801
163811
163984
164013
164087
164187
164198
164253
164302
164326
164417
164423
164425
164428
164430
164455
164524
164611
164638
164681
164689
164730
164740
164748
164752
164777
164788
164800
164872
164879
164972
164974
165209
165225
165271
165343
165349
165357
165381
165412
165448
165482
165496
165542
165719
165736
165737
165787
165858
165920
165960
166010
166094
166115
166173
166186
166201
166204
166211
166246
166326
166330
166407
166409
166418
166438
166553
166658
166731
166768
166861
166895
167000
167043
167050
167081
167126
167142
167154
167180
167185
167225
167481
167497
167557
167716
167955
168066
168067
168101
168161
168188
168341
168390
168485
168500
168564
168565
168579
168598
168607
168627
168659
168729
168758
168791
168797
168815
168848
168956
168988
169019
169039
169062
169107
169167
169255
169272
169274
169309
169351
169409
169422
169542
169562
169646
169683
169727
169776
169799
170187
170265
170289
170360
170389
170420
170448
170472
170552
170561
170601
170636
170710
170732
170907
170934
171069
171177
171329
171443
171446
171574
171682
171685
171707
171752
171753
171773
172034
172173
172198
172227
172379
172390
172636
172691
172695
172705
172873
172900
172934
172937
172938
173039
173057
173090
173110
173134
173147
173151
173192
173267
173308
173447
173458
173465
173503
173512
173535
173670
173778
173821
173834
173852
173912
173987
174007
174086
174121
174161
174338
174345
174354
174515
174552
174617
174755
174779
174992
175014
175067
175105
175119
175201
175226
175240
175306
175359
175408
175492
175520
175597
175762
175777
175853
175922
175928
176009
176023
176064
176244
176381
176557
176564
176592
176664
176758
176789
176854
176992
177152
177268
177283
177316
177391
177486
177516
177566
177584
177612
177623
177714
177778
177820
177871
177888
177928
177982
178069
178098
178129
178169
178206
178211
178230
178232
178406
178564
178571
178591
178607
178720
178747
178821
178833
178887
178941
178948
178961
179018
179036
179089
179094
179106
179114
179120
179153
179187
179284
179299
179366
179387
179437
179440
179652
179670
179684
179711
179766
179851
179875
179911
179912
179957
180107
180168
180224
180243
180326
180387
180414
180451
180473
180475
180540
180600
180606
180657
180670
180712
180717
180783
180800
180805
180831
180881
180961
180989
181035
181064
181066
181083
181213
181217
181250
181278
181349
181405
181466
181474
181492
181500
181523
181526
181562
181585
181636
181647
181660
181686
181697
181718
181832
181958
181978
181984
182007
182037
182065
182221
182252
182280
182290
182343
182400
182405
182431
182453
182551
182560
182758
182946
182961
182993
183096
183101
183160
183175
183233
183259
183300
183302
183337
183421
183590
183653
183682
183740
183866
183903
183914
184174
184190
184261
184273
184340
184392
184413
184445
184447
184483
184563
184617
184636
184641
184651
184930
184979
184994
185029
185039
185059
185109
185120
185137
185291
185299
185342
185445
185497
185498
185725
185748
185767
185783
185816
185958
185962
186134
186148
186180
186210
186309
186330
186340
186427
186462
186520
186526
186595
186630
186655
186697
186790
186816
186873
186886
186898
186903
186915
186999
187094
187124
187142
187155
187166
187214
187229
187294
187324
187404
187536
187707
187784
187880
187933
188018
188097
188107
188132
188357
188358
188361
188382
188385
188450
188483
188494
188523
188524
188631
188795
188804
188892
188941
188947
188968
188978
189003
189008
189029
189038
189064
189074
189090
189143
189251
189262
189283
189478
189513
189544
189578
189585
189601
189615
189693
189733
189735
189737
189769
189778
189965
190085
190168
190264
190267
190354
190381
190396
190404
190454
190508
190558
190584
190618
190645
190702
190709
190749
190799
190801
190851
190853
190903
190950
191010
191075
191117
191192
191226
191279
191301
191308
191310
191343
191443
191449
191532
191571
191621
191668
191697
191719
191782
191787
191847
191865
191871
191893
191897
191898
191957
191959
192024
192050
192058
192084
192135
192139
192152
192198
192243
192390
192420
192469
192483
192547
192563
192571
192661
192809
192820
192884
192926
192991
192996
193057
193096
193109
193138
193139
193156
193199
193279
193284
193389
193512
193524
193525
193600
193759
193797
193881
193924
193942
194113
194319
194325
194350
194428
194456
194459
194511
194636
194792
194803
194987
195076
195083
195115
195140
195277
195374
195508
195520
195541
195660
195710
195721
195744
195817
195820
195857
195872
195908
195983
196016
196020
196042
196046
196048
196078
196084
196139
196245
196408
196409
196480
196528
196543
196560
196577
196587
196592
196602
196634
196638
196678
196682
196696
196727
196730
196800
196806
196807
196808
196834
196850
196953
196963
196965
196968
196973
196978
197006
197010
197039
197059
197138
197281
197326
197331
197340
197351
197425
197436
197448
197453
197493
197495
197524
197626
197661
197701
197711
197734
197748
197757
197770
197773
197820
197826
197838
197897
197948
198066
198077
198081
198085
198091
198168
198199
198224
198229
198251
198270
198274
198298
198315
198344
198356
198390
198407
198426
198483
198564
198565
198590
198648
198677
198843
198845
198893
198904
198944
198965
198980
199029
199082
199301
199348
199402
199407
199458
199461
199472
199528
199555
199582
199585
199603
199615
199675
199693
199828
199850
199892
199918
200040
200139
200343
200427
200432
200534
200535
200561
200573
200605
200676
200704
200758
200763
200904
200945
200967
200969
201076
201101
201129
201162
201261
201263
201476
201522
201570
201652
201653
201859
201950
201998
202000
202044
202149
202194
202377
202505
202515
202543
202548
202568
202669
202831
202861
202862
202983
203046
203109
203126
203135
203157
203181
203189
203246
203269
203341
203360
203385
203472
203475
203512
203564
203646
203647
203921
204057
204089
204119
204174
204204
204208
204262
204292
204314
204436
204471
204472
204519
204604
204661
204709
204756
204802
204881
204936
205149
205185
205352
205466
205503
205590
205633
205711
205869
205871
206004
206045
206062
206095
206106
206134
206136
206140
206172
206184
206195
206206
206209
206219
206221
206288
206315
206450
206498
206502
206519
206546
206622
206651
206756
206768
206839
206992
207002
207104
207134
207154
207155
207195
207249
207286
207299
207332
207340
207429
207535
207615
207618
207632
207738
207794
207826
207852
207874
207887
207991
207997
208101
208107
208113
208122
208123
208205
208237
208242
208257
208344
208386
208514
208522
208550
208551
208722
208799
208841
208857
208866
209025
209134
209136
209271
209291
209416
209431
209433
209436
209537
209586
209607
209652
209760
209784
209832
210002
210018
210079
210086
210189
210226
210256
210291
210301
210356
210443
210449
210562
210609
210659
210661
210665
210769
210823
210853
210857
210934
211013
211024
211110
211135
211159
211164
211343
211505
211513
211571
211654
211686
211739
211756
211763
211800
211814
211854
212027
212101
212164
212171
212198
212234
212293
212318
212356
212379
212419
212529
212622
212623
212669
212725
212768
212812
212913
212917
212979
213015
213133
213137
213163
213204
213260
213316
213359
213483
213494
213512
213522
213575
213634
213643
213717
213732
213734
213782
213788
213898
213909
214064
214094
214126
214170
214246
214252
214260
214279
214292
214398
214752
214756
214858
214886
214896
214950
215004
215016
215026
215120
215339
215386
215410
215422
215460
215571
215607
215662
215665
215686
215693
215745
215747
215749
215844
215846
215994
216018
216049
216070
216081
216091
216104
216157
216166
216203
216254
216342
216355
216462
216548
216574
216615
216619
216687
216710
216824
216891
216914
217121
217248
217305
217387
217415
217452
217559
217606
217646
217674
217794
217799
217880
217891
217904
217933
217944
217954
217976
217991
218079
218095
218165
218219
218225
218310
218345
218424
218556
218589
218628
218629
218683
218719
218932
218941
218970
219035
219043
219059
219114
219158
219166
219231
219237
219278
219290
219310
219328
219333
219345
219398
219462
219471
219524
219538
219548
219627
219685
219812
219849
219867
219872
219881
219909
219931
219947
219958
219965
220019
220131
220132
220138
220175
220185
220212
220216
220225
220232
220430
220432
220438
220548
220632
220641
220683
220700
220779
220807
220823
220917
220990
221004
221014
221148
221293
221342
221349
221383
221396
221433
221548
221641
221697
221765
221845
221851
221874
222048
222055
222093
222133
222154
222174
222218
222299
222326
222337
222417
222421
222594
222623
222624
222651
222744
222810
222856
222961
223041
223168
223171
223184
223243
223391
223401
223476
223540
223558
223571
223609
223643
223714
223780
223820
223825
223836
223926
224031
224069
224078
224087
224175
224203
224210
224268
224335
224343
224399
224451
224461
224498
224608
224629
224632
224635
224653
224669
224671
224684
224714
224738
224776
224788
224848
224854
224934
224982
225013
225031
225113
225142
225168
225216
225248
225250
225254
225275
225310
225519
225596
225675
225715
225722
225765
225813
225850
225883
225987
226017
226053
226168
226193
226225
226339
226350
226372
226378
226423
226437
226483
226539
226645
226745
226823
226919
226926
226929
226955
227032
227037
227096
227137
227164
227308
227404
227405
227406
227478
227504
227560
227566
227609
227617
227688
227768
227888
227933
227957
227962
227971
227988
228012
228096
228100
228102
228183
228202
228389
228431
228444
228523
228666
228687
228708
228765
228805
228811
228905
228987
229031
229057
229062
229070
229111
229136
229215
229219
229245
229268
229487
229589
229613
229624
229758
229807
229808
229849
229968
230076
230108
230109
230139
230319
230349
230365
230411
230422
230434
230456
230522
230557
230625
230642
230722
230745
230831
230872
230906
230941
230970
230997
231004
231043
231060
231067
231136
231200
231211
231248
231288
231409
231566
231581
231605
231741
231753
231793
231796
231852
231920
231969
232082
232160
232205
232208
232217
232307
232489
232525
232559
232560
232587
232692
232694
232728
232792
232844
232879
233278
233284
233390
233400
233544
233565
233567
233585
233630
233634
233649
233781
234311
234331
234350
234431
234439
234518
234531
234546
234620
234647
234708
234812
234863
235075
235173
235239
235254
235262
235265
235267
235294
235317
235377
235396
235399
235405
235431
235450
235463
235477
235518
235524
235792
235800
235864
235875
235882
235929
235936
236018
236050
236114
236140
236189
236209
236248
236329
236366
236373
236399
236421
236464
236469
236480
236541
236589
236659
236679
236693
236698
236704
236709
236714
236722
236773
236788
236874
237025
237063
237219
237411
237443
237454
237471
237475
237491
237569
237684
237739
237796
237835
237836
237873
237926
238001
238014
238061
238072
238158
238263
238278
238416
238520
238554
238601
238606
238626
238655
238685
238731
238817
238820
238869
238931
239008
239041
239072
239108
239119
239222
239315
239508
239568
239572
239595
239600
239606
239607
239667
239670
239679
239694
239721
239743
239878
239911
239935
239973
240033
240065
240066
240067
240076
240080
240121
240147
240200
240255
240301
240304
240344
240376
240403
240421
240497
240512
240517
240549
240606
240696
240855
240903
241032
241158
241302
241318
241330
241742
241759
241785
241823
242022
242050
242052
242091
242098
242100
242154
242182
242183
242199
242235
242256
242268
242334
242335
242405
242425
242497
242507
242602
242675
242799
242814
242920
242930
242937
243071
243111
243136
243150
243174
243182
243216
243283
243298
243359
243423
243442
243456
243615
243648
243866
243867
243879
243930
243934
243962
243992
244024
244031
244083
244093
244145
244171
244202
244296
244298
244305
244349
244354
244380
244382
244440
244482
244489
244524
244579
244597
244662
244725
244729
244792
244864
244935
244954
245004
245026
245082
245090
245122
245134
245162
245345
245384
245406
245539
245600
245692
245795
245797
245888
245899
245919
245956
245958
245964
246024
246030
246058
246126
246180
246243
246296
246326
246338
246349
246365
246461
246473
246519
246544
246551
246639
246738
246757
246761
246788
246830
246869
246895
246902
246915
247015
247421
247438
247486
247512
247522
247552
247587
247678
247680
247727
247748
247780
247788
247794
247838
247885
247955
247957
247960
248128
248144
248273
248411
248419
248528
248554
248565
248645
248726
248786
248803
248810
248825
248831
248857
248877
248927
249008
249068
249073
249113
249137
249157
249160
249296
249317
249326
249327
249399
249401
249517
249554
249581
249585
249646
249702
249705
249723
249729
249759
249761
249787
249884
249891
249897
249958
250016
250027
250162
250171
250173
250178
250358
250394
250414
250434
250446
250462
250482
250513
250523
250562
250599
250609
250787
250850
250852
250964
251059
251130
251161
251219
251240
251291
251299
251418
251479
251490
251583
251591
251806
251813
251835
251852
251864
251919
251933
251945
252001
252145
252152
252167
252195
252253
252308
252319
252345
252370
252482
252577
252591
252595
252700
252732
252802
252813
252836
252857
252900
252947
252970
253026
253055
253101
253104
253119
253165
253188
253255
253265
253296
253337
253357
253391
253408
253452
253520
253570
253676
253748
253754
253801
253812
253931
253968
254006
254093
254115
254176
254364
254368
254396
254545
254548
254569
254647
254651
254667
254707
254719
254760
254804
254814
254878
254923
254934
255067
255093
255100
255183
255203
255324
255331
255376
255458
255501
255521
255532
255586
255636
255816
255857
255883
255884
255898
256007
256038
256063
256066
256091
256121
256133
256168
256169
256287
256289
256314
256337
256359
256444
256525
256564
256568
256701
256706
256776
256807
256845
256853
256886
256898
256907
256923
256988
257087
257088
257264
257268
257346
257407
257444
257464
257480
257540
257546
257565
257695
257697
257722
257753
257768
257848
257857
257874
257920
257948
257954
258014
258095
258141
258231
258242
258333
258343
258367
258620
258653
258661
258664
258671
258764
258800
258840
258850
258982
258986
259051
259070
259113
259152
259164
259195
259239
259241
259246
259273
259301
259329
259371
259407
259463
259511
259516
259544
259653
259720
259734
259871
259875
259887
259913
259964
259991
260064
260067
260128
260170
260177
260224
260278
260282
260324
260353
260356
260394
260420
260487
260500
260552
260561
260630
260632
260641
260650
260663
260666
260687
260696
260698
260724
260729
260765
260767
260835
260930
260937
260954
260997
261012
261042
261125
261127
261129
261173
261186
261204
261326
261384
261444
261573
261591
261592
261735
261748
261859
261930
262035
262062
262213
262237
262252
262255
262394
262445
262450
262503
262620
262646
262648
262719
262752
262761
262788
262815
262839
262953
263001
263011
263023
263025
263041
263078
263092
263094
263102
263159
263193
263351
263440
263449
263451
263459
263529
263536
263619
263729
263785
263800
263811
263818
263825
263847
263856
263883
263898
263923
263950
264039
264056
264089
264097
264119
264164
264178
264192
264195
264214
264254
264258
264303
264380
264426
264440
264464
264481
264503
264529
264565
264594
264622
264638
264720
264778
264825
264832
264839
264864
264868
264881
264984
265190
265196
265246
265270
265417
265552
265558
265566
265586
265615
265643
265678
265682
265722
265770
265811
265841
265844
265867
265871
265906
265989
266102
266138
266198
266235
266260
266360
266473
266508
266516
266539
266563
266599
266638
266679
266707
266709
266715
266747
266780
266782
266871
266902
266942
266952
266978
267000
267005
267072
267096
267103
267129
267135
267147
267165
267177
267238
267244
267275
267305
267314
267347
267354
267461
267483
267495
267579
267580
267627
267637
267656
267690
267722
267867
267881
267960
268037
268077
268184
268199
268216
268225
268250
268263
268266
268281
268358
268363
268373
268398
268468
268477
268499
268529
268656
268658
268736
268814
268926
269024
269113
269124
269159
269165
269222
269323
269365
269404
269421
269491
269503
269537
269543
269604
269620
269650
269688
269753
269766
269813
269838
269847
269873
269877
269903
269910
270045
270064
270130
270145
270150
270188
270207
270244
270259
270268
270284
270352
270380
270384
270386
270421
270429
270605
270641
270653
270657
270816
270829
270854
270875
270994
271063
271072
271099
271113
271120
271228
271300
271332
271366
271429
271439
271444
271490
271496
271498
271510
271549
271556
271719
271739
271789
271805
271852
271912
271944
271970
272026
272080
272098
272104
272165
272243
272249
272257
272279
272287
272295
272315
272374
272384
272391
272454
272456
272467
272522
272571
272580
272586
272624
272697
272700
272714
272717
272761
272855
272910
272970
273164
273208
273294
273418
273475
273483
273518
273532
273588
273590
273631
273652
273674
273679
273693
273701
273705
273732
273745
273754
273778
273816
273870
273872
273888
273958
273973
274039
274106
274174
274218
274251
274286
274375
274432
274438
274460
274524
274538
274549
274553
274600
274604
274679
274692
274700
274710
274725
274810
274817
274845
274905
274962
275030
275055
275074
275136
275155
275161
275226
275235
275243
275253
275318
275376
275377
275389
275402
275443
275516
275624
275689
275704
275711
275726
275827
275855
275894
275907
275946
275972
276010
276031
276071
276073
276098
276107
276120
276147
276153
276163
276180
276236
276282
276300
276309
276339
276392
276483
276484
276538
276589
276594
276596
276609
276634
276726
276797
276813
276876
276953
276988
276997
276998
277054
277063
277112
277125
277142
277337
277354
277423
277445
277481
277513
277517
277531
277565
277594
277598
277654
277731
277761
277767
277786
277800
277805
277859
277914
277919
277921
277948
277954
277963
277975
277986
278068
278118
278200
278201
278220
278239
278252
278264
278363
278398
278418
278426
278429
278437
278461
278471
278484
278488
278526
278572
278577
278583
278650
