26
156
195
371
438
567
572
578
590
632
904
1109
1219
1285
1417
1603
1853
2032
2172
2211
2579
2761
2838
2976
3087
3296
3459
3836
3899
3954
3999
4125
4392
5009
5137
5388
5454
5548
5658
5798
5803
5820
5864
5921
6009
6035
6370
6375
6433
6455
6459
6500
6525
6545
6597
7079
7129
7193
7196
7326
7360
7411
7454
7620
7648
7824
7860
7935
8051
8093
8160
8194
8218
8440
8509
8571
9055
9111
9158
9301
9551
9762
9818
9865
10242
10281
10384
10422
10474
10583
10613
10766
10846
11045
11062
11081
11107
11113
11221
11346
11585
11951
12038
12041
12072
12074
12395
12476
12694
12880
12989
13099
13189
13283
13368
13441
13492
13622
13643
13788
13816
14118
14190
14406
14423
14652
14680
14953
15001
15110
15333
15478
15613
15654
15798
15802
15827
15839
15949
16137
16222
16270
16543
17000
17120
17765
17803
17850
17860
18045
18507
18604
18675
18697
18742
18831
18938
18945
19078
19138
19147
19218
19230
19294
19326
19551
19592
19890
19897
19997
20049
20124
20172
20256
20281
20390
20569
20740
20763
20765
20774
20851
21269
21367
21370
21392
21597
21642
21703
21748
21762
21799
21809
21837
21888
22610
22669
22832
23124
23223
23276
23368
23412
23468
23587
23590
23639
23687
23688
23715
23760
23853
23893
24028
24110
24159
24299
24309
24330
24549
24817
24823
24852
24904
25075
25121
25553
25668
25721
25774
25986
26102
26103
26168
26184
26262
26267
26302
26519
26584
26676
26707
27049
27142
27484
27520
27582
27652
27895
27898
27900
27937
27996
28159
28170
28241
28310
28317
28340
28398
28441
28528
28599
28967
29009
29277
29464
29470
29572
29660
29833
29929
30109
30154
30194
30402
30477
30626
30722
30965
30990
31200
31337
31393
31519
31523
31596
31893
32048
32123
32249
32426
32724
32785
32861
33004
33011
33131
33189
33220
33246
33644
33745
33763
33766
33768
33781
33789
33893
34113
34178
34205
34249
34304
34367
34386
34573
34861
34886
35325
35390
35439
35440
35482
35619
35679
35694
35728
35937
35987
35989
35997
36009
36206
36215
36272
36340
36457
36728
36759
36945
36961
37684
37732
37759
37801
37942
37970
38115
38307
38522
38559
38604
38749
38799
38901
39249
39257
39424
39703
39716
39808
39942
39953
39992
39998
40029
40151
40257
40300
40448
40600
40691
40788
40872
40996
41018
41027
41087
41309
41316
41396
41400
41492
41579
41650
41656
41868
42007
42210
42287
42501
42619
42712
42733
42789
42839
43149
43500
43754
43778
43862
44225
44309
44318
44437
44500
44600
44633
44890
44957
45063
45172
45193
45266
45392
45402
45555
45616
45770
45818
45877
45964
46034
46177
46547
46565
46872
46952
47066
47169
47180
47357
47429
47452
47584
47615
47675
47831
48171
48300
48361
48536
48795
48865
48958
49276
49482
49514
49756
49896
50071
50078
50225
50226
50318
50340
50506
50586
50901
51094
51211
51259
51273
51364
51398
51415
51430
51679
52188
52264
52736
52789
52808
52841
52856
52927
52968
53124
53182
53302
53499
53718
53793
53795
53825
53941
53988
54048
54051
54108
54178
54205
54217
54248
54328
54467
54477
54479
54647
54761
54812
54950
55045
55191
55212
55338
55455
55466
55477
55493
55494
55599
55660
55661
55723
55819
56107
56160
56175
56197
56205
56323
56458
56646
56786
56811
56901
56904
56931
57045
57144
57424
57425
57462
57510
57574
57634
57875
57926
58272
58281
58356
58566
58578
58654
58670
58675
58685
58863
58992
59149
59307
59454
59569
59620
59952
60041
60045
60122
60183
60209
60233
60264
60369
60410
60450
60577
60636
60684
60700
60723
60827
60994
61008
61073
61099
61142
61302
61344
61500
61634
61906
61914
61999
62367
62388
62411
62450
62542
62599
62756
62762
62839
63065
63179
63202
63219
63267
63311
63633
63637
63640
63750
63958
64094
64131
64218
64245
64261
64268
64474
64553
64616
64799
64994
65013
65098
65352
65487
65617
65899
65969
66249
66618
66671
66869
67212
67219
67242
67284
67424
67464
67547
67553
67797
67991
68050
68066
68244
68331
68360
68539
68936
69107
69261
69294
69345
69469
69541
69601
69667
69784
69877
69889
70196
70216
70356
70421
70525
70537
70554
70611
70728
70830
70831
70947
71205
71316
71372
71426
71783
71787
71954
72001
72105
72185
72297
72345
72354
72413
72600
72625
72653
72854
72922
72963
72972
73175
73267
73448
73570
73602
73613
73657
73852
73864
73896
73954
74157
74201
74275
74306
74311
74391
74476
74509
74617
74687
74701
74836
74901
74958
74989
74997
75079
75383
75517
75598
75612
75699
75730
75787
76327
76353
76392
76399
77054
77058
77297
77452
77649
77650
78067
78068
78321
78419
78428
78521
78559
78621
78767
78960
79049
79100
79294
79382
79408
79470
79487
79510
79761
79979
79991
80045
80091
80149
80261
80284
80339
80372
80448
80637
80757
80944
81005
81027
81244
81269
81303
81342
81496
81503
81538
81638
81860
81914
81957
82022
82324
82361
82381
82538
82577
82602
82695
82727
82834
82858
82902
82913
82960
82972
82984
83051
83073
83112
83170
83208
83326
83351
83616
84119
84129
84163
84196
84197
84307
84464
84643
84781
84813
84954
84966
84991
85268
85351
85372
85381
85391
85513
85516
85585
85606
86401
86667
86972
86992
87136
87186
87323
87351
87429
87583
87595
87643
87674
87690
87748
87961
88492
88960
89089
89189
89480
89629
89675
89784
89833
90171
90263
90271
90560
90659
90783
90851
90863
90877
90953
90992
91046
91179
91280
91327
91447
91515
91671
91723
91876
91966
92187
92191
92261
92347
92383
92807
93268
93388
93473
93520
93543
93589
93891
93947
94026
94147
94162
94621
94734
94778
95021
95188
95251
95254
95463
95517
95521
95837
95868
95888
96470
96562
96644
96648
96698
96864
96945
96992
97146
97374
97666
97790
97875
97886
97991
98007
98008
98014
98033
98084
98167
98187
98221
98262
98386
98448
98454
98682
98717
98738
98917
98988
99030
99064
99206
99247
99325
99394
99891
100111
100349
100358
100399
100446
100901
100910
101028
101043
101141
101152
101340
101582
101602
101617
101624
101677
101695
101697
102075
102108
102245
102256
102477
102610
102707
102783
102810
103008
103072
103089
103124
103147
103208
103236
103322
103334
103398
103587
103699
103732
103979
104028
104237
104283
104321
104414
104574
104699
104759
104782
104839
105200
105511
105614
105638
105650
105748
105821
105978
105993
105995
106016
106130
106169
106458
106536
106969
106971
107143
107168
107203
107287
107313
107418
107907
107937
107970
108324
108353
108421
108496
108635
108642
108901
108959
108979
109206
109288
109401
109425
109650
109664
109810
109890
109954
109984
110011
110148
110171
110467
110505
110618
110671
110745
110789
110790
110852
111013
111266
111328
111424
111454
111506
111538
111678
111885
112288
112407
112556
112644
112773
112825
112870
113073
113119
113131
113310
113377
113582
113699
113714
113816
114042
114146
114221
114328
114395
114469
114508
114603
114713
114874
114879
114887
115226
115491
115508
115531
115563
115662
115719
115790
115834
116090
116122
116150
116182
116195
116224
116514
116653
116696
116706
116780
116827
116884
117022
117144
117306
117525
117550
117582
117620
117647
117705
117730
117736
117778
117998
118477
118687
118699
118796
118906
118927
119029
119070
119189
119329
119375
119474
119485
119543
119694
119737
119796
119892
119995
120040
120343
120765
120843
120870
120914
121219
121224
121344
121376
121431
121491
121517
121580
121605
121717
121816
121823
121980
122101
122107
122123
122147
122281
122401
122509
122777
122890
123079
123092
123206
123292
123310
123524
123705
123954
123962
123981
123993
124017
124025
124090
124386
124676
125132
125235
125248
125266
125368
125459
125516
125563
126010
126110
126341
126443
126548
126644
126703
127054
127060
127126
127342
127449
127514
127663
127761
127823
128048
128052
128114
128321
128386
128572
128780
128821
128849
128974
128998
129225
129551
129641
129675
129728
129759
129764
129869
129989
130070
130088
130265
130457
130500
131006
131106
131414
131466
131542
131700
131704
131706
131790
132012
132149
132178
132217
132390
132511
132628
132764
132780
132926
133285
133364
133593
133875
134051
134068
134070
134156
134168
134197
134247
134299
134313
134323
134471
134579
134771
134852
135002
135140
135196
135199
135340
135435
135462
135577
135653
135679
135748
136083
136157
136172
136180
136601
136776
136777
136778
136798
137053
137132
137134
137139
137141
137276
137318
137355
137531
137565
137820
137908
138022
138040
138248
138281
138316
138351
138366
138388
138406
138481
138531
138538
138619
138694
138889
138931
139089
139174
139250
139261
139353
139366
139477
139533
139561
139599
139606
139688
139689
139941
139984
139991
140206
140528
140630
141213
141273
141384
141734
141799
141837
141960
142148
142200
142293
142294
142380
142420
142460
142531
142599
143155
143337
143581
143611
143800
143901
144052
144079
144092
144112
144147
144207
144361
144500
144540
144804
145081
145116
145245
145284
145330
145388
145391
145408
145471
145549
145669
145888
145954
146020
146130
146376
146623
146769
147051
147208
147346
147477
147660
147797
147827
147837
147869
147942
148220
148282
148366
148431
148721
148778
148868
148926
149070
149118
149120
149178
149391
149458
149572
149861
149997
150287
150417
150426
150443
150964
151001
151134
151220
151433
151545
151755
152133
152445
152467
152476
152563
152569
152601
152896
152902
152987
153108
153727
153733
153750
153838
153981
154082
154104
154217
154277
154291
154656
154760
154770
154933
155266
155433
155438
155446
155450
155536
155678
155701
155791
156197
156314
156586
156906
157118
157366
157482
157565
157840
157981
158021
158109
158188
158531
158602
158645
158781
158807
159004
159073
159197
159251
159295
159516
159519
159539
159545
159668
159672
159684
159835
159986
160027
160113
160122
160133
160438
160551
160678
160680
160689
160816
160860
160993
161093
161139
161195
161263
161385
161458
161478
161540
161543
161567
161648
161736
161888
162087
162157
162172
162260
162607
162616
162620
162646
162755
162831
162836
162890
162957
163172
163234
163442
163633
163801
163984
164087
164096
164304
164423
164428
164455
164493
164604
164689
164691
164730
164788
164800
164972
164974
165056
165060
165182
165343
165349
165412
165448
165688
165737
165787
165920
166010
166407
166417
166616
166833
166895
167142
167481
167497
167557
167716
167955
168066
168341
168527
168565
168587
168598
168638
168701
168758
168815
169062
169167
169274
169409
169422
169646
169727
169776
169836
170029
170120
170187
170289
170360
170552
170561
170636
170732
170934
171177
171329
171752
171826
171988
172173
172198
172379
172636
172684
172695
172772
172900
172934
172937
173057
173102
173134
173151
173192
173267
173269
173308
173443
173465
173580
173789
173821
173834
174024
174032
174078
174161
174338
174515
174516
174617
174730
174779
174979
175014
175067
175113
175306
175448
175520
175609
175671
175762
175954
176009
176152
176190
176222
176381
176557
176564
176592
176758
176840
176846
176854
177094
177283
177316
177516
177566
177714
177723
177820
177871
177879
177888
177982
178098
178206
178227
178232
178406
178720
178821
178887
178946
178961
179094
179284
179356
179366
179387
179437
179643
179652
179664
179684
179703
179911
179957
180168
180243
180387
180393
180473
180600
180606
180717
180961
180989
181105
181405
181474
181492
181523
181647
181686
181832
181958
181978
182007
182037
182099
182192
182453
182560
182758
182790
182840
183145
183421
183653
183903
183914
183978
184004
184174
184190
184392
184890
184930
185291
185342
185421
185748
185783
185882
185932
186012
186340
186427
186526
186608
186816
186873
186886
186915
187124
187142
187155
187185
187214
187324
187707
187767
187784
187799
187897
187919
187933
187948
188239
188357
188382
188450
188523
188524
188804
188892
188902
188985
189003
189262
189283
189478
189544
189689
189690
189769
189774
189965
190085
190168
190248
190396
190454
190609
190618
190666
190702
190709
190749
190801
190853
191221
191279
191491
191697
191782
191787
191865
191897
191957
192050
192058
192135
192139
192390
192420
192563
192571
192617
192661
192991
193036
193082
193096
193109
193199
193279
193389
193524
193597
193640
193680
193797
193852
193881
194325
194330
194428
194459
194465
194498
194792
194803
194837
194987
195083
195296
195374
195508
195520
195667
195795
195857
195872
195913
196139
196305
196696
196727
196834
196963
196968
196978
197006
197010
197661
197740
197787
197864
198021
198066
198081
198168
198224
198229
198251
198310
198315
198755
198832
198843
198904
198944
199082
199305
199348
199373
199407
199555
199582
199585
199603
199800
199918
200343
200427
200432
200514
200947
200965
200967
200969
201045
201076
201101
201149
201263
201327
201557
201570
201801
201859
201920
202054
202254
202543
202756
202983
203126
203157
203246
203269
203385
203887
203916
203921
204057
204119
204174
204208
204343
204519
204661
204709
204802
205149
205185
205466
205503
205590
206004
206134
206172
206206
206288
206597
206788
206880
207104
207155
207299
207429
207498
207535
207632
207812
207855
207952
207991
208090
208170
208257
208362
208522
208550
208551
208799
208841
208857
208939
209136
209271
209436
209488
209537
209560
209607
209784
209832
209885
210002
210079
210086
210189
210301
210385
210769
210798
211024
211159
211164
211231
211413
211565
211739
211763
211796
211814
211854
212003
212027
212312
212356
212622
212623
212669
212681
212877
212913
212979
213137
213163
213189
213359
213483
213506
213512
213575
213634
213717
213788
214064
214092
214260
214756
214846
214998
215016
215026
215120
215386
215410
215858
215994
216070
216091
216148
216166
216355
216462
216482
216615
216619
216687
216824
216874
216914
217305
217479
217606
217646
217706
217794
217799
217933
217976
218095
218225
218367
218493
218589
218629
218883
218941
219059
219206
219237
219328
219462
219538
219881
220175
220185
220212
220225
220363
220391
220400
220683
221004
221262
221305
221349
221396
221487
221635
221787
222051
222093
222133
222361
222417
222510
222961
222970
223168
223506
223558
223571
223836
223976
224203
224383
224461
224542
224608
224635
224776
224788
224854
224961
225216
225519
225596
225765
225813
225987
225995
226017
226350
226423
226483
226672
226929
226955
227032
227069
227137
227296
227308
227405
227406
227408
227568
227617
227933
227953
227962
227988
228012
228096
228666
228765
228905
228987
229062
229367
229487
229613
229724
229807
229808
230109
230319
230349
230411
230422
230434
230831
230997
231004
231043
231060
231136
231200
231753
231793
231920
232082
232205
232346
232489
232525
232694
232728
232844
232980
233390
233567
233634
234120
234331
234439
234518
234524
234546
234620
234812
234863
235075
235239
235262
235265
235267
235317
235375
235396
235405
235431
235450
235463
235518
235524
235712
235875
235891
236018
236023
236140
236162
236366
236421
236463
236698
236773
236788
236912
237082
237114
237219
237259
237471
237491
237569
237684
237739
237836
238001
238014
238123
238278
238520
238554
238601
238869
239008
239041
239079
239108
239119
239315
239492
239600
239607
239743
239878
239900
239935
239973
240065
240067
240200
240255
240342
240376
240517
240696
240918
241005
241158
241298
241706
241823
241914
242089
242091
242098
242100
242154
242183
242199
242334
242335
242363
242364
242405
242425
243101
243174
243216
243298
243359
243521
243615
243849
243867
243930
243962
243992
243993
244031
244137
244252
244283
244440
244482
244524
244597
244662
244725
244864
244954
245026
245062
245082
245119
245122
245134
245162
245263
245290
245384
245539
245795
245797
246463
246519
246707
246757
246895
246902
247015
247392
247438
247486
247522
247552
247587
247680
247748
247780
247885
248009
248411
248419
248528
248554
248565
248803
248810
248831
249008
249073
249137
249199
249326
249401
249554
249581
249646
249702
249705
249723
249729
249795
250016
250187
250373
250523
250609
250850
250986
251019
251161
251299
251309
251418
251583
251806
251813
251864
251868
251945
252152
252308
252595
252732
252802
253055
253101
253165
253255
253265
253357
253391
253452
253499
253520
253754
253931
254176
254223
254396
254804
254878
255078
255113
255324
255376
255586
255857
256063
256066
256133
256169
256344
256499
256608
256706
256807
256898
256907
256923
256950
256978
257088
257264
257697
257768
257857
257920
258095
258141
258231
258242
258343
258671
258798
258850
259070
259241
259273
259329
259437
259463
259511
259516
259544
259546
259720
259871
259875
259887
259964
259991
260064
260077
260282
260341
260353
260356
260487
260641
260650
260666
260687
260696
260765
260986
260997
261012
261062
261129
261180
261204
261252
261326
261644
261706
262240
262256
262292
262486
262503
262605
262648
262779
262815
262912
262953
263023
263041
263078
263092
263241
263250
263600
263618
263619
263673
263785
263818
263825
263847
263856
263898
263923
264178
264192
264214
264380
264594
264622
264720
264771
264825
264839
264868
264873
264881
265008
265196
265473
265572
265611
265682
265756
265844
265871
266102
266118
266235
266360
266385
266516
266539
266707
266876
266952
267244
267354
267483
267722
267804
267867
267960
268109
268250
268263
268363
268499
268926
269024
269073
269330
269421
269503
269537
269543
269620
269793
269847
270064
270207
270259
270347
270367
270380
270386
270478
270657
270952
271072
271083
271099
271113
271120
271198
271300
271366
271429
271498
272104
272249
272454
272456
272467
272522
272571
272586
272910
273164
273294
273562
273674
273688
273693
273754
273816
273888
273958
273973
274277
274438
274460
274713
274725
274789
274845
274905
274962
275055
275074
275253
275255
275389
275876
276071
276073
276172
276180
276300
276538
276596
276797
276898
276997
277063
277445
277513
277565
277594
277786
277919
277921
277948
277954
277968
277975
278200
278272
278386
278418
278491
