70
106
362
935
939
963
1070
1199
1938
1941
1983
2006
2624
2688
2796
3064
3206
3215
3231
3240
3356
3506
3655
3990
4019
4068
4173
4459
4523
5180
5201
5457
5757
5926
5990
6049
6051
6107
6673
6976
6999
7278
7422
7654
7865
7922
8005
8362
8542
8613
8825
9358
9692
9798
9978
10021
10448
10480
10507
10601
10615
10700
10828
10830
10902
11029
11082
11483
11491
11616
11665
11885
11886
12024
12378
12400
12439
12445
12465
12491
12581
12760
12954
13073
13298
13402
13717
13929
14117
14176
14291
14345
14366
14410
14691
14742
14960
15024
15067
15256
15352
15906
16295
16339
16353
16443
16451
16618
16633
16823
16894
16949
17125
17138
17310
17314
17386
17426
17436
17466
17600
17655
17749
18084
18122
18142
18438
18500
18759
18793
19031
20364
20534
20619
20627
20669
20776
20884
20888
20903
21113
21260
21422
21510
21561
21732
21751
21855
21944
21980
22049
22155
22354
22586
22684
22688
22893
22997
23072
23188
23369
23484
23658
23791
24103
24235
24431
24484
24506
24511
24561
24726
24733
24786
25019
25679
25838
26297
26304
26570
26621
26638
26829
27019
27035
27216
27287
27387
27590
27713
27795
28158
28303
28550
28741
28793
28952
29132
29203
29222
29239
29288
29296
29372
29423
29588
29855
29971
30019
30126
30148
30235
30363
30601
30759
30764
30829
30933
30948
30994
31003
31019
31189
31197
31259
31301
31381
31468
31661
31666
31690
31784
32189
32427
32462
32772
32904
32958
33148
33171
33228
33612
33663
33838
34231
34254
34298
34365
34387
34454
34488
34552
34752
34756
34761
35025
35099
35412
35502
35591
35635
35681
35732
36078
36427
36560
36672
37048
37149
37241
37416
37691
37760
37762
37781
37790
37838
37908
37991
38150
38367
38406
38410
38571
38823
38860
39174
39245
39501
39586
39962
39987
39999
40630
40704
40899
41092
41427
41485
41978
42305
42336
42825
43165
43197
43259
43294
43306
43334
43565
43646
43658
43964
44245
44292
44328
44354
44526
44614
44696
44775
44799
44888
45019
45026
45034
45074
45165
45363
45482
45550
45627
45730
45769
45840
46036
46052
46130
46203
46223
46296
46486
46603
46626
47026
47093
47443
47876
47923
47980
48131
48140
48174
48313
48557
48609
48822
48891
48986
48988
49024
49117
49120
49405
49608
49784
50320
50858
50910
50944
50963
51054
51057
51090
51399
51455
51708
51735
51788
51847
51858
52052
52053
52194
52249
52450
53058
53136
53377
53847
54311
54435
54463
54594
54597
54701
54739
54963
55097
55243
55365
55430
55515
55635
55686
56047
56088
56157
56265
56337
56455
56595
56637
56741
57149
57237
57445
57466
57503
57532
57555
57606
57636
57680
57694
57743
57811
57976
58117
58162
58167
58253
58391
58460
58580
59001
59018
59187
59315
59363
59372
59499
60072
60179
60362
60488
61371
61828
61917
61960
62204
62360
62694
62838
63593
63779
63873
63905
63943
64006
64016
64018
64609
64665
64692
64939
65160
65465
65801
65845
66311
66333
66595
66901
67060
67140
67350
67354
67372
67582
67649
67977
67996
68078
68110
68118
68215
68513
68742
68771
68846
68967
68987
69039
69096
69297
69342
69369
69955
70059
70236
70328
70538
70639
70641
70654
70757
70789
70952
71226
71254
71273
71393
71448
71566
71768
71953
72217
72316
72421
72552
73096
73225
73236
73546
73639
74224
74413
74545
74671
74817
75107
75117
75843
75913
76055
76068
76132
76562
76728
76824
77165
77326
77409
77441
77616
77625
77697
77758
77845
78075
78166
78287
78322
78414
78432
78665
78693
79016
79491
79611
80213
80348
80531
80592
80644
80646
80807
80883
80900
80905
81172
81262
81540
81729
82290
82360
82930
83095
83164
83484
83666
84088
84154
84156
84219
84375
84378
84625
84892
84945
84971
85204
85492
85494
85500
85597
85626
85706
85806
85892
86397
86476
86567
86570
87219
87589
87615
88213
88226
88237
88313
88350
88443
88540
88638
88899
89184
89443
89572
89991
90138
90175
90178
90241
90248
90274
90764
90813
90844
90923
90998
91029
91048
91193
91423
91440
91550
91556
91808
92330
92509
92558
92937
93140
93283
93327
93682
93936
93954
94070
94150
94224
94268
94392
94423
94947
95107
95421
95480
95576
95935
95975
96005
96153
96293
96297
96506
96514
96695
96749
96815
96821
96983
97027
97131
97145
97168
97244
97246
97263
97773
97795
98075
98265
98494
98592
98615
98626
98627
98720
98765
99045
99207
99211
99695
99959
99984
99993
100527
100553
100698
100817
100864
101195
101230
101749
102043
102106
102370
102721
102761
102856
102888
103082
103349
103430
103593
103597
103606
103615
103754
103905
103926
103959
103972
104075
104089
104209
104354
104411
104436
104520
104553
104607
104735
104818
104938
105005
105079
105119
105314
105362
105393
105490
105583
105615
105670
105732
105750
105774
105931
106098
106211
106306
106635
106843
107005
107031
107067
107093
107124
107125
107260
107545
107667
107710
107755
107991
108037
108079
108206
108341
108342
108431
108498
108563
108667
108679
108708
108724
108725
108783
108975
109040
109134
109219
109297
109302
109305
109354
109462
109607
109680
109683
109764
109845
109871
109874
109975
110029
110418
110461
110480
110595
110715
111252
111386
111596
111642
111737
111782
111985
111998
112136
112224
112240
112306
112323
112504
112530
112775
112877
113025
113081
113090
113106
113128
113334
113422
113445
113468
113470
113544
113679
113715
113835
113839
113914
113991
114032
114106
114145
114171
114274
114848
115038
115572
115860
116179
116383
117045
117073
117243
117308
117665
117731
118382
118492
118861
118870
118883
118975
118979
119212
119251
119306
119337
119422
119578
119657
119684
119730
120061
120495
120504
120539
120602
120886
120929
121150
121413
121418
121842
121981
122148
122173
122178
122704
122730
122745
122747
123019
123043
123074
123396
123473
123479
123500
123602
123625
123738
123767
123839
123992
124393
124469
124608
124666
124814
124952
125057
125321
125572
125674
125708
125980
126134
126252
126589
127057
127059
127180
127193
127268
127361
127421
127622
127624
127698
127747
127801
127986
128083
128336
128347
128402
128425
128496
128717
129280
129281
129705
129933
130005
130063
130201
130403
130547
130733
130782
130852
131284
131370
131427
131548
131598
131656
131898
132074
132109
132153
133185
133250
133269
133398
133628
134044
134209
134327
134423
134467
134472
134605
134642
134836
135033
135407
135616
135659
135736
135950
135978
136077
136121
136211
136284
136437
136534
136697
136771
136843
136848
137143
137164
137204
137241
137412
137439
137617
137680
137710
137822
137861
137946
138422
138839
138892
138965
139105
139314
139339
139581
139608
139737
139739
139816
139859
139928
139945
139955
139964
140071
140083
140188
140358
140360
140370
140443
140516
140531
140566
140598
140759
140772
141135
141164
141173
141176
141625
141692
141695
141716
141740
141831
141848
141914
141982
141998
142265
142369
142385
142495
142669
142705
142821
142837
143055
143189
143327
143348
143473
143599
143808
144026
144291
144333
144547
144596
144611
144663
144936
145185
145220
145231
145458
145495
145575
145981
145997
146026
146035
146047
146080
146103
146298
146952
147168
147237
147324
147409
147413
147414
147442
147468
147581
147796
147886
147900
148019
148288
148314
148316
148411
148482
148643
148645
148648
148812
148818
148841
148966
149216
149262
149361
149493
149641
149869
149900
149975
150191
150317
150614
150719
150757
150805
150812
150911
151067
151172
151372
151375
151420
151604
151715
151746
152164
152706
152850
152857
153414
153482
153587
153760
153785
153792
153828
153864
153884
153891
153932
154029
154116
154258
154275
154305
154341
154364
154391
154394
154505
154726
154820
154869
154894
155069
155083
155131
155186
155409
155422
155440
155470
155541
155832
155896
155914
156041
156088
156229
156316
156346
156662
156680
156700
156744
156901
157117
157252
157792
157951
157996
158080
158735
158796
158925
159050
159332
159369
159434
159513
159549
160123
160391
160582
160719
160818
160825
160838
160841
160996
161116
161520
161541
161875
162050
162129
162224
162263
162303
162342
162459
162625
162642
162716
162722
162994
163180
163199
163372
163523
163539
163729
163814
163855
163950
163964
164058
164133
164172
164221
164240
164247
164273
165179
165454
165541
165568
165592
165651
165807
165836
165846
165865
165896
166156
166410
166584
166904
166907
166998
167412
167416
167576
167612
167617
167833
167947
168199
168239
168372
168395
168487
168518
168738
168974
169027
169195
169543
169698
169728
169755
169909
170113
170216
170311
170351
170541
170889
171272
171319
171322
171409
171482
171631
171695
172266
172426
172440
172508
172533
172617
172758
172768
173220
173250
173271
173629
174010
174232
174297
174307
174381
174658
174760
174785
174819
174995
175015
175027
175177
175255
175269
175511
175727
175736
175774
176000
176100
176108
176167
176356
176372
176567
176673
176717
176775
176856
176897
176979
177029
177313
177427
177446
177520
177522
177642
177699
177708
177767
178041
178244
178261
178266
178354
178397
178620
178849
179031
179433
179438
179714
179791
179801
179841
180142
180163
180211
180254
180310
180520
180651
180784
180806
180851
180931
181076
181085
181336
181342
181351
181513
181717
181740
181849
182056
182100
182106
182190
182207
182212
182906
183012
183015
183135
183186
183190
183306
183404
183506
183538
183544
183572
183838
183969
183996
184097
184103
184181
184320
184491
184652
184690
184893
185215
185289
185439
185798
185975
186045
186094
186548
186580
186606
186641
186667
186677
186706
186725
186774
186817
186841
186862
186906
186972
187066
187374
187564
187603
187735
187769
187788
188064
188143
188554
188677
188825
188829
188881
188913
189041
189054
189114
189237
189318
189505
189514
189552
189588
189848
189851
190302
190399
190412
190435
190436
190468
190502
190505
190511
190573
190583
190636
190889
191032
191104
191316
191391
191426
191433
191441
191456
191458
191559
191625
191728
191815
191968
191975
191980
192037
192199
192213
192252
192281
192299
192464
192524
192724
192730
193078
193265
193311
193367
193507
193518
193563
193577
193813
193834
193923
193931
193971
193990
194114
194228
194245
194375
194414
194483
194486
194737
194747
195017
195139
195197
195224
195228
195435
195463
195526
195653
195735
195904
195955
196082
196295
196346
196356
196364
196400
196414
196421
196438
196655
196672
196771
196830
196885
197335
197489
197490
197550
197605
197776
198115
198271
198401
198423
198473
198561
198574
198603
198686
199000
199296
199323
199368
199398
199593
199606
199666
199862
199890
200236
200330
200351
200584
200662
200682
200852
200869
201035
201049
201314
201316
201995
202155
202483
202532
202564
202648
202851
202923
202950
203005
203062
203112
203116
203177
203440
203781
203798
203985
204003
204602
204618
204644
204908
205014
205586
205717
205725
205937
205968
206070
206083
206175
206189
206336
206375
206523
206653
206819
206911
207024
207170
207294
207415
207469
207560
207736
207857
207859
207864
208112
208143
208302
208406
208499
208621
208993
209100
209235
209623
209835
210075
210201
210483
211221
211582
211640
211714
211852
211897
212165
212173
212252
212302
212470
212559
212851
213125
213156
213211
213458
213511
213544
213599
213664
213674
213683
213731
213733
213857
214144
214482
214976
215218
215222
215772
215885
215901
215915
216025
216163
216179
216213
216327
216496
216506
216592
216618
216844
216954
217122
217360
217389
217398
217549
217561
217593
217840
218130
218352
218387
218759
218770
218817
219110
219154
219181
219258
219501
219510
219833
219893
219913
220145
220186
220223
220332
220343
220445
220469
220727
220795
220941
221055
221274
221300
221414
221676
221841
221887
222042
222068
222095
222355
222382
222403
222436
222514
222705
222814
222922
222986
223094
223135
223207
223247
223286
223368
223486
223495
223586
223814
224101
224199
224279
224380
224444
224524
224545
224613
224739
224835
224879
224900
224936
224943
225392
225474
225501
225629
225639
225653
226213
226358
226373
226394
226603
226797
226922
226986
226987
227007
227026
227072
227187
227197
227513
227662
227702
227720
227728
227744
227750
227767
227937
227968
228050
228196
228199
228263
228600
228750
228771
229083
229138
229211
229242
229244
229315
229514
229520
229610
230012
230017
230072
230196
230220
230438
230451
230787
230924
230949
230976
231036
231082
231137
231180
231185
231271
231579
231580
231671
231794
232130
232166
232349
232354
232610
232729
232902
232973
233046
233348
233379
233889
233953
234073
234230
234298
234299
234658
234705
234787
234837
235087
235218
235241
235257
235379
235389
235465
235562
235587
235743
235831
236320
236434
236501
236566
236572
236734
236746
236996
237375
237459
237695
237719
237736
237968
238189
238311
238436
238501
238543
238566
238575
238615
238681
238688
238710
238743
239082
239266
239473
239634
239683
240044
240077
240084
240118
240145
240334
240724
240873
241054
241179
241416
241471
241511
241513
241655
241661
241754
241863
241978
242054
242104
242144
242279
242389
242532
242560
242824
243036
243252
243277
243304
243348
243368
243471
243750
244215
244278
244318
244434
244732
244736
244949
245137
245206
245299
245524
245529
245621
245672
246021
246062
246075
246235
246416
246680
246688
246773
246783
246804
246847
247047
247074
247121
247189
247203
247236
247280
247305
248325
248462
248517
248758
248783
249055
249114
249156
249198
249305
249491
249492
249607
249747
249842
249935
249965
250001
250012
250039
250154
250191
250232
250241
250431
250448
250593
250598
250617
250855
250882
250888
250905
251077
251138
251263
251318
251367
251464
251527
251605
251621
251746
251748
251848
252048
252318
252756
252786
252860
252908
252978
253000
253036
253040
253054
253083
253222
253290
253314
253342
253427
253502
253645
254042
254073
254188
254345
254460
254616
254756
254828
254971
255009
255092
255226
255643
255649
255729
255789
255809
255849
256244
256252
256383
256438
256573
256607
256655
256665
256723
256861
256878
256948
256982
257127
257254
257382
257420
257495
257639
257741
257814
257823
257868
257875
257914
257990
258065
258081
258132
258172
258221
258519
258544
258546
258570
258937
259003
259053
259101
259295
259409
259525
259564
259625
259674
260163
260187
260516
260579
260660
260805
260985
261150
261165
261332
261442
261482
261485
261870
262089
262526
262826
263091
263204
263236
263237
263238
263499
263674
263782
263920
263973
264031
264115
264304
264341
264522
264542
264551
264591
264628
264644
264761
264847
264879
264883
264918
265253
265281
265366
265486
265992
266030
266039
266048
266080
266176
266384
266467
266665
266675
266700
266826
267348
267599
267693
267734
267744
267850
267887
267981
268160
268277
268326
268357
268375
268383
268387
268408
268416
268417
268489
268650
268751
268817
269171
269207
269331
269338
269547
269713
269746
269790
269922
270106
270124
270126
270220
270362
270432
270492
270751
270858
270905
270950
271194
271245
271324
271357
271393
271396
271454
271503
271511
271576
271615
271832
271862
272013
272047
272137
272139
272309
272358
272426
272504
272625
272809
272844
272917
272961
273057
273069
273238
273401
273461
273708
273787
273800
273864
273866
273914
273974
273992
274145
274207
274209
274307
274519
274793
274798
274861
274921
275258
275264
275754
275774
275836
276140
276302
276318
276379
276465
276495
276556
276582
276686
276772
276820
277173
277200
277305
277404
277428
277503
277593
277775
277777
277810
277849
278048
278081
278161
278579
