113
129
143
174
963
1249
1445
1684
1689
1941
2731
2735
3028
3080
4046
4289
4868
5001
5714
5847
5877
6519
6700
6882
7278
7524
7950
8216
8270
8542
8639
8863
9166
9325
9392
9798
9978
10615
11124
11314
11379
11425
11462
12171
12378
12414
12575
12978
13309
13402
13456
13518
13566
14410
14691
14876
15059
15113
15774
15881
16282
16578
16701
16949
17147
17946
18500
18712
20461
20611
20627
20759
20898
21088
21138
21632
21729
21782
21855
21938
22586
23416
23658
24089
24133
24846
25332
26159
26629
26638
26941
27689
27795
27799
28550
29288
29787
30230
30235
31098
31175
31386
31666
31787
32144
32427
32702
32832
32958
33098
33821
33838
34108
34613
35253
35302
35606
35681
35963
36283
36541
36663
37440
37512
37543
37760
37867
37933
38001
38007
38245
39501
39509
39555
40086
40134
40598
40940
40950
40969
41612
41629
41854
42336
42359
42430
42785
43080
43094
43334
43342
43670
43873
44136
44287
44413
44799
44975
46601
46611
46922
47278
47789
47862
48140
48213
48336
48467
48468
48936
49553
49668
50294
50598
50634
50963
51260
51339
51627
51788
52196
52249
52368
52660
52798
53185
53401
53729
53818
54200
54421
54594
54678
54688
54900
54997
55329
55515
55686
55721
56883
57092
57162
57648
59187
59411
59553
60398
60463
60905
61752
62390
62420
62528
62738
63054
63166
63167
63186
63558
63943
64011
65015
65486
66002
67354
67397
68609
68662
69130
69223
69369
70004
71406
72079
72507
72639
72730
72774
72813
75636
75895
76326
77397
77771
78137
78389
78726
78953
79033
79170
79238
79563
79921
80050
80348
80531
80589
80646
81819
81907
81946
81985
82019
82035
82531
83079
83166
83619
83646
84094
84112
84471
84770
85072
85399
86610
87439
87474
87589
88212
88681
88828
89095
89221
89235
89339
90259
90274
90391
90813
90923
90979
91281
91346
91500
91804
91808
92189
92467
92588
93813
93888
93922
94539
95170
95255
95478
95760
96306
96704
97163
97246
97264
97405
97416
97470
98012
98088
98209
99005
99173
99825
99894
100101
100555
100707
100817
100845
100877
101036
101588
102685
102695
102755
102926
103057
103199
103433
103441
103779
103832
104735
105732
105816
106095
106163
106288
106670
106687
106814
106870
106925
107445
107646
107647
108362
108852
109126
109504
109624
109680
109845
109942
110108
110216
110307
110460
110522
110714
111306
111418
111997
112240
112297
112632
113956
115085
115621
116229
116346
117686
118348
118455
118492
118813
118979
119105
119325
119704
121140
121312
121338
121557
121579
121753
121763
122704
123443
123703
123808
123839
123887
124167
124469
124608
125057
125792
126315
126589
126792
127592
128093
129608
129800
129818
129987
130002
130063
130581
130630
130767
130928
131273
131298
131427
131938
133080
133588
133775
134391
134992
135407
135742
136055
136325
136410
136853
137064
137151
137946
139859
140083
140093
140245
140772
140817
141119
141801
142607
142689
143372
143599
145452
146080
146475
146657
146806
147554
148058
148590
148592
149361
149530
149856
150094
150944
153284
153474
153568
153691
153891
153895
154150
154894
155004
155151
155442
155633
155809
156901
157034
157478
157524
157549
158137
159053
159070
159221
159310
159724
159831
160084
161780
162221
162303
162896
163800
164037
164501
164657
164897
165197
165597
166473
166682
166925
167168
167242
167338
167591
167630
167663
167837
167879
167993
168372
169611
169762
169977
170765
171188
171250
171322
172304
172848
173759
173906
173940
173952
174275
176102
176174
176200
176662
176695
176795
177055
177329
177397
177455
177522
177644
177794
178243
178354
178866
180066
180403
180520
181163
181780
183110
183298
183497
183939
184341
185470
185804
185900
186863
186904
187169
187504
188347
188787
188865
188881
190700
190776
191169
191559
191751
191756
192299
192620
193477
193594
193857
194026
194374
194486
194487
194634
195955
196244
196281
196627
196672
196799
196830
197550
197790
199295
199925
200321
201995
202363
202754
202844
202859
202874
202912
202923
203923
204158
204171
204340
204467
204701
204980
205656
205937
205959
206147
206493
207313
208499
208898
209207
209246
209288
209700
210305
210379
210540
210815
211251
211382
211582
212178
212953
213755
213834
214216
215767
215885
215901
215915
216179
216288
217053
219501
219510
219596
220297
220308
220795
222042
222325
222555
222755
223063
223135
223140
223883
224248
225474
225501
226708
227672
228199
228659
229479
230086
230472
232491
232610
233973
234055
234145
234157
234404
235619
236037
236106
236183
238575
238865
240084
240441
240679
240827
240952
241824
242362
242532
242824
244318
245012
245123
245316
245479
245568
245664
245751
246535
246677
246696
246783
246927
247622
248130
248251
248903
249594
249747
250003
250143
250410
250430
251848
252071
253584
253769
254132
254790
255358
255805
256583
257167
257254
257451
258809
258889
259533
259625
260361
260497
261150
261240
261332
262774
263236
263392
264046
264408
264576
266080
266254
266596
266900
267249
268029
268756
268811
269100
269425
269511
269635
269702
269826
270124
270167
270362
270373
270751
270758
270793
270904
271395
271511
272047
272062
273069
273186
273709
273755
273913
273974
274760
274979
275806
275873
276302
277129
278104
