26
282
307
371
460
493
621
720
904
967
1039
1193
1300
1461
1499
1592
1910
1979
1999
2102
2202
2225
2251
2254
2344
2392
2761
2842
3254
3310
3408
3464
3912
4021
4054
4151
4167
4168
4709
5032
5145
5388
5670
5713
6085
6305
6345
6455
6500
6528
6907
7079
7251
7434
7554
7702
7726
8218
8366
8417
8509
8557
8750
8756
8931
9050
9055
9131
9208
9253
9293
9378
9520
9628
9769
9799
10163
10193
10384
10436
10624
11027
11045
11162
11360
11533
11814
11888
12633
12662
12990
13201
13204
13212
13441
13451
13462
13846
13868
14138
14255
14333
14383
14510
14652
14655
14731
14820
14845
15066
15417
15501
15537
15615
15722
15794
15839
15949
16028
16162
16564
16637
16991
17182
17246
17768
17954
17977
18175
18512
19081
19145
19294
19326
19631
19830
19897
19914
19961
20058
20087
20129
20198
20210
20256
20766
20960
20975
21344
21370
21418
21427
21452
21678
21762
21837
21915
21937
22685
23055
23124
23184
23480
23639
23677
23764
23796
23957
24011
24169
24385
24450
24549
24868
24899
24925
24983
25231
25514
25707
25727
25737
25866
26168
26186
26220
26232
26262
26555
27049
27105
27125
27589
27652
27898
27917
28159
28315
28340
28441
28618
28689
28750
28895
29046
29158
29160
29249
29306
29331
29370
29380
29660
29839
29901
29932
29996
30016
30147
30157
30281
30320
30354
30385
30451
30484
30625
30703
30752
30773
30952
30963
30965
31393
31519
31596
31676
31707
31845
32327
32399
32500
32526
32580
32642
32677
33030
33042
33379
33571
33636
33731
33953
34003
34035
34351
34438
34605
34886
35023
35044
35336
35426
35619
35639
35645
35870
35937
35966
35979
35987
35997
36016
36116
36206
36287
36340
36474
36752
36816
36976
37437
37465
37789
38017
38295
38387
38524
38559
38678
38892
38944
38978
39197
39294
39351
39503
39581
39752
39813
40151
40207
40257
40301
40351
40448
40618
40779
40783
40788
40793
40846
40901
41268
41288
41362
41400
41600
41641
41698
42287
42606
42649
42677
42749
42788
42796
42883
42916
42940
43425
43444
43466
43571
43683
43692
43801
43865
44074
44252
44396
44427
44437
44607
44748
44847
44957
45039
45084
45121
45247
45278
45336
45337
45349
45364
45402
45404
45488
45489
45556
45566
45789
45877
45997
46038
46171
46572
46613
46763
46888
46928
47146
47178
47240
47498
47581
47675
47760
47810
47831
48118
48125
48214
48898
49047
49078
49106
49189
49332
49482
49627
49637
49664
49886
50085
50116
50148
50192
50419
50431
50518
50542
50805
50886
50983
50998
51007
51200
51211
51259
51273
51283
51326
51364
51423
51675
51682
51685
51740
52183
52188
52246
52250
52599
52611
52617
52789
52968
53146
53182
53499
53777
53834
53934
53941
54051
54198
54205
54248
54269
54287
54375
54600
54674
54761
54871
54955
54982
55106
55219
55234
55477
55675
55726
55758
55809
55819
55821
55894
55979
56008
56081
56107
56138
56298
56311
56345
56465
56474
56532
56646
56675
56923
57057
57070
57145
57256
57400
57425
57597
57637
57703
57750
57794
57938
58102
58236
58356
58366
58373
58494
58509
58690
59034
59195
59438
59440
59517
59628
59842
60111
60138
60143
60450
60700
60782
60790
60847
60852
60902
61030
61211
61252
61433
61449
61464
61546
61569
61906
61959
61994
62020
62047
62122
62141
62181
62202
62329
62474
62483
62556
62574
62599
62898
63030
63065
63162
63179
63218
63858
63860
63958
63992
64226
64245
64259
64268
64351
64353
64594
64688
64749
64799
64913
64934
64979
64983
65169
65278
66027
66161
66312
66508
66675
66716
66734
66744
66956
67022
67128
67230
67517
67521
67688
67790
67791
67812
67903
68262
68307
68331
68367
68629
68634
68707
69140
69216
69259
69345
69592
69609
69880
70036
70138
70252
70294
70751
70758
70761
70830
70960
71049
71320
71398
71472
71474
71782
71783
71854
72133
72139
72165
72183
72345
72615
72651
73027
73085
73317
73594
73877
73896
74080
74145
74357
74476
74515
74566
74701
74834
74885
75158
75221
75509
75515
75871
75982
76327
76475
76534
76655
76686
77019
77023
77094
77100
77278
77398
77407
77610
77669
77698
77721
77738
77762
77836
77889
77951
77996
78153
78335
78360
78376
78384
78441
78474
78560
78622
78756
79382
79399
79408
79540
79773
79940
80091
80594
80732
80834
80944
81008
81018
81303
81342
81485
81538
81610
81822
81909
81914
82294
82407
82479
82822
82932
83112
83139
83151
83195
83228
83355
83416
83435
83490
83658
84301
84387
84421
84531
84619
84954
84976
84980
85268
85356
85441
85486
85632
85635
85686
86061
86112
86159
86279
86438
86552
86564
86757
86772
86781
86972
86997
86999
87182
87186
87190
87192
87375
87544
87712
87724
87910
88078
88243
88368
88447
88504
88513
88568
88583
88640
88727
88810
88960
88986
89115
89213
89259
89395
89454
89466
89512
89596
89681
89901
90157
90176
90271
90357
90377
90711
90746
90857
91030
91179
91308
91638
91723
91828
92277
92355
92383
92513
92553
92559
92579
92642
92799
92877
92878
93031
93143
93179
93253
93319
93337
93804
93866
93891
94038
94443
94596
94755
94896
95073
95122
95185
95248
95371
95430
95452
95463
95467
95503
95509
95548
95605
95898
96343
96374
96410
96463
96644
96698
96735
96736
96861
96864
97201
97600
97603
97657
97698
97803
97896
98084
98167
98454
98495
98532
98607
98678
98758
98783
98988
98990
99048
99064
99261
99267
99511
99513
99614
99620
99655
99705
99865
99884
100116
100124
100141
100358
100371
100639
100792
100912
100973
101141
101341
101619
101624
101796
102040
102097
102108
102218
102425
102442
102443
102698
102783
103059
103071
103072
103126
103322
103531
103647
103660
103677
103699
103792
103829
103929
103939
103950
104009
104054
104243
104275
104291
104321
104345
104348
104360
104387
104431
104741
104804
105030
105145
105191
105193
105253
105255
105318
105369
105370
105436
105453
105575
105638
105836
105995
106275
106558
106620
106636
106811
106988
107010
107106
107130
107143
107168
107198
107490
107561
107701
107857
108035
108094
108149
108376
108666
108769
108796
108839
108857
108967
108979
109007
109425
109472
109547
109622
109664
109757
109886
110148
110328
110339
110499
110562
110576
111082
111123
111156
111217
111255
111309
111570
111721
111784
111795
111942
112263
112277
112295
112307
112628
112837
112870
112949
113263
113338
113371
113522
113740
113789
113939
113945
113997
114007
114184
114273
114342
114508
114545
114546
114636
114744
114808
115104
115209
115222
115226
115299
115486
115504
115947
116078
116116
116121
116514
116604
116876
116896
116943
117022
117088
117089
117141
117310
117337
117386
117697
117705
117978
118131
118693
118882
118894
118927
119029
119059
119070
119090
119189
119371
119766
119898
119911
120040
120048
120228
120458
120489
120893
120978
120985
121161
121219
121290
121454
121466
121478
121568
121580
121717
121923
121980
122012
122123
122158
122238
122249
122263
122421
122579
122581
122828
122839
123034
123067
123096
123151
123167
123176
123266
123310
123326
123335
123527
123605
123622
123683
124336
124383
124386
124388
124413
124571
124633
124817
124866
125146
125227
125235
125269
125295
125432
125442
125448
125458
125540
125578
125978
126110
126254
126710
126732
126815
127143
127163
127274
127342
127453
127462
127579
127595
127606
127853
128026
128052
128074
128122
128126
128146
128274
128366
128421
128434
128445
128462
128473
128632
128799
128805
128983
129003
129115
129225
129432
129438
129675
129714
129728
129747
129764
130033
130059
130396
130459
130602
130702
130837
130838
130932
131165
131387
131393
131414
131472
131639
131706
132101
132136
132354
132484
132833
132857
132914
132926
133143
133178
133305
134471
134483
134507
134844
134990
135060
135062
135226
135269
135305
135412
135434
135615
135984
136000
136083
136172
136180
136191
136326
136669
136685
137149
137160
137174
137259
137276
137365
137391
137402
137463
137506
137884
137920
137945
138102
138281
138293
138318
138387
138521
138538
138694
139034
139055
139170
139250
139281
139353
139366
139421
139527
139561
139689
139825
139853
139897
140065
140208
140273
140432
140528
140959
141085
141117
141213
141218
141284
141315
141351
142051
142107
142114
142115
142138
142148
142167
142168
142173
142187
142256
142501
142573
142655
142729
142831
143364
143385
143399
143444
143571
143641
143939
143940
144049
144071
144409
144635
144664
144673
145121
145310
145321
145683
145772
145798
145840
145944
146111
146226
146264
146318
146466
146559
146708
146849
147019
147069
147260
147310
147446
147572
147907
148721
148794
148890
148978
149061
149063
149178
149331
149458
149541
149605
149634
149800
149861
149968
150055
150293
150599
150736
150994
151723
151730
151755
151768
151937
152133
152264
152445
152467
152498
152641
152851
153651
153750
153825
153838
153981
154188
154193
154247
154295
154369
154402
154610
154614
154762
154778
154824
154836
155011
155107
155123
155144
155255
155266
155298
155407
155438
155622
155791
155872
156025
156040
156427
156433
156710
156759
156863
157096
157232
157254
157291
157461
157545
157925
157939
157990
158034
158122
158228
158291
158523
158705
158714
158807
158830
158844
158884
159003
159124
159197
159209
159231
159251
159362
159366
159400
159520
159784
159867
160113
160133
160424
160496
160678
160689
160711
160781
160858
160860
161078
161148
161195
161224
161263
161329
161344
161410
161458
161495
161509
161543
161551
161730
161766
161925
162383
162562
162755
162842
163094
163172
163442
163641
163750
163934
163956
164013
164029
164117
164268
164428
164595
164681
164691
164713
164740
164788
164843
164878
165004
165225
165234
165317
165343
165381
165540
165542
165648
165754
165782
165858
165960
166191
166203
166204
166264
166379
166568
166731
166836
166893
167012
167104
167126
167262
167541
167557
167775
167887
168066
168067
168101
168161
168194
168269
168341
168423
168500
168527
168627
168729
168797
168956
168988
169205
169283
169351
169683
169788
169990
170168
170180
170478
170576
170582
170601
170710
171420
171647
171872
172173
172230
172335
172390
172772
172888
172934
172938
173090
173147
173400
173447
173561
173796
173964
174032
174086
174137
174161
174173
174730
174979
175060
175119
175602
175671
175683
175728
175911
175922
176023
176997
177016
177085
177271
177566
178166
178348
178420
178482
178569
178571
178604
178607
178689
178766
178980
179018
179036
179089
179106
179120
179305
179440
179695
179766
179851
179900
180037
180107
180224
180414
180451
180655
180657
180661
180711
180712
180805
180831
180881
180989
181083
181205
181278
181523
181526
181562
181571
181704
181718
181899
181984
181987
182065
182099
182199
182290
182343
182453
182551
183160
183175
183300
183355
183619
183672
183685
183946
184049
184225
184273
184340
184413
184489
184651
184979
185029
185137
185299
185421
185452
185507
185750
185783
185816
185952
185962
186012
186027
186148
186152
186540
186655
186672
186886
186898
187141
187156
187229
187293
187323
187324
187404
187536
187880
187942
188018
188068
188203
188345
188361
188391
188450
188483
188494
188631
188849
188902
189042
189251
189315
189482
189578
189601
189615
189693
189733
189768
189881
189965
190050
190210
190315
190381
190404
190579
190645
190723
190799
190903
190971
191322
191532
191571
191847
191867
191871
192020
192058
192152
192272
192274
192363
192390
192398
192507
192619
192686
192809
192884
192901
192944
192955
193057
193109
193127
193169
193207
193235
193284
193523
193525
193597
193768
193894
194254
194266
194319
194351
194511
195051
195076
195115
195667
195794
195905
196018
196034
196046
196048
196323
196507
196587
196624
196696
196838
196850
196953
196978
196982
196987
197360
197618
197656
197701
197703
197748
197773
197774
197838
197897
197914
198244
198270
198274
198331
198384
198468
198755
199029
199129
199272
199373
199380
199411
199458
199472
199590
199800
199850
199859
199918
199924
200139
200295
200704
200754
200763
200815
200945
201076
201129
201261
201408
201522
201644
201801
201940
202000
202038
202054
202194
202214
202350
202377
202568
202613
202861
202862
202968
203046
203135
203189
203337
203472
203543
203646
203647
203662
203779
203887
204077
204187
204208
204343
204471
204519
204604
204936
205394
205835
205869
205871
206024
206045
206113
206133
206134
206195
206200
206221
206315
206502
206562
206650
206808
206987
207122
207249
207332
207618
207812
207826
207874
207887
207927
207997
208079
208101
208170
208344
208383
208386
208424
208546
208841
208939
209015
209023
209025
209040
209051
209560
209680
209733
210018
210032
210037
210197
210256
210313
210443
210449
210469
210661
210664
210798
210822
210823
210853
210857
210914
211024
211110
211241
211297
211343
211587
211756
211763
211779
211800
211821
211999
212027
212101
212128
212171
212245
212293
212419
212464
212529
212622
212725
212737
212754
212768
212877
213166
213189
213227
213263
213316
213422
213732
213734
213847
213898
214101
214199
214246
214292
214572
214683
214939
214950
215443
215533
215665
215689
215693
215698
215747
215749
216018
216104
216160
216203
216254
216263
216342
217013
217095
217121
217387
217559
217674
217706
217771
217805
217883
217908
218079
218303
218315
218424
218556
218603
218719
218815
218928
218932
219035
219228
219237
219310
219398
219548
219627
219715
219790
219812
219849
219860
219870
219874
219920
219947
220099
220363
220778
220807
220823
220917
221075
221342
221459
221804
221828
221852
221987
222008
222135
222154
222174
222187
222214
222218
222313
222517
222623
222649
222802
222822
222856
222995
223168
223209
223214
223609
223898
223976
224069
224184
224216
224289
224399
224464
224542
224714
224788
224848
224894
224993
225029
225107
225113
225189
225272
225441
225530
225549
225572
225596
225689
225715
225850
226533
226642
226645
226964
227010
227069
227096
227162
227164
227404
227405
227466
227625
227740
227957
228075
228100
228158
228303
228366
228523
228597
228805
228817
229031
229057
229062
229063
229219
229243
229246
229758
229814
229846
230355
230365
230417
230598
230625
230722
230745
230874
231109
231157
231248
231605
231741
231796
231855
231969
232002
232059
232160
232173
232208
232217
232307
232587
232657
232659
232792
232821
232840
232923
233158
233274
233278
233286
233441
233585
233652
233759
233798
233880
233884
234149
234334
234499
234524
234708
234773
234776
234795
234831
235230
235254
235262
235375
235377
235421
235477
235712
235756
235817
235826
235862
235865
236189
236399
236425
236485
236528
236589
236704
236720
236912
237016
237063
237154
237454
237475
237575
237613
237643
237684
237744
237873
237926
238158
238668
238731
238817
238858
238963
239072
239171
239296
239667
239694
239802
239852
239878
239900
239978
240031
240206
240244
240304
240344
240421
240425
240497
240512
240606
240770
240933
241302
241344
241406
241460
241498
241522
241678
241680
241914
242011
242023
242182
242197
242364
242426
242475
242799
242871
242904
242920
242937
243216
243406
243423
243425
243615
243718
243837
243849
243866
244024
244093
244145
244252
244283
244298
244341
244354
244358
244421
244463
244729
244792
244935
244948
245027
245072
245090
245151
245162
245217
245263
245290
245303
245345
245356
245827
245888
245919
246030
246058
246064
246326
246338
246405
246551
246639
246904
247052
247107
247421
247562
247596
247697
247788
247852
247885
247955
247957
248128
248142
248144
248346
248393
248419
248466
248645
248825
248857
249199
249296
249539
249569
249781
249891
249897
250027
250082
250114
250171
250173
250178
250245
250353
250358
250394
250434
250482
250536
250599
250675
250944
250986
251043
251130
251240
251301
251304
251479
251534
251591
251601
251813
251933
252167
252252
252345
252370
252380
252415
252503
252517
252591
252802
252836
252900
253026
253112
253248
253296
253648
253748
254006
254223
254541
254545
254548
254569
254633
254647
254651
254667
254719
254782
254814
254886
254981
255044
255093
255100
255331
255683
255749
255810
255888
256159
256168
256287
256304
256327
256359
256384
256567
256776
256847
256886
256988
257087
257179
257258
257268
257346
257405
257466
257467
257540
257848
257954
258014
258143
258664
258745
258840
258950
258982
259164
259195
259241
259245
259270
259403
259437
259546
259699
259887
259913
260054
260059
260067
260077
260088
260128
260269
260324
260374
260538
260724
260893
260937
260954
260964
260980
260997
261180
261186
261573
261715
261735
262035
262038
262213
262252
262292
262314
262486
262503
262509
262558
262605
262620
262761
262868
262879
262923
262999
263030
263074
263102
263105
263434
263449
263461
263537
263673
263708
263719
263729
263746
263800
263811
263847
263950
263958
264039
264056
264124
264143
264164
264195
264242
264332
264349
264464
264582
264771
264802
264947
265208
265246
265454
265552
265586
265615
265791
265816
265987
266004
266015
266020
266274
266360
266508
266774
266782
266871
266994
267036
267044
267072
267096
267103
267129
267305
267347
267386
267637
267722
267892
268128
268216
268249
268373
268382
268477
268499
268814
268983
269124
269159
269217
269404
269604
269650
269766
269793
269873
269877
269890
269903
269926
270058
270150
270244
270386
270455
270497
270528
270531
270726
270816
271004
271063
271120
271141
271173
271259
271366
271444
271490
271496
271523
271549
271582
271805
271852
272081
272098
272257
272315
272391
272580
272697
272714
272922
272931
272970
273176
273198
273487
273631
273679
273701
273732
274246
274255
274286
274299
274309
274604
274650
274713
274810
274933
275055
275155
275156
275243
275417
275499
275704
275711
275726
275892
275894
275972
276000
276010
276098
276107
276339
276484
276634
276813
276818
276898
276962
277007
277054
277112
277125
277154
277318
277337
277353
277367
277591
277669
277767
277784
277805
277954
278062
278118
278132
278160
278201
278239
278262
278275
278356
278386
278413
278418
278437
278461
278572
278577
278583
278618
