119
161
297
329
391
436
465
491
512
577
652
657
811
835
875
879
896
960
1086
1116
1124
1126
1151
1156
1201
1225
1260
1275
1389
1423
1429
1528
1720
1748
1828
1914
2045
2060
2235
2275
2328
2356
2432
2717
3050
3102
3118
3312
3418
3448
3455
3462
3526
3537
3616
3789
3803
3868
3870
3975
4013
4065
4095
4141
4175
4210
4224
4272
4301
4441
4501
4546
4660
4731
5122
5133
5263
5277
5297
5309
5355
5437
5526
5631
5684
5936
5955
5974
6019
6168
6244
6262
6288
6392
6479
6501
6607
6632
6650
6659
6664
6689
6722
6729
6806
6899
6933
6980
7154
7198
7225
7277
7323
7327
7384
7395
7455
7483
7570
7677
7715
7901
8020
8114
8171
8365
8396
8430
8492
8523
8551
8598
9043
9092
9133
9242
9291
9393
9801
10058
10178
10206
10288
10324
10406
10438
10667
10703
10930
10972
11033
11199
11272
11277
11317
11359
11513
11525
11530
11587
11947
12089
12091
12169
12295
12415
12492
12556
12578
12580
12676
12700
12734
12753
12757
12817
12868
12963
13040
13043
13059
13069
13131
13262
13463
13482
13655
13702
13797
13890
13896
13939
13988
14043
14079
14121
14209
14340
14370
14380
14438
14531
14565
14569
14632
14773
14818
14867
14874
14896
14907
14935
14998
15035
15054
15186
15187
15192
15296
15460
15624
15645
15803
15818
16021
16126
16249
16307
16334
16505
16610
16612
16615
16800
16854
16884
16885
17012
17014
17196
17257
17298
17917
17971
18081
18086
18216
18246
18265
18492
18530
18820
18842
18905
18933
19017
19125
19154
19233
19242
19428
19509
19527
19529
19561
19821
19926
20075
20131
20212
20222
20270
20451
20467
20468
20482
20524
20538
20837
20869
20871
21176
21909
21941
21975
22001
22117
22170
22173
22661
22675
22793
22848
22958
22966
22978
22984
22990
22992
23505
23637
23693
23800
23856
23996
24033
24183
24187
24203
24277
24310
24593
24644
24788
24915
25013
25320
25349
25366
25401
25890
26151
26193
26253
26312
26465
26476
26494
26672
26803
26854
26879
26976
26986
27128
27267
27447
27533
27745
27811
28077
28113
28175
28263
28318
28320
28326
28410
28447
28502
28621
28622
28624
28686
28744
28863
28898
28993
29176
29202
29299
29434
29559
29561
29656
29798
29801
29815
29828
29916
30068
30102
30123
30236
30256
30333
30376
30509
30566
30629
30690
30713
30831
30840
30870
31140
31170
31240
31255
31344
31372
31398
31486
31495
31515
31538
31590
31708
31729
31873
31923
31939
32011
32046
32092
32095
32102
32302
32463
32615
32659
32763
33018
33023
33060
33079
33158
33160
33251
33280
33378
33492
33524
33544
33579
33778
33862
33954
33992
34046
34090
34130
34331
34413
34447
34672
34762
34784
34885
34900
35106
35124
35359
35908
35962
36164
36216
36257
36289
36329
36361
36371
36475
36488
36519
36746
36750
36776
36879
36885
36919
36962
36970
37036
37061
37182
37226
37300
37450
37519
37561
37614
37663
37677
37800
37906
37995
38016
38089
38122
38142
38220
38223
38225
38330
38453
38470
38517
38663
38720
38863
38906
38926
38927
39031
39094
39096
39243
39331
39336
39474
39478
39495
39506
39552
39712
39823
40040
40081
40156
40177
40182
40195
40287
40304
40337
40517
40521
40586
40705
40798
40886
40898
40974
41002
41003
41080
41164
41199
41222
41234
41373
41471
41959
41963
42196
42324
42631
42720
42722
42897
42930
42964
42989
43044
43074
43213
43433
43596
43656
43694
43728
43738
43767
43859
44051
44081
44181
44283
44300
44335
44374
44376
44529
44562
44704
44714
44821
44849
44937
44950
44992
45020
45207
45265
45405
45426
45565
45589
45726
45804
45961
46071
46113
46199
46308
46362
46559
46768
46833
46874
47004
47177
47198
47324
47355
47389
47483
47496
47558
47721
47729
47765
47769
47771
47840
47884
47983
48086
48135
48143
48153
48154
48318
48413
48541
48687
48690
48955
48959
48968
48969
49013
49069
49087
49139
49171
49448
49580
49661
49964
50270
50307
50392
50446
50505
50638
50651
50695
50729
50735
50745
50850
50888
50941
50954
51156
51157
51180
51193
51223
51394
51513
51578
51581
51609
51666
51691
51701
51733
51737
51767
51772
51795
51799
51836
51837
51885
51917
52135
52241
52373
52418
52444
52457
52463
52577
52616
52645
52915
52950
53015
53200
53248
53304
53323
53452
53782
54117
54141
54147
54204
54267
54296
54308
54357
54440
54475
54519
54637
54840
54863
54903
54908
54965
55072
55172
55252
55290
55391
55412
55467
55527
55647
55888
55896
55925
56083
56168
56384
56415
56490
56491
56537
57180
57267
57605
57628
57656
57675
57693
57751
57763
57798
57913
58170
58287
58607
58756
58834
58947
58994
59067
59109
59146
59206
59528
59689
59698
59755
59767
59822
59845
59847
59864
59869
59920
60054
60060
60106
60134
60141
60202
60208
60474
60552
60553
60704
60778
60813
60898
61023
61052
61180
61205
61218
61327
61408
61442
61648
61697
61781
61901
61956
62028
62042
62153
62314
62346
62541
62608
62715
62825
62828
62832
62892
62911
62946
62972
63025
63068
63106
63226
63392
63399
63463
63488
63667
63962
63995
64000
64025
64106
64142
64250
64389
64488
64581
64813
64815
64845
64881
65172
65247
65286
65314
65316
65404
65468
65675
65710
65818
65838
65961
66033
66034
66085
66118
66175
66460
66568
66621
66654
66692
66969
67098
67137
67377
67437
67446
67499
67509
67633
67694
67838
67864
67929
67930
67941
67962
68011
68018
68130
68179
68238
68300
68361
68507
68695
68697
68838
68859
68985
68995
69050
69144
69273
69299
69320
69338
69422
69426
69732
69746
69931
69949
69972
69984
69994
69995
70005
70007
70042
70052
70085
70120
70135
70136
70153
70197
70497
70697
70712
70771
70866
70872
70900
70912
70914
70992
71055
71078
71147
71310
71457
71590
71904
71959
72073
72101
72184
72203
72243
72273
72278
72334
72384
72409
72490
72967
72992
72997
73036
73048
73059
73142
73155
73232
73252
73257
73314
73496
73545
73618
73893
74103
74411
74422
74459
74470
74571
74591
74594
74596
74684
74755
74892
74909
75020
75023
75091
75178
75311
75474
75590
75603
75654
75680
75722
75739
76002
76122
76149
76211
76272
76442
76457
76480
76486
76496
76575
76665
76669
76887
76988
77000
77150
77221
77325
77353
77386
77439
77581
77783
78003
78088
78100
78136
78157
78256
78307
78581
78857
78896
79069
79124
79125
79128
79204
79304
79390
79448
79551
79578
79728
79887
79995
80005
80113
80187
80230
80367
80430
80451
80479
80607
80654
80671
80694
80768
80774
80790
80843
80862
80881
81207
81327
81329
81358
81906
81922
81928
81955
82144
82245
82257
82301
82388
82408
82436
82505
82679
82705
82723
82730
82936
82993
83024
83071
83226
83227
83246
83250
83407
83586
83649
83711
83931
83948
84254
84272
84462
84473
84633
84657
84685
84863
84979
85018
85087
85295
85447
85499
85624
85757
85945
86130
86181
86185
86193
86203
86283
86318
86461
86505
86578
86680
86702
86708
86721
86758
87027
87151
87187
87452
87523
87716
87735
87760
87812
87829
87856
87865
88010
88036
88052
88217
88298
88417
88462
88506
88700
88723
88731
88745
88843
88896
88920
89135
89201
89340
89382
89435
89584
89715
89732
89820
89885
89977
89986
90077
90110
90173
90376
90465
90742
90779
90836
90856
90994
91197
91209
91213
91275
91351
91375
91421
91527
91632
91872
92296
92327
92366
92392
92453
92458
92595
92606
92608
92804
92818
92882
92953
92988
93141
93151
93162
93175
93201
93228
93234
93349
93385
93419
93498
93515
93527
93655
93896
93958
93996
94043
94065
94073
94089
94190
94192
94220
94397
94461
94481
94524
94570
94751
94891
94909
95006
95052
95056
95211
95252
95298
95409
95435
95580
95610
95708
96106
96194
96352
96379
96530
96556
96578
96662
96680
96721
96727
96750
96814
97028
97343
97358
97531
97595
97645
97705
97765
97779
97923
98100
98107
98116
98152
98188
98375
98379
98443
98447
98476
98492
98528
98536
98545
98601
98656
98687
98796
98822
98961
99109
99158
99253
99255
99356
99455
99471
99586
99657
99708
99932
100138
100238
100251
100388
100557
100658
100701
100735
100889
100926
101014
101238
101292
101423
101474
101521
101646
101886
102038
102349
102429
102461
102555
102836
102908
102910
103000
103078
103081
103114
103168
103248
103262
103353
103383
103436
103525
103552
103628
103673
103727
103834
103869
104102
104185
104267
104293
104314
104322
104397
104409
104496
104525
104756
104973
104978
105189
105224
105313
105361
105375
105598
105744
105974
106066
106250
106574
106674
106828
106830
106896
106915
107034
107217
107342
107519
107558
107612
107756
107765
108167
108334
108349
108360
108361
108383
108465
108694
108723
108980
109075
109307
109377
109400
109411
109529
109552
109566
109589
109593
109627
109633
109662
109722
109802
109854
110066
110237
110278
110408
110584
110652
110658
110693
110755
110783
111018
111029
111263
111271
111390
111478
111511
111531
111536
111578
111610
111621
111906
112015
112079
112086
112137
112142
112164
112183
112208
112414
112447
112468
112479
112521
112543
112739
112744
112996
113042
113160
113321
113498
113561
113629
113660
113705
113896
113928
113965
113980
114086
114259
114326
114431
114536
114551
114645
114655
114802
114825
115075
115083
115121
115170
115174
115364
115535
115739
115853
115896
115956
115988
116020
116025
116221
116329
116526
116527
116675
116797
117027
117087
117263
117346
117407
117443
117457
117474
117562
117628
117772
117856
117869
118082
118351
118467
118478
118629
118634
118682
118709
118773
118798
118875
119033
119193
119219
119372
119405
119569
119594
119658
119792
119856
120052
120130
120176
120230
120464
120465
120523
120530
120544
120588
120818
120849
120869
120927
120949
120951
120982
120999
121002
121122
121283
121296
121302
121355
121360
121459
121640
121773
121796
121810
121836
121852
121855
121920
121922
121954
122018
122038
122051
122220
122290
122361
122382
122398
122432
122437
122605
122681
122741
122810
122831
122836
122933
123040
123162
123276
123328
123495
123593
123610
123677
123679
123686
123706
123744
124114
124180
124204
124250
124325
124363
124450
124499
124504
124533
124563
124616
124667
124733
124743
124848
124948
124980
125042
125073
125259
125299
125365
125418
125461
125493
125966
125983
126058
126118
126120
126219
126227
126243
126250
126271
126368
126458
126488
126790
126837
126917
127255
127261
127346
127388
127557
127570
127908
127965
128107
128210
128355
128455
128487
128488
128562
128611
128817
128829
128943
129013
129111
129150
129292
129489
129621
129624
129719
129787
129838
129915
129929
129938
130021
130042
130083
130224
130237
130286
130319
130405
130424
130605
130681
130761
130825
130858
130888
131169
131176
131248
131256
131343
131365
131375
131415
131594
131712
131811
131822
131911
131920
132005
132009
132070
132077
132097
132151
132397
132491
132670
132813
132867
132878
133184
133202
133204
133277
133531
133618
133654
133756
133816
133864
133873
133967
134061
134081
134122
134283
134291
134376
134490
134555
134636
134638
134666
134781
134807
134877
135068
135165
135240
135379
135410
135441
135463
135476
135478
135516
135624
135625
135799
135867
136032
136126
136154
136166
136240
136283
136295
136333
136411
136491
136525
136667
136885
136924
136950
137056
137071
137074
137154
137182
137257
137269
137309
137339
137454
137553
137589
137623
137736
137878
137889
137928
138002
138153
138164
138255
138386
138390
138451
138455
138515
138533
138548
138556
138754
138835
138870
138875
138930
138953
139004
139032
139394
139481
139502
139504
139520
139615
139715
139775
139802
139806
139856
139922
140008
140023
140144
140165
140173
140212
140320
140440
140595
140603
140620
140646
140710
140810
140834
140957
140976
140988
141241
141264
141265
141309
141357
141535
141676
141812
141871
141904
141993
142100
142125
142218
142277
142291
142389
142577
142594
142623
142706
142715
142738
142802
142929
143064
143081
143089
143147
143436
143711
143841
143872
144074
144141
144155
144363
144503
144536
144642
144651
144674
144888
144897
145111
145127
145143
145155
145160
145170
145179
145225
145258
145415
145429
145489
145558
145582
145824
145998
146066
146076
146165
146185
146272
146303
146352
146499
146534
146558
146666
146686
146788
147293
147335
147352
147452
147547
147656
147717
147781
147789
147799
147855
147891
148065
148256
148260
148281
148349
148392
148467
148489
148516
148568
148587
148596
148605
148644
148666
148671
148689
148766
148806
148932
149045
149074
149217
149726
149843
149925
150072
150103
150256
150260
150275
150332
150449
150526
150590
150648
150764
150893
150980
151035
151272
151297
151335
151400
151515
151528
151564
151605
151709
151915
151928
152066
152273
152323
152342
152391
152493
152578
152594
152659
152675
152678
152691
152695
152708
152745
152976
153054
153105
153118
153143
153342
153591
153616
153719
153846
153990
154001
154086
154201
154244
154306
154464
154484
154613
154708
154729
154842
155048
155095
155108
155116
155177
155292
155423
155437
155694
155714
155747
155886
156014
156019
156261
156285
156342
156366
156584
156667
156846
156910
156970
156999
157095
157152
157237
157256
157301
157357
157379
157399
157430
157466
157530
157654
157675
157698
157733
157831
157935
157940
158052
158119
158130
158269
158292
158416
158428
158633
158719
158738
158753
158754
158804
158846
159207
159347
159360
159542
159556
159657
159712
159746
159786
159803
160029
160192
160226
160242
160274
160309
160418
160473
160621
160625
160895
160913
160971
161088
161193
161213
161239
161306
161350
161351
161405
161406
161463
161472
161483
161524
161534
161535
161598
161601
161732
161734
161759
161802
161905
161912
162014
162018
162096
162098
162136
162278
162345
162379
162438
162511
162663
162742
162796
162911
162976
163059
163074
163313
163322
163554
163563
163569
163642
163752
163766
163845
164094
164121
164159
164171
164181
164190
164214
164223
164314
164388
164433
164481
164509
164528
164539
164588
164707
164731
164733
164910
165001
165125
165220
165240
165245
165395
165405
165484
165502
165509
165526
165777
165948
166025
166152
166275
166276
166331
166374
166384
166557
166571
166581
166600
166601
166604
166615
166638
166717
166739
166914
167095
167290
167479
167547
167551
167762
167893
167944
168131
168166
168169
168252
168424
168431
168481
168499
168550
169012
169026
169102
169191
169250
169294
169308
169337
169392
169427
169433
169445
169464
169529
169544
169581
169716
169719
169815
169883
169908
170061
170093
170135
170202
170215
170339
170549
170557
170568
170874
171068
171105
171143
171179
171184
171240
171267
171300
171391
171439
171487
171665
171676
172154
172189
172393
172406
172505
172607
172711
172714
172718
172719
172733
172739
172915
172933
173214
173673
174046
174138
174175
174265
174270
174327
174378
174467
174503
174524
174539
174566
174579
174652
174675
174684
174718
174789
174982
175018
175062
175064
175174
175423
175629
175651
175679
175974
175991
175997
176074
176212
176267
176362
176400
176424
176607
176736
176817
176984
177064
177076
177183
177328
177366
177410
177442
177469
177492
177498
177647
177707
177741
177765
177770
177890
178117
178153
178196
178205
178467
178623
178680
178888
178897
178915
179024
179051
179179
179183
179229
179236
179411
179468
179748
179759
179899
180095
180128
180143
180144
180172
180383
180477
180578
180641
180758
181025
181135
181198
181223
181238
181341
181394
181428
181508
181610
181632
181825
181850
181944
181985
182002
182027
182054
182264
182303
182333
182336
182518
182593
182634
182641
182676
182739
182801
182950
183112
183114
183133
183263
183278
183513
183515
183520
183521
183768
183793
184176
184308
184584
184618
184747
184867
184899
184963
184978
185233
185310
185313
185442
185739
185810
185934
186032
186125
186165
186194
186213
186333
186386
186536
186604
187091
187109
187335
187373
187456
187457
187463
187510
187565
187641
187890
187908
187911
188004
188075
188126
188142
188228
188234
188368
188475
188535
188745
188747
188842
188854
188997
189026
189035
189078
189242
189426
189476
189479
189582
189616
189625
189863
189983
190071
190145
190150
190218
190227
190309
190312
190374
190467
190504
190543
190638
190667
190716
190727
190729
190891
191259
191260
191380
191495
191715
191779
191805
191932
191936
191939
191955
192000
192120
192215
192283
192328
192402
192443
192854
192871
192988
193084
193157
193161
193224
193272
193313
193519
193535
193575
193603
194071
194184
194510
194529
194839
195035
195217
195267
195276
195323
195518
195626
195674
195688
195698
195702
195774
195841
195950
195995
196001
196044
196117
196124
196146
196157
196238
196240
196242
196272
196288
196304
196343
196357
196464
196538
196572
196574
196621
196625
196635
196760
196826
196858
196951
196995
197111
197161
197287
197301
197336
197337
197375
197404
197408
197528
197581
197628
197647
197718
197720
197767
197896
197898
198466
198503
198617
198697
198760
198919
198979
199064
199095
199189
199513
199616
199854
199884
199917
200115
200162
200212
200345
200375
200387
200493
200666
200872
200923
201046
201635
201691
201716
201730
201784
201789
201841
201854
201886
201901
201931
201955
201985
201987
202394
202415
202512
202678
202822
202880
202970
203039
203211
203241
203281
203414
203446
203456
203540
203599
203644
203661
203757
203849
203878
203898
203922
203955
204134
204275
204295
204351
204387
204403
204419
204473
204584
204594
204643
204647
204850
204885
204905
204954
204963
204966
205066
205343
205544
205545
205554
205627
205703
205734
205755
205780
205935
206015
206056
206059
206227
206262
206276
206377
206584
206696
206863
206966
207140
207216
207228
207325
207403
207474
207475
207497
207554
207638
207702
207706
207720
207813
207829
207880
207993
208092
208127
208146
208311
208404
208540
208600
208905
208981
209001
209078
209080
209106
209121
209132
209280
209378
209391
209529
209588
209592
209615
209801
209811
209865
209976
209984
210041
210106
210110
210127
210412
210421
210456
210719
210863
210877
210885
211054
211066
211271
211377
211542
211615
211713
211736
211758
211785
211786
211851
211878
211902
212087
212114
212220
212221
212308
212335
212440
212477
212516
212530
212625
212671
212855
212900
212994
213006
213062
213080
213107
213117
213142
213196
213296
213318
213364
213424
213547
213589
213656
213716
214212
214291
214320
214535
214661
214704
214712
214912
214934
215075
215076
215254
215467
215593
215753
215789
215804
215912
215964
216065
216138
216195
216298
216337
216353
216417
216477
216489
216572
216735
216826
216888
216904
216922
216966
217009
217049
217080
217204
217211
217259
217340
217363
217459
217607
217739
217931
218005
218049
218227
218314
218669
218684
218720
218755
218757
218767
218802
218830
218856
218885
218903
218960
219036
219172
219195
219227
219270
219525
219545
219617
219771
219847
220004
220080
220122
220217
220428
220441
220493
220545
220546
220600
220633
220652
220869
220875
220930
220963
220969
220992
221006
221137
221167
221331
221395
221574
221672
221747
221791
222081
222184
222233
222252
222319
222328
222384
222518
222525
222676
222712
222774
223037
223073
223141
223198
223296
223312
223313
223345
223673
223779
223782
223838
223920
223937
224003
224066
224113
224198
224357
224475
224614
224633
224987
225163
225184
225372
225375
225383
225457
225923
226047
226077
226093
226111
226153
226328
226353
226388
226458
226499
227125
227360
227517
227524
227533
227552
227613
227747
227787
227794
227980
228113
228358
228526
228561
228658
228683
228725
228758
228791
228903
228940
228950
228969
228970
228988
229007
229028
229133
229183
229231
229269
229283
229381
229427
229453
229711
229743
229980
230320
230342
230615
230695
230704
230774
230875
230914
230925
231102
231178
231183
231227
231229
231528
231530
231544
231768
231849
231884
231922
231978
231989
232003
232088
232640
232649
232880
232941
232965
233464
233466
233724
233730
233763
233796
233837
233874
234006
234092
234150
234280
234340
234509
234596
234880
235043
235056
235277
235346
235355
235401
235478
235487
235648
235649
235805
235845
235921
235922
236134
236288
236540
236564
236629
236661
236666
236813
236820
236861
236944
236975
236976
237059
237100
237158
237160
237164
237229
237232
237245
237250
237384
237413
237832
237952
237953
237996
237999
238124
238129
238364
238454
238579
238754
238821
238920
238921
238928
239035
239059
239159
239211
239339
239513
239528
239539
239618
239671
239751
239781
239782
239795
239838
240225
240338
240426
240607
240645
240702
240719
240745
241011
241051
241070
241077
241199
241257
241323
241488
241526
241586
241708
241919
241924
241927
241935
241980
242036
242056
242399
242461
242516
242525
242550
242581
242596
242635
242729
242868
243010
243077
243078
243195
243204
243239
243273
243289
243902
243984
244229
244311
244512
244517
244585
244632
244653
244693
244760
244814
244896
245000
245006
245033
245081
245089
245136
245397
245459
245480
245527
245565
245609
245636
245643
245658
245722
245760
245839
245846
245872
245925
245966
246499
246610
246619
246722
246799
246801
246875
246896
246906
246955
246994
247227
247235
247245
247460
247474
247718
247740
247767
247846
247872
247876
247990
248229
248237
248353
248360
248440
248781
248891
249036
249039
249063
249167
249208
249555
249583
249618
249668
249792
249941
249946
250026
250028
250046
250090
250135
250413
250740
250788
250853
250886
251001
251053
251086
251126
251154
251228
251244
251250
251262
251277
251370
251571
251615
251629
251646
251715
251870
251925
252004
252023
252050
252451
252548
252605
252745
252814
252818
252832
252924
252930
252932
253013
253179
253223
253295
253336
253398
253596
253614
253630
253757
253798
254077
254107
254169
254355
254374
254407
254518
254529
254650
254700
254802
254835
254849
254889
254915
254948
254973
254975
255164
255265
255334
255417
255427
255433
255466
255474
255538
255557
255820
255904
255911
255996
255999
256117
256140
256237
256256
256324
256336
256361
256458
256566
256643
256686
256931
257308
257533
257585
257589
257606
257629
257668
257694
257696
257770
257818
257850
257852
257980
257997
258104
258244
258261
258291
258325
258350
258427
258450
258522
258605
258628
258828
258876
258939
258948
258949
258978
259016
259077
259189
259191
259579
259714
259715
259756
259897
260012
260035
260246
260371
260452
260540
260814
260845
260846
260889
260920
261070
261118
261214
261583
261681
261701
261799
261800
261802
261907
261933
262026
262228
262345
262467
262585
262657
262658
262732
262854
262857
262883
262920
262932
262933
262961
263000
263054
263110
263129
263142
263189
263201
263476
263502
263530
263561
263582
263583
263612
263651
263859
263928
263986
263995
264063
264137
264175
264182
264185
264220
264227
264244
264354
264414
264427
264458
264740
264940
264980
265194
265243
265297
265306
265353
265363
265581
265782
265830
265900
266162
266220
266234
266255
266277
266366
266376
266438
266674
266728
266730
266767
266828
266993
267076
267088
267113
267335
267394
267406
267414
267457
267586
267596
267618
267826
267844
268005
268096
268117
268202
268295
268467
268565
268629
268840
268999
269130
269168
269291
269377
269476
269607
269917
270193
270240
270397
270537
270565
270614
270627
270695
270698
270768
270795
270796
270907
270955
271075
271078
271159
271239
271281
271342
271355
271364
271466
271586
271679
271709
271798
271868
271872
271933
271986
272054
272273
272334
272344
272423
272511
272655
272727
272735
272748
272820
272848
272920
272938
272969
273016
273042
273494
273535
273877
274029
274079
274203
274240
274308
274322
274391
274426
274447
274493
274499
274520
274608
274705
274728
274913
274948
274991
275017
275061
275115
275215
275252
275272
275298
275333
275728
275762
275778
275823
275842
275885
275962
276018
276022
276061
276197
276207
276228
276416
276461
276607
276616
276763
276781
276795
276834
276846
276951
277036
277072
277280
277378
277556
277618
277658
277668
277700
277720
277737
277759
277791
277953
278156
278157
278267
278273
278314
278326
278409
278419
278451
278508
278524
278585
