6
30
38
41
76
89
101
107
120
128
273
285
297
298
302
321
401
417
419
428
465
488
612
677
704
710
731
755
790
811
847
875
879
926
928
964
988
1017
1057
1086
1116
1122
1136
1183
1185
1205
1225
1260
1275
1303
1318
1328
1334
1344
1349
1374
1397
1398
1402
1411
1429
1430
1438
1462
1505
1522
1557
1558
1570
1595
1608
1637
1668
1683
1687
1700
1708
1770
1771
1818
1820
1828
1847
1877
1895
1911
1922
1929
1949
1977
2010
2018
2086
2122
2136
2140
2141
2194
2276
2356
2372
2374
2379
2388
2429
2432
2454
2458
2464
2483
2505
2518
2570
2597
2605
2620
2648
2679
2680
2705
2709
2740
2748
2756
2785
2806
2818
2845
2865
2909
2913
2914
2952
2980
2986
2987
2989
2996
3041
3050
3077
3112
3118
3251
3279
3318
3335
3357
3393
3451
3455
3481
3494
3564
3579
3617
3630
3646
3651
3661
3669
3689
3690
3695
3725
3781
3787
3789
3797
3800
3803
3882
3956
4044
4053
4064
4087
4088
4095
4099
4112
4115
4162
4189
4210
4211
4221
4252
4256
4260
4339
4372
4402
4417
4425
4461
4511
4569
4600
4621
4644
4731
4734
4741
4754
4775
4848
4859
4869
4883
4897
4911
4947
5002
5047
5095
5119
5131
5135
5142
5153
5181
5298
5396
5398
5402
5449
5631
5635
5677
5742
5766
5789
5810
5827
5831
5866
5930
5950
5956
5960
5979
5991
5995
6039
6090
6136
6138
6166
6173
6197
6213
6244
6273
6274
6288
6290
6292
6306
6348
6413
6451
6453
6479
6483
6484
6506
6518
6537
6595
6625
6632
6637
6643
6657
6659
6664
6684
6705
6722
6849
6863
6893
6903
6914
6931
6964
6989
6995
7052
7071
7117
7123
7132
7138
7154
7178
7225
7271
7299
7321
7323
7327
7361
7383
7384
7395
7431
7442
7467
7475
7487
7488
7520
7578
7588
7605
7613
7616
7639
7640
7665
7689
7717
7745
7772
7796
7900
7923
8022
8031
8090
8123
8135
8151
8172
8197
8199
8322
8355
8398
8409
8442
8474
8479
8488
8558
8559
8561
8576
8606
8619
8620
8667
8671
8672
8681
8687
8688
8693
8740
8747
8787
8807
8822
8860
8935
8941
8943
9025
9123
9144
9163
9193
9239
9259
9269
9314
9326
9330
9373
9393
9405
9411
9459
9485
9568
9581
9598
9600
9619
9643
9654
9671
9700
9709
9731
9733
9745
9814
9816
9820
9828
9840
9854
9873
9919
9969
9994
10005
10016
10066
10084
10097
10116
10162
10182
10188
10206
10211
10214
10224
10238
10239
10293
10320
10371
10407
10438
10460
10467
10530
10542
10550
10576
10592
10605
10612
10649
10659
10682
10692
10717
10764
10767
10780
10825
10895
10923
10930
10948
10972
10992
10994
11035
11098
11099
11144
11235
11271
11272
11274
11280
11307
11310
11339
11363
11401
11417
11434
11443
11471
11505
11530
11561
11599
11610
11661
11668
11686
11720
11723
11751
11759
11776
11779
11803
11815
11849
11893
11953
11959
11987
12006
12047
12110
12113
12116
12139
12165
12233
12320
12345
12355
12361
12367
12393
12412
12415
12430
12482
12498
12510
12540
12577
12585
12586
12599
12609
12619
12622
12675
12676
12680
12757
12774
12786
12817
12902
12916
12923
12924
12931
12992
13089
13130
13202
13248
13263
13293
13311
13318
13324
13382
13384
13391
13481
13522
13538
13557
13572
13605
13666
13676
13702
13761
13778
13779
13836
13838
13851
13871
13921
13935
13939
13947
13948
13961
13988
14000
14077
14079
14096
14107
14179
14182
14187
14203
14218
14259
14273
14283
14341
14342
14367
14369
14399
14438
14448
14479
14561
14635
14660
14664
14708
14712
14728
14764
14773
14777
14797
14801
14843
14867
14874
14961
14965
15028
15042
15054
15061
15069
15186
15187
15225
15226
15245
15248
15260
15272
15286
15293
15311
15324
15495
15500
15512
15591
15596
15610
15645
15666
15669
15671
15679
15697
15737
15771
15780
15804
15810
15832
15837
15901
15905
15931
15938
15943
15947
15954
15957
15982
15983
16006
16101
16131
16166
16195
16240
16265
16287
16298
16302
16306
16429
16432
16479
16507
16530
16547
16561
16593
16610
16612
16653
16669
16718
16741
16754
16798
16850
16874
16906
16920
16952
16955
16960
16975
16981
17024
17027
17045
17081
17088
17298
17307
17333
17336
17362
17533
17583
17627
17646
17656
17720
17741
17774
17794
17797
17815
17865
17866
17867
17905
17911
17964
17991
17996
18052
18081
18086
18104
18121
18124
18125
18208
18234
18247
18297
18298
18336
18355
18431
18455
18475
18483
18515
18533
18538
18543
18575
18607
18622
18677
18762
18765
18801
18832
18842
18846
18869
18872
18901
18952
18965
18998
19017
19020
19024
19038
19045
19048
19087
19094
19109
19194
19200
19213
19239
19250
19277
19284
19298
19306
19310
19360
19373
19376
19428
19453
19464
19487
19509
19572
19614
19648
19653
19669
19708
19839
19845
19859
19862
19873
19905
19943
19950
19952
19953
19955
20019
20034
20070
20075
20081
20095
20109
20118
20132
20150
20158
20196
20201
20212
20238
20248
20270
20318
20326
20383
20440
20488
20500
20512
20542
20547
20564
20577
20613
20617
20623
20626
20675
20718
20772
20824
20894
20902
20916
20921
20927
20944
20956
21059
21075
21098
21117
21132
21147
21184
21210
21224
21243
21262
21309
21413
21449
21486
21490
21546
21609
21725
21759
21884
21894
21934
21960
22017
22100
22117
22127
22135
22268
22270
22272
22305
22318
22326
22353
22387
22410
22448
22512
22516
22566
22568
22589
22636
22643
22675
22747
22782
22786
22793
22799
22815
22827
22920
22962
22977
22981
22984
22993
23006
23017
23117
23121
23131
23208
23234
23256
23286
23287
23305
23310
23356
23389
23435
23455
23467
23470
23477
23501
23522
23538
23544
23568
23574
23622
23630
23637
23678
23693
23706
23710
23713
23724
23749
23819
23826
23868
23896
23912
23947
23972
23979
24020
24030
24034
24184
24210
24227
24263
24286
24289
24368
24380
24382
24386
24392
24407
24462
24470
24477
24480
24485
24515
24528
24535
24540
24570
24572
24590
24635
24679
24689
24720
24747
24760
24784
24847
24854
24919
24950
24979
25026
25141
25182
25214
25219
25222
25246
25255
25283
25371
25380
25385
25390
25405
25415
25431
25445
25481
25495
25520
25546
25582
25596
25611
25631
25686
25751
25758
25766
25798
25808
25810
25861
25867
25883
25891
25902
25967
25992
26024
26044
26106
26118
26145
26177
26251
26253
26276
26288
26299
26332
26345
26370
26390
26398
26412
26416
26443
26447
26463
26465
26494
26516
26524
26528
26538
26551
26582
26586
26604
26698
26718
26740
26753
26774
26792
26879
26940
27012
27060
27078
27145
27165
27173
27185
27189
27222
27244
27263
27267
27286
27293
27295
27306
27417
27539
27561
27726
27735
27739
27744
27746
27787
27801
27829
27838
27853
27854
27874
27896
27920
27940
27951
27956
27964
27970
27983
28017
28038
28049
28058
28061
28065
28108
28110
28133
28140
28149
28177
28218
28227
28271
28355
28393
28405
28407
28457
28458
28467
28510
28527
28540
28542
28543
28561
28562
28580
28597
28600
28652
28667
28676
28713
28768
28770
28785
28838
28870
28881
28925
29019
29024
29082
29122
29175
29176
29219
29254
29279
29284
29299
29352
29389
29434
29435
29496
29556
29559
29593
29613
29631
29643
29675
29724
29729
29765
29766
29815
29831
29877
29970
29981
30045
30054
30068
30076
30079
30095
30098
30121
30123
30124
30140
30174
30201
30234
30255
30256
30302
30304
30316
30360
30362
30441
30456
30522
30570
30594
30596
30677
30686
30712
30725
30744
30763
30842
30863
30879
30890
30892
30894
30908
31033
31054
31055
31124
31127
31173
31221
31240
31248
31255
31292
31332
31360
31369
31506
31515
31518
31534
31543
31549
31555
31574
31607
31612
31701
31738
31767
31796
31838
31862
31865
31887
31891
31937
32024
32027
32076
32086
32102
32163
32177
32180
32210
32220
32236
32237
32246
32257
32298
32312
32313
32328
32336
32361
32362
32365
32375
32385
32395
32435
32459
32461
32477
32490
32534
32586
32631
32659
32674
32742
32752
32773
32789
32798
32825
32843
32849
32856
32859
32886
32926
32939
32986
32989
33006
33016
33018
33023
33032
33060
33062
33080
33150
33165
33179
33194
33241
33265
33271
33274
33291
33308
33339
33378
33407
33432
33483
33503
33535
33544
33559
33569
33601
33639
33642
33643
33649
33680
33699
33700
33701
33770
33778
33785
33831
33880
33902
33904
33935
33950
33954
33989
34011
34020
34050
34088
34143
34201
34255
34283
34289
34290
34317
34323
34331
34335
34344
34355
34379
34406
34413
34420
34447
34516
34580
34586
34632
34660
34729
34751
34771
34799
34823
34824
34836
34848
34858
34863
34866
34901
34907
34935
34941
35016
35124
35157
35214
35246
35317
35340
35347
35376
35418
35428
35460
35477
35536
35542
35551
35557
35566
35630
35637
35745
35753
35764
35780
35983
36000
36013
36065
36068
36083
36139
36143
36178
36191
36244
36251
36263
36291
36319
36361
36387
36471
36484
36543
36545
36554
36621
36658
36686
36693
36714
36743
36753
36776
36818
36831
36842
36844
36870
36879
37015
37176
37182
37202
37205
37229
37240
37283
37410
37451
37457
37520
37634
37640
37703
37715
37730
37744
37747
37750
37824
37847
37904
37935
37938
37940
37946
37956
38048
38053
38066
38084
38114
38116
38149
38153
38166
38169
38180
38198
38203
38204
38258
38292
38306
38324
38370
38372
38384
38425
38431
38434
38453
38470
38475
38504
38517
38525
38536
38573
38606
38659
38668
38715
38849
38885
38896
38973
38974
39076
39112
39120
39157
39180
39183
39187
39203
39223
39239
39267
39281
39307
39311
39397
39402
39421
39432
39470
39471
39478
39484
39486
39490
39506
39511
39527
39552
39561
39599
39642
39658
39663
39667
39751
39782
39810
39841
39890
39896
39915
39950
39963
39982
40054
40076
40114
40125
40133
40148
40156
40157
40177
40214
40219
40240
40311
40337
40357
40427
40444
40445
40460
40471
40505
40530
40534
40586
40608
40625
40637
40644
40654
40659
40667
40690
40749
40771
40787
40798
40824
40861
40873
40886
40898
40949
40974
40987
41002
41020
41040
41084
41105
41137
41200
41209
41233
41275
41287
41289
41294
41338
41341
41398
41403
41416
41420
41455
41468
41473
41491
41507
41513
41627
41639
41653
41654
41660
41676
41696
41700
41709
41802
41890
41895
41959
41960
42002
42032
42074
42102
42170
42173
42201
42247
42261
42263
42276
42367
42390
42400
42431
42441
42450
42457
42476
42539
42547
42562
42569
42620
42633
42671
42695
42722
42724
42741
42781
42787
42791
42795
42807
42826
42837
42902
42917
42918
42962
42989
43020
43025
43059
43254
43263
43273
43330
43340
43344
43353
43364
43384
43389
43538
43550
43626
43647
43653
43656
43666
43693
43707
43710
43715
43810
43811
43825
43830
43832
43836
43941
43949
43994
44034
44058
44059
44061
44066
44145
44163
44216
44300
44306
44371
44374
44376
44419
44517
44570
44593
44596
44625
44701
44715
44740
44769
44820
44836
44839
44853
44874
44875
44878
44950
44954
44986
45011
45032
45112
45144
45155
45180
45189
45198
45222
45233
45271
45339
45346
45416
45429
45459
45462
45466
45524
45563
45587
45593
45612
45664
45685
45687
45700
45721
45733
45734
45745
45779
45781
45790
45795
45804
45865
45912
45917
45921
45937
46008
46048
46148
46183
46204
46222
46226
46309
46314
46401
46430
46446
46448
46457
46507
46570
46586
46591
46658
46668
46683
46732
46833
46839
46877
46878
46902
46955
46993
46997
47072
47090
47118
47127
47198
47220
47244
47334
47335
47360
47459
47483
47496
47503
47518
47536
47550
47560
47569
47583
47607
47618
47649
47653
47656
47729
47763
47835
47839
47843
47882
47889
47902
47932
47977
47994
47996
48025
48072
48135
48143
48173
48223
48234
48262
48267
48359
48436
48455
48613
48633
48643
48654
48663
48682
48688
48689
48744
48746
48759
48770
48771
48774
48840
48892
48918
48933
48968
48969
48990
49016
49041
49058
49123
49128
49164
49192
49195
49208
49238
49272
49298
49320
49423
49428
49500
49525
49530
49543
49575
49636
49722
49782
49816
49829
49851
49861
49961
49963
49977
50024
50042
50096
50156
50161
50198
50211
50254
50278
50307
50349
50364
50404
50426
50432
50433
50443
50485
50496
50505
50546
50596
50651
50674
50708
50718
50721
50725
50729
50745
50787
50823
50829
50890
50899
50903
50934
50953
50965
50991
51032
51062
51068
51081
51201
51208
51223
51303
51340
51396
51438
51555
51561
51562
51578
51603
51608
51623
51629
51701
51711
51726
51795
51800
51836
51859
51882
51967
51994
52011
52043
52090
52096
52135
52157
52162
52241
52289
52306
52319
52345
52376
52388
52430
52444
52469
52482
52530
52570
52586
52616
52636
52654
52698
52706
52721
52751
52767
52776
52815
52851
52853
52883
52897
52931
52961
52972
52985
52986
53015
53061
53066
53071
53108
53112
53130
53244
53259
53272
53279
53313
53323
53334
53356
53359
53397
53417
53432
53435
53443
53452
53455
53465
53484
53497
53526
53528
53571
53582
53588
53608
53617
53625
53635
53642
53655
53658
53681
53688
53723
53741
53809
53837
53910
53933
53943
53946
53978
53998
54008
54046
54060
54082
54105
54141
54188
54208
54228
54280
54304
54394
54406
54407
54408
54432
54498
54506
54519
54521
54537
54718
54730
54736
54769
54772
54787
54817
54861
54869
54903
54960
54965
54990
54996
55032
55047
55055
55065
55068
55072
55116
55123
55126
55143
55175
55218
55238
55263
55281
55290
55327
55391
55424
55459
55503
55578
55606
55657
55666
55682
55697
55703
55757
55762
55791
55888
55895
55981
56002
56030
56055
56074
56102
56146
56149
56163
56177
56233
56234
56239
56240
56250
56272
56295
56309
56343
56382
56384
56387
56388
56403
56412
56448
56498
56501
56522
56530
56538
56540
56606
56616
56688
56696
56774
56809
56812
56823
56836
56877
56916
56939
56956
56971
56991
57048
57075
57123
57169
57192
57267
57295
57305
57321
57337
57354
57399
57448
57486
57530
57531
57552
57567
57628
57635
57657
57664
57740
57751
57765
57798
57799
57884
57887
57917
57953
57957
58041
58222
58231
58237
58264
58268
58298
58344
58346
58386
58555
58597
58607
58649
58657
58683
58744
58782
58818
58834
58879
58908
58924
58938
58995
59042
59055
59058
59067
59146
59147
59197
59204
59212
59236
59256
59257
59266
59267
59286
59300
59369
59375
59433
59456
59490
59576
59629
59643
59662
59669
59670
59743
59745
59767
59771
59779
59784
59815
59820
59845
59847
59851
59856
59947
60017
60024
60029
60050
60055
60082
60121
60134
60141
60180
60199
60223
60227
60242
60274
60284
60297
60298
60340
60373
60377
60381
60397
60401
60425
60426
60439
60462
60523
60572
60657
60674
60676
60678
60704
60726
60728
60761
60763
60806
60888
60950
60987
60998
61043
61076
61115
61130
61199
61205
61258
61327
61366
61381
61408
61412
61437
61442
61469
61539
61551
61567
61626
61647
61667
61676
61743
61777
61781
61782
61792
61823
61831
61867
61889
61901
61903
61922
61925
61944
61963
61983
62001
62048
62064
62107
62111
62147
62190
62199
62234
62257
62282
62291
62307
62321
62334
62384
62414
62445
62459
62460
62504
62552
62567
62579
62581
62589
62608
62627
62636
62644
62654
62677
62702
62710
62731
62744
62761
62791
62800
62813
62826
62832
62837
62859
62867
62946
62973
62978
62981
62989
63018
63020
63026
63031
63034
63070
63077
63088
63090
63100
63199
63268
63277
63288
63307
63314
63323
63337
63343
63349
63398
63401
63458
63487
63515
63547
63648
63676
63684
63714
63812
63819
63822
63859
63863
63877
63904
63950
63962
63984
63985
64001
64023
64113
64126
64215
64267
64294
64302
64306
64315
64404
64433
64437
64443
64452
64454
64484
64488
64494
64534
64561
64639
64651
64659
64671
64686
64710
64719
64788
64830
64857
64858
64869
64880
64912
64921
64935
64943
64956
64966
64967
64969
64974
65001
65008
65062
65078
65182
65188
65247
65253
65264
65271
65275
65286
65298
65316
65390
65400
65440
65442
65458
65468
65477
65481
65519
65559
65561
65575
65593
65622
65647
65666
65727
65734
65753
65765
65787
65789
65798
65818
65840
65844
65846
65870
65877
65883
65915
65927
65956
65968
65998
66010
66043
66047
66051
66061
66074
66075
66110
66111
66118
66160
66175
66239
66240
66303
66317
66350
66400
66432
66441
66453
66460
66489
66581
66591
66636
66637
66711
66735
66801
66817
66860
66915
66969
66971
66988
67029
67032
67033
67043
67044
67049
67080
67093
67101
67108
67109
67157
67164
67171
67188
67225
67237
67248
67252
67263
67280
67332
67335
67377
67429
67436
67437
67499
67557
67587
67594
67598
67604
67625
67670
67779
67816
67828
67841
67846
67861
67880
67921
67979
67992
68043
68048
68142
68202
68220
68291
68321
68349
68362
68377
68390
68424
68454
68489
68507
68687
68697
68700
68714
68723
68730
68780
68791
68799
68815
68827
68841
68906
68953
68971
68985
68999
69050
69085
69088
69113
69116
69121
69139
69146
69157
69172
69189
69192
69194
69219
69236
69250
69264
69268
69269
69288
69290
69299
69320
69338
69375
69416
69435
69492
69606
69637
69646
69651
69671
69746
69757
69763
69799
69827
69846
69848
69856
69868
69959
69971
69994
70007
70018
70033
70079
70085
70093
70104
70124
70131
70136
70149
70161
70192
70197
70273
70292
70312
70329
70348
70366
70416
70417
70432
70457
70487
70501
70508
70567
70588
70598
70600
70609
70626
70689
70700
70708
70720
70771
70780
70801
70882
70900
70901
70907
70912
70917
70946
70951
70984
70992
71024
71029
71048
71094
71147
71202
71209
71219
71223
71235
71300
71408
71508
71515
71585
71590
71680
71725
71747
71771
71869
71878
71891
71938
71972
72101
72115
72208
72243
72265
72282
72299
72322
72379
72411
72495
72505
72506
72563
72580
72609
72638
72648
72704
72718
72736
72748
72770
72803
72875
72903
72946
72979
72980
73021
73060
73087
73104
73117
73177
73178
73184
73189
73219
73237
73245
73266
73272
73332
73356
73389
73407
73412
73449
73450
73486
73487
73518
73560
73569
73584
73666
73676
73769
73777
73821
73823
73831
73843
73854
73871
73892
73911
73974
73975
74065
74105
74115
74118
74163
74171
74268
74286
74317
74364
74368
74377
74388
74402
74411
74428
74444
74498
74571
74588
74610
74750
74756
74768
74788
74814
74829
74868
74911
74938
74972
74980
74995
75008
75013
75077
75096
75098
75178
75197
75199
75297
75374
75381
75402
75474
75523
75552
75555
75571
75575
75654
75658
75693
75698
75710
75774
75792
75801
75806
75860
75915
75930
75941
75979
76030
76080
76097
76100
76103
76166
76233
76259
76260
76300
76351
76404
76412
76457
76470
76480
76483
76500
76557
76601
76605
76606
76632
76663
76669
76680
76688
76689
76734
76735
76748
76777
76866
76919
76926
77072
77075
77102
77108
77130
77133
77157
77192
77216
77220
77233
77276
77307
77343
77394
77430
77431
77558
77566
77590
77600
77614
77679
77705
77727
77756
77783
77826
77888
77931
77941
77986
78003
78083
78090
78115
78120
78123
78149
78162
78176
78182
78189
78194
78201
78256
78264
78270
78302
78304
78315
78330
78371
78390
78478
78482
78514
78552
78603
78612
78614
78639
78697
78713
78715
78774
78805
78896
78918
78949
78951
78965
78967
78973
78977
78982
79044
79084
79144
79195
79210
79214
79240
79269
79309
79316
79365
79431
79448
79473
79508
79519
79565
79591
79746
79748
79751
79824
79832
79887
79910
79969
79978
79995
79997
80006
80022
80088
80095
80118
80120
80134
80143
80156
80207
80230
80234
80252
80267
80276
80335
80362
80386
80402
80408
80441
80447
80464
80479
80484
80505
80565
80584
80762
80782
80843
80855
80885
80926
80955
80964
81002
81013
81023
81032
81050
81154
81160
81162
81186
81222
81275
81289
81354
81355
81412
81421
81436
81437
81444
81510
81512
81520
81531
81533
81632
81659
81749
81753
81763
81820
81879
81896
81906
81915
81955
81961
82030
82037
82083
82101
82113
82123
82229
82245
82356
82369
82393
82400
82421
82444
82545
82547
82560
82571
82633
82636
82709
82733
82769
82814
82817
82918
82923
82941
82973
82992
83071
83105
83163
83226
83227
83286
83346
83381
83449
83461
83577
83586
83722
83734
83735
83739
83740
83767
83809
83824
83851
83885
83893
83914
84026
84048
84060
84078
84089
84177
84206
84214
84262
84278
84323
84340
84345
84350
84370
84416
84451
84462
84476
84491
84501
84504
84510
84609
84642
84676
84682
84685
84789
84796
84828
84867
84874
84904
84936
84939
84978
84988
84994
85005
85073
85083
85101
85117
85119
85129
85145
85177
85241
85242
85266
85286
85302
85309
85355
85433
85499
85512
85522
85592
85601
85605
85624
85644
85664
85672
85715
85729
85740
85831
85951
85979
85996
86006
86031
86051
86060
86102
86125
86180
86181
86193
86209
86232
86250
86278
86282
86363
86440
86514
86541
86629
86654
86663
86697
86722
86756
86773
86788
86836
86885
86886
86890
86895
86937
86947
86949
86953
86979
87001
87012
87027
87067
87068
87083
87090
87106
87184
87194
87195
87264
87286
87307
87356
87365
87449
87455
87553
87604
87622
87637
87642
87722
87730
87735
87760
87769
87829
87831
87837
87847
87869
87884
87885
87928
87997
88014
88026
88031
88033
88056
88086
88126
88159
88208
88224
88228
88274
88298
88335
88354
88360
88389
88404
88451
88491
88506
88573
88609
88612
88642
88693
88711
88713
88749
88809
88814
88822
88825
88831
88856
88861
88883
88889
88896
88922
88940
88954
88985
89004
89035
89057
89107
89132
89135
89149
89193
89200
89275
89278
89293
89297
89331
89341
89389
89545
89554
89569
89575
89605
89634
89637
89659
89662
89667
89691
89746
89759
89787
89820
89878
89894
89906
89914
89923
89977
89986
90020
90021
90026
90059
90079
90112
90137
90186
90331
90418
90452
90462
90465
90501
90542
90574
90603
90705
90725
90778
90779
90821
90822
90856
90869
90886
90891
90892
90900
90903
90916
90957
90984
91009
91077
91121
91139
91161
91189
91222
91249
91267
91269
91289
91290
91303
91369
91444
91565
91663
91677
91716
91746
91774
91826
91872
91887
91910
91926
91959
92016
92030
92037
92062
92066
92071
92077
92081
92084
92097
92101
92111
92125
92135
92158
92164
92182
92220
92229
92232
92280
92309
92314
92329
92364
92366
92386
92392
92425
92440
92456
92458
92490
92502
92521
92536
92544
92589
92590
92599
92606
92608
92629
92649
92730
92735
92772
92779
92782
92797
92815
92834
92898
92952
92953
92989
93000
93137
93141
93166
93175
93194
93204
93225
93235
93244
93289
93333
93363
93426
93438
93451
93453
93454
93458
93460
93480
93486
93529
93537
93547
93569
93573
93575
93641
93680
93689
93707
93762
93845
93847
93855
93981
93996
94005
94036
94044
94089
94155
94174
94192
94250
94325
94370
94397
94457
94496
94519
94532
94536
94554
94563
94591
94633
94668
94823
94878
94885
94901
94909
94928
94950
94988
95025
95086
95128
95138
95158
95164
95172
95201
95370
95435
95444
95484
95529
95580
95668
95686
95708
95722
95723
95724
95739
95775
95797
95891
95893
95902
96064
96084
96098
96163
96252
96259
96286
96352
96366
96444
96490
96510
96586
96618
96670
96679
96705
96725
96727
96759
96768
96773
96775
96814
96817
96823
96830
96835
96839
96989
97038
97075
97079
97133
97161
97191
97229
97270
97329
97395
97467
97518
97524
97531
97577
97595
97599
97602
97611
97622
97629
97650
97652
97705
97710
97731
97732
97765
97774
97775
97826
97920
97930
97966
97990
98051
98098
98105
98107
98126
98146
98152
98175
98191
98227
98303
98310
98335
98369
98405
98429
98507
98565
98604
98612
98747
98791
98939
98974
98982
98994
99033
99084
99116
99151
99189
99222
99232
99234
99253
99254
99289
99298
99301
99308
99323
99337
99338
99340
99342
99356
99368
99374
99400
99455
99544
99546
99552
99586
99593
99640
99646
99745
99766
99784
99810
99836
99846
99848
99898
99966
99975
100001
100007
100043
100058
100094
100112
100125
100138
100174
100242
100288
100375
100390
100427
100439
100443
100453
100454
100466
100467
100482
100486
100522
100538
100558
100579
100643
100658
100662
100682
100724
100735
100756
100764
100772
100776
100801
100847
100852
100861
100862
100888
100938
100947
100999
101014
101020
101031
101138
101170
101172
101215
101238
101240
101255
101265
101271
101283
101305
101323
101356
101406
101421
101423
101473
101481
101514
101570
101571
101585
101591
101616
101754
101861
101913
101920
101935
101944
101951
101955
101970
102001
102007
102048
102051
102058
102110
102124
102136
102147
102183
102194
102197
102247
102251
102253
102282
102289
102302
102316
102360
102367
102385
102418
102445
102455
102461
102463
102468
102508
102517
102522
102526
102550
102556
102604
102633
102650
102672
102718
102728
102738
102773
102802
102803
102822
102844
102873
102917
102927
102965
103058
103081
103085
103133
103140
103149
103173
103212
103222
103262
103319
103353
103451
103465
103470
103545
103600
103617
103628
103669
103680
103763
103785
103790
103804
103867
103884
103904
103909
103928
104064
104070
104157
104171
104200
104260
104267
104293
104307
104327
104350
104407
104443
104449
104469
104499
104516
104523
104600
104674
104710
104845
104859
104903
104908
104973
104978
105006
105048
105074
105080
105099
105156
105176
105189
105215
105281
105304
105316
105321
105322
105342
105377
105430
105448
105535
105545
105563
105606
105608
105625
105660
105671
105677
105710
105714
105744
105796
105828
105831
105833
105900
105912
105934
105936
106004
106018
106029
106066
106070
106128
106167
106191
106201
106223
106245
106249
106281
106335
106345
106361
106414
106472
106476
106653
106656
106674
106720
106724
106727
106737
106831
106896
106923
106961
107022
107027
107077
107122
107129
107159
107180
107299
107315
107320
107339
107342
107364
107368
107371
107428
107442
107483
107485
107493
107513
107515
107519
107579
107580
107581
107695
107699
107708
107751
107830
107858
107882
107952
107954
107979
108006
108032
108072
108076
108083
108100
108124
108244
108268
108311
108349
108361
108366
108404
108418
108481
108511
108520
108535
108568
108580
108655
108657
108694
108711
108717
108729
108771
108888
108910
109016
109048
109051
109061
109070
109112
109136
109137
109272
109307
109311
109333
109349
109351
109377
109394
109428
109439
109566
109576
109580
109604
109606
109612
109630
109662
109672
109705
109722
109731
109766
109802
109842
109848
109898
109916
109939
109986
110015
110062
110066
110157
110263
110271
110272
110285
110319
110320
110331
110469
110477
110529
110579
110584
110642
110656
110674
110688
110733
110759
110773
110786
110819
110855
110895
110897
110917
110940
111018
111035
111037
111039
111047
111076
111079
111114
111159
111163
111200
111232
111237
111238
111244
111254
111271
111300
111352
111357
111380
111457
111460
111493
111515
111520
111536
111578
111621
111622
111665
111669
111696
111729
111764
111791
111806
111878
111886
111896
111904
111979
111987
112015
112018
112025
112091
112137
112183
112213
112234
112250
112278
112279
112327
112335
112383
112410
112425
112468
112477
112479
112543
112551
112605
112609
112673
112677
112709
112737
112748
112755
112756
112815
112830
112866
112899
112963
112978
112995
112996
113072
113079
113093
113155
113157
113208
113230
113284
113324
113336
113427
113481
113489
113498
113516
113545
113556
113614
113619
113629
113705
113718
113728
113753
113892
113957
113966
113970
113977
114063
114083
114097
114216
114259
114296
114344
114378
114421
114475
114478
114536
114551
114553
114563
114564
114566
114575
114581
114583
114606
114620
114630
114655
114683
114745
114797
114802
114806
114825
114837
114868
114891
114934
114974
115001
115075
115119
115125
115133
115170
115205
115319
115388
115394
115411
115421
115477
115516
115529
115540
115541
115544
115570
115577
115616
115629
115631
115632
115691
115695
115723
115725
115793
115804
115808
115892
115895
115897
115916
115988
115992
115995
116016
116083
116112
116133
116192
116281
116318
116341
116358
116388
116399
116428
116433
116452
116468
116516
116520
116525
116526
116566
116578
116647
116651
116686
116691
116754
116781
116846
116866
116925
116951
116973
117007
117039
117055
117134
117150
117160
117168
117169
117175
117215
117228
117283
117294
117307
117320
117342
117343
117378
117420
117435
117474
117490
117579
117588
117612
117650
117688
117693
117751
117772
117793
117803
117852
117889
117901
117905
118075
118089
118154
118253
118255
118294
118329
118386
118396
118397
118415
118418
118449
118453
118468
118470
118551
118694
118729
118749
118783
118786
118793
118814
118829
118857
118908
118945
119005
119011
119017
119033
119063
119066
119175
119200
119236
119260
119263
119290
119298
119326
119354
119405
119407
119482
119572
119594
119596
119601
119609
119613
119658
119697
119708
119760
119792
119856
119860
119881
119903
119906
119950
119964
120007
120055
120077
120085
120103
120110
120121
120130
120166
120188
120203
120208
120248
120256
120285
120286
120315
120366
120369
120377
120433
120455
120523
120588
120641
120693
120826
120845
120851
120949
120964
121014
121039
121050
121087
121107
121111
121115
121235
121283
121364
121380
121486
121530
121541
121555
121560
121571
121586
121610
121630
121643
121675
121731
121796
121802
121813
121836
121877
121891
121900
121904
121944
121954
121984
122006
122024
122124
122137
122180
122201
122218
122228
122282
122291
122317
122321
122363
122364
122432
122437
122447
122466
122542
122577
122596
122651
122681
122687
122741
122752
122810
122812
122831
122836
122849
122968
122970
122990
123024
123039
123040
123047
123071
123075
123138
123209
123230
123279
123316
123348
123436
123468
123501
123548
123630
123661
123677
123679
123707
123709
123764
123790
123792
123802
123813
123822
123823
123829
123843
123857
123867
123916
123918
123932
123975
124023
124058
124064
124110
124161
124169
124199
124208
124210
124233
124241
124286
124325
124368
124414
124436
124450
124483
124515
124545
124569
124579
124613
124652
124743
124752
124792
124806
124849
124853
124869
124870
124909
124917
124948
124965
124980
125025
125042
125070
125086
125106
125109
125115
125130
125202
125205
125229
125240
125254
125265
125299
125315
125318
125330
125331
125352
125357
125393
125397
125404
125406
125447
125449
125469
125481
125490
125520
125521
125525
125531
125565
125617
125620
125643
125656
125694
125717
125778
125804
125869
125884
125914
125960
125974
125987
125999
126093
126100
126137
126154
126165
126172
126182
126204
126216
126245
126248
126274
126280
126286
126305
126317
126325
126335
126359
126368
126386
126400
126431
126448
126449
126472
126500
126546
126569
126570
126604
126621
126649
126653
126667
126701
126726
126727
126737
126761
126768
126778
126783
126899
126922
126943
126966
126968
126991
127023
127027
127172
127352
127396
127407
127447
127456
127580
127586
127628
127638
127697
127706
127715
127788
127789
127832
127886
127888
127952
127968
127989
128010
128170
128210
128218
128221
128225
128263
128267
128269
128288
128355
128370
128423
128437
128483
128563
128589
128604
128693
128858
128917
128966
128980
129021
129033
129134
129137
129150
129159
129164
129197
129292
129325
129346
129375
129387
129403
129430
129445
129477
129503
129555
129566
129569
129577
129595
129601
129637
129720
129760
129775
129787
129838
129844
129929
129949
130045
130054
130083
130132
130148
130163
130239
130254
130264
130284
130287
130339
130360
130379
130405
130433
130456
130463
130536
130554
130562
130580
130599
130605
130655
130703
130716
130825
130862
130871
130905
130924
130933
130934
130938
130997
131019
131021
131055
131116
131134
131169
131176
131211
131230
131252
131253
131256
131292
131297
131328
131330
131334
131415
131423
131457
131514
131516
131549
131556
131564
131612
131620
131631
131641
131693
131740
131758
131798
131853
131875
131967
132015
132026
132070
132077
132088
132112
132114
132151
132179
132295
132308
132399
132451
132539
132573
132593
132615
132621
132631
132657
132680
132754
132786
132790
132796
132813
132854
132873
132898
132924
132950
132989
133013
133037
133044
133056
133064
133100
133101
133119
133171
133184
133193
133204
133230
133284
133307
133328
133346
133372
133390
133419
133455
133497
133511
133517
133562
133565
133598
133603
133610
133614
133652
133654
133664
133699
133716
133742
133750
133751
133825
133843
133853
133925
133936
133937
133980
133989
133990
134032
134054
134110
134112
134122
134167
134200
134254
134318
134440
134462
134565
134578
134604
134621
134666
134671
134672
134703
134719
134754
134767
134858
134877
134885
134894
134899
134932
134935
134949
134984
134989
135068
135076
135132
135209
135231
135240
135268
135287
135304
135321
135413
135433
135464
135476
135482
135512
135530
135588
135591
135624
135626
135643
135690
135707
135768
135814
135867
135875
135943
135972
136009
136127
136131
136141
136142
136198
136220
136228
136253
136277
136280
136283
136357
136411
136420
136498
136510
136515
136585
136649
136673
136679
136696
136729
136744
136766
136784
136790
136807
136816
136844
136922
136924
136950
137071
137137
137168
137275
137280
137306
137352
137375
137401
137512
137528
137553
137563
137623
137630
137641
137658
137669
137692
137698
137797
137807
137961
137985
137992
138003
138046
138048
138065
138094
138145
138164
138273
138325
138332
138378
138412
138448
138533
138556
138614
138630
138636
138707
138724
138798
138799
138806
138807
138831
138849
138869
138891
138940
139014
139032
139047
139106
139113
139117
139140
139144
139158
139161
139164
139165
139177
139292
139317
139329
139351
139445
139476
139481
139492
139515
139520
139577
139615
139624
139630
139715
139756
139765
139820
139920
140008
140055
140091
140106
140114
140141
140144
140160
140161
140163
140212
140232
140235
140253
140265
140269
140283
140320
140456
140484
140486
140535
140575
140595
140602
140671
140672
140737
140792
140803
140866
140876
140883
140897
140908
140981
140985
140988
140990
141012
141017
141031
141033
141042
141061
141066
141089
141100
141161
141236
141251
141261
141337
141338
141357
141402
141444
141506
141550
141579
141584
141601
141633
141641
141663
141748
141904
141971
141972
142008
142058
142070
142092
142169
142251
142253
142258
142325
142455
142476
142510
142594
142596
142612
142648
142671
142715
142756
142774
142776
142792
142796
142799
142836
142845
142886
142899
142975
142977
142997
143011
143028
143064
143132
143145
143187
143188
143232
143264
143281
143371
143402
143428
143436
143437
143440
143459
143528
143593
143596
143602
143623
143645
143711
143749
143781
143788
143789
143812
143841
143870
143900
143931
143962
143980
143997
144001
144041
144042
144081
144155
144161
144188
144208
144255
144286
144300
144312
144377
144383
144428
144488
144546
144578
144592
144667
144680
144706
144714
144722
144724
144727
144822
144824
144861
144876
144930
144983
144984
145014
145068
145095
145123
145216
145243
145282
145308
145353
145415
145429
145493
145516
145565
145582
145671
145678
145681
145689
145695
145703
145732
145736
145754
145815
145852
145864
145872
145873
145895
145923
145987
146005
146041
146066
146073
146078
146131
146165
146204
146208
146258
146272
146303
146316
146465
146536
146543
146546
146564
146571
146583
146584
146613
146686
146707
146762
146801
146808
146818
146835
146897
146909
146913
146949
146957
146960
147063
147118
147157
147179
147212
147255
147293
147294
147299
147333
147360
147362
147415
147452
147453
147459
147498
147505
147549
147592
147593
147655
147656
147717
147742
147760
147773
147790
147794
147813
147819
147826
147873
147888
147911
147943
147948
147956
147957
147961
148018
148034
148065
148075
148144
148173
148215
148235
148256
148270
148294
148328
148337
148392
148393
148425
148477
148478
148480
148489
148493
148526
148562
148587
148596
148601
148606
148609
148621
148657
148661
148670
148689
148701
148714
148715
148737
148815
148838
148860
148879
148886
149011
149022
149032
149053
149055
149158
149160
149192
149257
149264
149287
149290
149337
149421
149495
149523
149528
149536
149570
149586
149600
149622
149636
149683
149690
149692
149699
149715
149750
149752
149808
149809
149833
149910
149938
149960
149963
150012
150036
150066
150084
150092
150151
150162
150217
150233
150236
150251
150275
150289
150298
150337
150369
150420
150444
150458
150480
150496
150499
150533
150557
150590
150648
150809
150817
150861
150880
150899
150972
150980
151008
151045
151085
151089
151106
151142
151179
151192
151193
151276
151297
151299
151314
151338
151341
151387
151394
151465
151480
151486
151528
151531
151537
151553
151564
151573
151605
151613
151631
151678
151696
151700
151701
151718
151731
151741
151777
151830
151846
151884
151928
151934
151946
152005
152025
152033
152037
152056
152104
152121
152139
152163
152171
152174
152178
152181
152212
152214
152273
152319
152325
152342
152343
152348
152356
152371
152410
152421
152435
152465
152470
152474
152546
152556
152574
152655
152660
152678
152695
152745
152750
152751
152764
152783
152787
152796
152909
152970
152980
152985
152989
153034
153039
153049
153081
153154
153221
153234
153261
153264
153280
153303
153342
153394
153404
153433
153537
153549
153553
153565
153595
153608
153630
153633
153659
153714
153777
153875
153991
154083
154138
154160
154173
154227
154244
154246
154294
154312
154313
154345
154379
154403
154439
154453
154459
154520
154620
154621
154663
154670
154689
154729
154733
154790
154796
154873
154889
154910
154940
155029
155048
155057
155081
155094
155156
155166
155292
155317
155326
155350
155430
155447
155463
155471
155491
155498
155504
155558
155609
155644
155657
155778
155795
155813
155836
155849
155868
155886
155900
155932
155939
156063
156069
156071
156079
156083
156098
156105
156109
156110
156182
156211
156234
156269
156285
156330
156365
156402
156419
156477
156516
156518
156602
156653
156667
156670
156683
156684
156712
156732
156734
156767
156809
156876
156879
156972
156997
157049
157121
157144
157145
157147
157163
157220
157242
157262
157285
157357
157360
157537
157546
157611
157626
157635
157637
157655
157802
157806
157852
157875
157903
157988
157997
157999
158045
158049
158052
158088
158103
158104
158144
158158
158231
158256
158263
158292
158306
158316
158342
158356
158401
158410
158428
158474
158639
158676
158696
158728
158743
158783
158820
158848
158876
158943
159069
159088
159096
159117
159128
159203
159222
159241
159273
159320
159336
159418
159482
159489
159499
159503
159538
159556
159582
159589
159596
159648
159657
159722
159726
159728
159801
159803
159820
159833
159866
159944
160029
160044
160107
160121
160137
160145
160181
160242
160264
160283
160295
160358
160397
160401
160406
160430
160474
160525
160541
160557
160580
160611
160625
160641
160742
160766
160796
160830
160836
160861
160874
160877
160881
160900
160907
160926
160971
160991
161021
161022
161030
161102
161119
161120
161213
161218
161234
161239
161306
161357
161359
161381
161401
161428
161469
161529
161535
161536
161562
161592
161598
161616
161697
161734
161782
161797
161853
161861
161874
161912
161920
161993
162027
162045
162061
162089
162123
162210
162238
162240
162288
162314
162344
162345
162379
162384
162387
162401
162426
162429
162498
162522
162531
162554
162665
162694
162724
162825
162850
162873
162888
162902
162918
162937
162952
163010
163016
163021
163022
163074
163127
163154
163261
163306
163320
163322
163332
163397
163408
163412
163486
163521
163530
163531
163568
163585
163587
163711
163731
163758
163775
163799
163845
163883
163886
163891
163896
163898
163900
163912
163926
163953
163965
164017
164121
164142
164143
164148
164168
164171
164223
164252
164259
164282
164314
164351
164367
164374
164416
164419
164547
164553
164567
164631
164632
164640
164649
164652
164684
164707
164711
164783
164784
164811
164876
164882
165001
165096
165097
165105
165115
165125
165135
165139
165151
165217
165220
165235
165240
165273
165342
165344
165360
165389
165417
165435
165477
165502
165509
165511
165526
165550
165632
165685
165740
165790
165862
165866
165893
165929
165938
165948
165951
165965
166055
166102
166138
166208
166210
166260
166275
166290
166299
166318
166347
166384
166443
166496
166558
166570
166613
166638
166652
166689
166714
166756
166791
166795
166827
166831
166841
166884
166905
167013
167026
167057
167072
167082
167237
167281
167290
167309
167311
167337
167353
167470
167475
167479
167487
167542
167573
167580
167587
167588
167589
167592
167651
167660
167754
167774
167794
167800
167810
167847
167850
167924
168043
168049
168069
168108
168131
168167
168169
168248
168279
168315
168323
168342
168420
168426
168481
168488
168490
168522
168537
168570
168597
168617
168639
168691
168706
168725
168734
168742
168762
168763
168821
168852
168872
168873
168909
168940
168969
169025
169077
169089
169106
169158
169165
169186
169236
169316
169321
169345
169349
169399
169403
169427
169581
169596
169702
169722
169723
169764
169793
169815
169829
169867
169879
169902
169914
169941
170038
170061
170105
170129
170133
170135
170173
170174
170183
170244
170259
170267
170297
170403
170411
170549
170557
170621
170648
170670
170702
170712
170744
170754
170757
170758
170781
170836
170842
170870
170943
171021
171039
171052
171105
171124
171133
171154
171159
171181
171182
171227
171296
171312
171314
171320
171387
171391
171394
171405
171431
171492
171527
171535
171633
171650
171665
171810
171867
171876
171880
171898
171903
171962
171993
172003
172032
172046
172054
172138
172154
172181
172206
172208
172234
172264
172294
172340
172385
172392
172411
172423
172442
172453
172460
172476
172521
172539
172541
172559
172701
172724
172725
172727
172831
172862
172932
172962
172988
173005
173016
173041
173142
173166
173168
173191
173212
173214
173218
173244
173256
173294
173338
173358
173359
173361
173365
173527
173529
173554
173555
173569
173584
173605
173654
173694
173756
173769
173780
173891
173897
173901
173932
173959
174016
174058
174065
174129
174149
174163
174193
174195
174214
174222
174270
174286
174310
174327
174343
174393
174470
174485
174539
174579
174586
174590
174595
174643
174674
174684
174743
174763
174791
174814
174837
174896
174902
174912
174913
174973
175004
175074
175131
175136
175143
175262
175264
175301
175334
175356
175473
175548
175571
175580
175629
175645
175651
175681
175704
175711
175731
175797
175802
175825
175838
175851
175870
175879
175886
175901
175921
175927
175967
175974
175975
175997
176004
176020
176030
176032
176054
176058
176158
176187
176212
176213
176243
176307
176349
176359
176362
176400
176418
176439
176468
176560
176566
176575
176597
176605
176607
176663
176678
176715
176730
176737
176761
176799
176809
176812
176842
176850
176873
176916
176954
176960
176984
176988
176998
177005
177076
177087
177167
177212
177230
177243
177310
177360
177381
177433
177545
177553
177555
177559
177579
177582
177600
177616
177629
177654
177660
177821
177848
177863
177870
177892
177893
177914
177922
177936
177941
177957
177992
178017
178033
178094
178134
178144
178153
178195
178205
178242
178291
178299
178362
178365
178383
178407
178467
178471
178516
178517
178518
178520
178522
178548
178551
178643
178701
178736
178739
178818
178868
178869
178892
178917
178921
178925
178999
179053
179108
179165
179212
179213
179224
179228
179229
179230
179250
179318
179379
179402
179411
179470
179564
179582
179649
179651
179680
179683
179686
179691
179692
179705
179773
180010
180128
180196
180383
180384
180396
180420
180447
180467
180472
180533
180550
180608
180612
180700
180725
180733
180766
180814
180856
180958
180970
181054
181135
181137
181140
181160
181186
181210
181256
181321
181346
181380
181399
181419
181469
181573
181586
181626
181720
181760
181823
181826
181833
181838
181860
181893
181949
182022
182027
182048
182049
182080
182082
182138
182140
182146
182209
182287
182300
182312
182331
182333
182392
182412
182428
182486
182494
182535
182542
182546
182590
182591
182592
182593
182594
182595
182681
182691
182698
182727
182728
182739
182769
182787
182804
182869
182881
182912
182939
183014
183060
183133
183164
183173
183202
183213
183249
183339
183341
183363
183381
183476
183628
183722
183766
183779
183816
183882
183967
184010
184016
184114
184152
184172
184227
184229
184235
184238
184266
184271
184314
184371
184418
184427
184431
184461
184513
184552
184584
184600
184645
184656
184770
184797
184801
184819
184845
184888
184946
185049
185052
185053
185062
185114
185174
185175
185233
185310
185367
185461
185511
185523
185536
185587
185621
185655
185680
185696
185701
185880
185885
185903
185923
185936
186102
186113
186162
186165
186187
186220
186262
186333
186353
186386
186397
186410
186503
186508
186529
186603
186604
186615
186635
186644
186681
186700
186749
186784
186804
186852
186860
186882
186893
186932
186953
187038
187048
187069
187110
187117
187140
187172
187173
187218
187310
187338
187352
187395
187410
187451
187456
187510
187534
187587
187613
187638
187641
187689
187695
187849
187856
187911
187963
187978
188005
188015
188073
188085
188102
188103
188120
188136
188148
188167
188179
188181
188212
188249
188303
188342
188402
188420
188452
188478
188530
188553
188558
188602
188633
188730
188745
188747
188785
188790
188841
188851
188854
188988
188993
189026
189102
189108
189153
189173
189176
189184
189204
189242
189261
189271
189286
189296
189335
189342
189430
189434
189440
189442
189458
189471
189485
189490
189543
189549
189616
189623
189672
189706
189727
189755
189793
189832
189833
189863
189901
189914
189970
189995
190015
190055
190061
190133
190162
190176
190193
190206
190215
190226
190229
190241
190258
190278
190293
190310
190400
190434
190446
190504
190516
190525
190540
190550
190565
190567
190626
190711
190812
190825
190841
190854
190857
190915
190925
190942
190949
190957
190999
191074
191079
191131
191151
191166
191191
191211
191241
191262
191277
191281
191292
191467
191489
191495
191519
191575
191584
191593
191627
191669
191698
191709
191713
191715
191744
191771
191777
191792
191800
191805
191818
191857
191858
191936
191946
191964
191967
191977
191998
192016
192028
192047
192056
192072
192088
192120
192141
192221
192230
192256
192283
192315
192345
192373
192378
192380
192402
192444
192445
192452
192479
192484
192490
192500
192615
192624
192736
192760
192783
192787
192826
192835
192855
192883
192886
192887
192895
192923
192995
193011
193031
193054
193065
193088
193093
193102
193159
193214
193333
193382
193413
193414
193451
193535
193553
193603
193632
193667
193668
193735
193741
193778
193903
193912
193944
194003
194063
194090
194176
194196
194224
194323
194343
194406
194462
194470
194524
194535
194691
194727
194745
194796
194804
194843
194862
194867
194868
194905
195012
195048
195062
195102
195182
195221
195238
195247
195256
195267
195298
195302
195319
195323
195329
195363
195397
195421
195448
195469
195547
195582
195719
195812
195818
195840
195922
196023
196026
196055
196130
196160
196230
196272
196311
196312
196371
196554
196572
196711
196720
196768
196823
196826
196858
196904
197030
197041
197143
197194
197226
197235
197251
197261
197269
197301
197312
197396
197404
197411
197517
197650
197654
197655
197718
197737
197798
197899
197995
198032
198093
198119
198200
198222
198369
198451
198652
198684
198687
198712
198788
198796
198802
198803
198920
198935
198967
198984
199007
199013
199101
199150
199333
199391
199393
199404
199409
199430
199434
199478
199491
199501
199510
199609
199619
199631
199659
199679
199750
199774
199777
199781
199799
199873
199881
199995
200030
200038
200049
200128
200162
200183
200192
200199
200220
200232
200273
200308
200348
200350
200396
200441
200444
200446
200498
200556
200626
200631
200635
200643
200666
200701
200703
200799
200864
200938
200950
200976
200996
201019
201057
201067
201073
201074
201077
201094
201125
201130
201192
201231
201233
201335
201348
201372
201511
201539
201543
201555
201566
201574
201624
201635
201678
201714
201730
201731
201807
201810
201824
201861
201863
201985
202071
202100
202131
202154
202173
202191
202263
202374
202394
202410
202441
202490
202496
202512
202525
202531
202553
202588
202606
202644
202650
202692
202731
202794
202822
202826
202843
202893
202894
202908
202970
202975
202986
203027
203151
203169
203232
203238
203287
203314
203391
203398
203511
203528
203540
203610
203613
203633
203645
203661
203716
203717
203757
203769
203772
203835
203836
203933
204018
204042
204082
204152
204178
204189
204260
204286
204297
204299
204328
204385
204388
204443
204468
204473
204632
204724
204760
204773
204779
204789
204833
204836
204851
204889
204914
204929
204935
204998
205019
205094
205110
205111
205122
205145
205147
205154
205217
205227
205278
205322
205339
205397
205486
205492
205523
205534
205544
205646
205664
205730
205734
205749
205755
205757
205760
205761
205807
205949
205954
205960
205966
206005
206009
206015
206020
206030
206039
206097
206129
206138
206153
206157
206170
206193
206222
206276
206280
206289
206350
206362
206371
206381
206387
206492
206505
206571
206648
206661
206696
206703
206781
206800
206833
206853
206876
206884
206912
206926
206934
206939
207057
207084
207085
207094
207144
207205
207216
207227
207251
207263
207310
207333
207367
207386
207456
207475
207477
207489
207492
207494
207505
207528
207532
207616
207648
207653
207697
207734
207745
207755
207803
207813
207822
207845
207900
207928
207943
207945
207951
207962
208069
208076
208080
208108
208117
208188
208227
208245
208287
208303
208311
208327
208353
208400
208440
208442
208540
208568
208587
208588
208615
208635
208678
208736
208741
208744
208752
208828
208831
209014
209046
209115
209144
209219
209275
209281
209334
209351
209380
209408
209418
209443
209450
209469
209512
209540
209544
209555
209575
209584
209592
209602
209694
209713
209722
209750
209765
209797
209809
209876
209881
209918
209940
209942
209983
209984
210011
210045
210055
210061
210106
210110
210151
210158
210173
210221
210254
210273
210314
210329
210332
210405
210516
210605
210629
210689
210719
210721
210762
210773
210787
210789
210797
210922
210971
210972
211034
211054
211105
211116
211179
211184
211216
211236
211243
211249
211273
211402
211419
211533
211567
211601
211605
211644
211661
211672
211691
211705
211721
211729
211745
211786
211788
211848
211886
211932
211940
211967
212046
212050
212086
212092
212106
212146
212161
212207
212221
212324
212343
212383
212409
212414
212459
212479
212486
212514
212515
212516
212537
212615
212625
212632
212673
212715
212740
212750
212762
212771
212847
212901
212965
212967
212994
213017
213034
213040
213048
213052
213108
213129
213206
213309
213382
213388
213424
213478
213547
213586
213589
213595
213659
213679
213753
213764
213772
213805
213839
213972
213991
214004
214040
214063
214078
214125
214277
214287
214320
214325
214330
214336
214351
214407
214439
214441
214505
214509
214516
214546
214570
214603
214659
214666
214746
214768
214797
214815
214856
214859
214887
214921
214970
214979
215007
215056
215075
215086
215118
215127
215160
215180
215230
215252
215274
215289
215318
215321
215383
215387
215419
215463
215467
215487
215491
215502
215519
215522
215538
215666
215667
215678
215683
215684
215734
215753
215797
215825
215831
215872
215894
215898
215922
215924
215925
215964
215986
215996
216038
216063
216115
216116
216138
216247
216303
216326
216370
216419
216429
216438
216442
216467
216478
216520
216523
216537
216544
216603
216605
216666
216684
216689
216693
216721
216756
216817
216847
216920
216998
217009
217080
217100
217136
217177
217179
217204
217229
217230
217259
217269
217336
217358
217362
217403
217423
217533
217557
217609
217623
217649
217698
217699
217705
217723
217750
217785
217823
217853
217884
217924
217987
218001
218009
218063
218106
218185
218272
218278
218298
218321
218324
218357
218397
218402
218502
218642
218648
218680
218684
218728
218756
218809
218830
218862
218884
218885
218981
218995
219018
219146
219165
219236
219309
219318
219359
219360
219410
219415
219475
219477
219495
219511
219529
219534
219609
219617
219670
219697
219759
219830
219880
219943
220042
220046
220090
220097
220190
220230
220288
220291
220300
220305
220427
220428
220490
220574
220613
220633
220648
220658
220659
220673
220719
220791
220829
220857
220862
220891
220909
220930
220987
220999
221063
221142
221174
221209
221216
221231
221287
221288
221331
221353
221388
221395
221425
221428
221461
221471
221506
221566
221570
221581
221622
221724
221735
221739
221743
221748
221827
221857
221912
221918
221941
221959
221976
221978
222043
222063
222189
222211
222255
222258
222300
222333
222378
222435
222443
222450
222455
222521
222587
222605
222608
222653
222845
222855
222946
223000
223141
223193
223208
223228
223268
223349
223371
223421
223504
223522
223623
223649
223699
223713
223759
223763
223771
223806
223817
223822
223827
223841
223863
223903
223979
224004
224046
224050
224051
224057
224116
224120
224125
224149
224262
224263
224296
224305
224382
224495
224521
224527
224567
224651
224680
224702
224708
224728
224836
224911
224941
224985
225139
225178
225191
225198
225278
225287
225330
225397
225403
225434
225436
225493
225565
225566
225630
225634
225637
225796
225814
225960
225978
226047
226096
226142
226208
226222
226230
226242
226253
226255
226288
226290
226328
226381
226385
226388
226404
226414
226502
226522
226530
226636
226661
226701
226740
226749
226787
226788
226813
226878
226903
226918
227030
227060
227093
227159
227170
227177
227193
227194
227201
227225
227233
227265
227346
227365
227397
227441
227494
227524
227548
227575
227611
227735
227747
227786
227841
227921
227994
228002
228133
228134
228146
228169
228262
228267
228276
228293
228340
228351
228358
228383
228408
228412
228416
228468
228509
228536
228544
228560
228607
228617
228623
228626
228683
228741
228758
228791
228824
228888
228950
228968
229017
229073
229117
229169
229178
229322
229329
229345
229389
229427
229439
229450
229473
229478
229481
229493
229521
229534
229551
229554
229563
229590
229696
229743
229776
229794
229853
229956
229958
230018
230022
230037
230145
230158
230260
230274
230326
230342
230359
230459
230471
230530
230586
230658
230666
230670
230744
230773
230797
230806
230815
230843
230865
230875
230914
230933
230937
231068
231071
231072
231081
231112
231177
231183
231195
231202
231276
231342
231454
231467
231482
231497
231510
231544
231593
231649
231734
231787
231788
231840
231843
231862
231925
231978
232021
232027
232056
232065
232115
232143
232157
232162
232170
232216
232251
232331
232340
232411
232529
232531
232573
232576
232584
232632
232635
232702
232716
232726
232770
232805
232809
232820
232835
232854
232860
232867
232910
232934
232941
232952
232988
233015
233056
233080
233087
233108
233114
233136
233194
233241
233347
233353
233391
233437
233455
233464
233496
233517
233521
233524
233526
233554
233604
233637
233646
233730
233745
233837
233876
233881
233935
233945
233950
233989
233995
234031
234061
234092
234096
234106
234132
234159
234199
234217
234227
234278
234280
234302
234323
234340
234590
234638
234687
234696
234725
234794
234801
234820
234879
234893
234958
234967
235000
235039
235056
235088
235223
235269
235305
235320
235351
235366
235401
235474
235475
235487
235527
235528
235538
235540
235551
235554
235561
235565
235607
235645
235802
235858
235893
235922
235928
235957
235993
236093
236123
236197
236213
236250
236262
236265
236269
236314
236331
236360
236452
236460
236468
236475
236540
236561
236633
236643
236661
236663
236747
236750
236760
236772
236779
236783
236796
236857
236908
236914
236937
236938
236945
236982
237017
237064
237077
237152
237157
237160
237167
237189
237211
237245
237248
237284
237292
237299
237340
237352
237389
237408
237535
237537
237604
237622
237699
237705
237738
237807
237813
237858
237878
237953
237996
238051
238127
238222
238239
238270
238317
238330
238353
238383
238388
238415
238420
238428
238439
238450
238455
238677
238701
238741
238803
238920
238928
238983
239059
239099
239126
239137
239146
239153
239209
239277
239339
239342
239362
239374
239380
239392
239452
239453
239465
239539
239564
239659
239686
239693
239714
239716
239734
239745
239790
239814
239830
239867
239879
239909
239953
239981
240009
240129
240199
240225
240284
240374
240431
240440
240443
240447
240451
240458
240470
240521
240545
240622
240627
240645
240647
240659
240729
240805
240812
240826
240851
240886
240887
240919
240946
240967
240976
241008
241010
241041
241068
241095
241113
241122
241137
241153
241154
241174
241196
241326
241357
241371
241379
241389
241418
241454
241455
241480
241481
241489
241533
241547
241589
241603
241619
241681
241704
241818
241862
241882
241893
241924
241925
241946
241961
241980
242032
242036
242047
242061
242095
242120
242152
242177
242208
242249
242300
242320
242365
242367
242383
242397
242399
242510
242524
242596
242635
242702
242732
242739
242740
242758
242835
242837
242850
242872
242880
242898
242911
242915
242978
243017
243026
243078
243225
243233
243239
243241
243279
243337
243361
243397
243409
243461
243541
243570
243576
243618
243646
243704
243756
243776
243784
243836
243840
243878
243897
243900
243904
243910
243911
243932
243989
244019
244088
244109
244111
244117
244135
244244
244257
244286
244345
244411
244429
244478
244498
244520
244668
244760
244824
244848
244851
244991
245045
245054
245078
245114
245118
245141
245153
245199
245275
245308
245344
245414
245446
245447
245462
245540
245609
245688
245714
245766
245839
245846
245850
245858
245881
246063
246154
246155
246174
246286
246299
246318
246329
246342
246369
246401
246411
246433
246474
246490
246562
246610
246658
246690
246697
246727
246836
246872
246906
246972
246980
246981
247000
247014
247022
247023
247119
247141
247147
247173
247175
247180
247205
247216
247225
247227
247234
247244
247250
247264
247278
247341
247347
247350
247357
247369
247424
247483
247485
247530
247531
247586
247593
247599
247664
247718
247726
247759
247761
247762
247777
247848
247864
247878
247883
247939
247986
247988
247995
248006
248038
248051
248226
248237
248406
248451
248458
248481
248486
248494
248501
248507
248533
248536
248556
248582
248658
248731
248781
248805
248846
248874
248888
248899
248909
248916
248935
248939
248954
249039
249054
249063
249124
249154
249302
249403
249423
249529
249538
249540
249545
249587
249629
249635
249637
249665
249714
249734
249774
249798
249809
249837
249858
249981
250013
250068
250112
250123
250202
250215
250221
250227
250273
250381
250402
250522
250554
250585
250661
250665
250671
250725
250727
250788
250804
250807
250853
250878
250891
250960
250981
251006
251053
251097
251129
251171
251228
251242
251260
251277
251315
251323
251343
251370
251371
251374
251389
251465
251476
251531
251573
251587
251606
251609
251615
251663
251676
251690
251741
251744
251764
251858
251925
252002
252032
252081
252130
252159
252180
252206
252241
252332
252337
252347
252354
252384
252476
252501
252522
252533
252554
252568
252653
252655
252693
252750
252752
252799
252814
252835
252848
252879
252945
252948
252986
253015
253106
253125
253166
253215
253251
253268
253283
253300
253356
253426
253481
253487
253494
253551
253607
253614
253620
253622
253663
253683
253738
253757
253759
253764
253798
253814
253832
253864
253865
253902
253938
253942
254012
254033
254067
254070
254090
254099
254145
254163
254241
254293
254319
254330
254407
254412
254455
254483
254485
254499
254601
254650
254662
254700
254724
254729
254769
254830
254831
254849
254866
254884
254887
254915
254937
254948
254973
254975
255014
255151
255256
255335
255349
255366
255547
255584
255703
255740
255764
255776
255779
255780
255797
255799
255845
255885
255894
255896
255911
255917
255999
256033
256069
256095
256140
256152
256237
256256
256284
256313
256365
256379
256507
256522
256524
256540
256566
256592
256652
256691
256727
256777
256859
256938
256949
256953
257006
257072
257141
257168
257173
257228
257244
257316
257353
257374
257447
257483
257494
257496
257517
257560
257586
257592
257597
257603
257650
257668
257677
257679
257732
257736
257744
257850
257917
257960
257980
258004
258058
258073
258096
258098
258218
258224
258244
258271
258318
258324
258350
258433
258452
258476
258497
258531
258563
258602
258612
258691
258713
258721
258828
258859
258891
258896
258909
258948
258949
258954
259036
259084
259183
259233
259244
259349
259395
259404
259458
259469
259481
259507
259529
259563
259577
259594
259635
259657
259658
259676
259691
259714
259811
259848
259880
259972
260012
260060
260121
260246
260257
260274
260292
260310
260331
260377
260419
260449
260476
260545
260546
260555
260574
260639
260670
260714
260748
260827
260846
260920
260923
260990
261070
261100
261102
261108
261111
261141
261166
261210
261264
261280
261388
261405
261460
261478
261499
261518
261532
261553
261581
261624
261646
261675
261681
261737
261810
261817
261843
261901
261922
261950
261957
261974
261997
262010
262011
262023
262026
262040
262117
262232
262248
262271
262362
262380
262396
262415
262436
262472
262920
262932
262961
262987
263046
263110
263178
263252
263317
263346
263393
263452
263504
263517
263647
263686
263688
263697
263699
263829
263857
263926
264050
264094
264182
264239
264279
264308
264314
264366
264385
264411
264416
264452
264474
264476
264511
264527
264616
264634
264647
264648
264651
264718
264742
264850
264858
264861
264941
264980
265029
265072
265093
265143
265148
265194
265201
265242
265314
265337
265353
265373
265386
265394
265419
265451
265458
265467
265477
265536
265541
265644
265668
265689
265699
265709
265723
265839
265900
265902
265922
265949
265952
265959
265978
266089
266136
266137
266142
266162
266192
266199
266229
266231
266377
266392
266433
266438
266443
266517
266576
266583
266587
266641
266667
266690
266728
266730
266770
266772
266806
266840
266862
266870
266872
266896
266930
266939
266984
267088
267089
267111
267260
267310
267346
267382
267383
267394
267406
267419
267501
267536
267574
267604
267626
267634
267708
267713
267721
267737
267749
267752
267791
267832
267844
267852
267889
267909
268005
268016
268081
268096
268117
268136
268198
268202
268257
268262
268279
268299
268315
268352
268432
268506
268507
268546
268565
268580
268629
268659
268685
268740
268809
268840
268858
268906
268932
268948
268978
268994
269001
269025
269061
269078
269108
269153
269204
269284
269377
269392
269393
269414
269533
269570
269587
269607
269624
269683
269710
269718
269733
269840
269886
269914
269988
270000
270002
270010
270029
270118
270129
270134
270142
270245
270280
270303
270320
270331
270334
270537
270575
270588
270595
270614
270677
270679
270687
270688
270694
270797
270902
270954
270956
271007
271078
271087
271201
271249
271299
271330
271348
271353
271364
271405
271415
271466
271476
271492
271494
271557
271581
271596
271599
271797
271812
271844
271872
271933
271939
272006
272054
272068
272121
272172
272213
272305
272306
272323
272343
272344
272367
272511
272538
272541
272575
272616
272655
272741
272743
272759
272782
272820
272826
272845
272916
272938
272966
272989
272998
273006
273010
273018
273036
273087
273115
273185
273231
273253
273305
273309
273353
273397
273520
273692
273875
273897
273906
273966
274149
274151
274168
274200
274240
274249
274261
274311
274330
274331
274392
274418
274428
274436
274457
274510
274514
274562
274577
274603
274683
274721
274729
274743
274877
274944
274960
274997
275017
275042
275115
275133
275245
275298
275325
275342
275433
275518
275523
275542
275608
275755
275794
275823
275883
275896
275926
275943
275948
276070
276079
276190
276205
276222
276231
276245
276296
276376
276440
276453
276546
276591
276611
276616
276648
276687
276755
276768
276773
276778
276795
276827
276878
276930
276951
276967
277010
277036
277194
277212
277220
277229
277237
277378
277396
277420
277447
277556
277606
277621
277634
277650
277655
277700
277709
277720
277752
277778
277846
277857
277863
277875
277906
277923
277946
277959
278009
278138
278204
278223
278253
278311
278392
278409
278444
278472
278508
278509
278524
278552
278602
