106
113
471
611
718
752
793
963
1070
1249
1445
1762
2006
2058
2157
2624
2890
3028
3064
3231
3240
3356
3479
3506
3655
3798
4009
4173
4195
4247
4703
4713
5001
5498
5558
5714
5847
5877
5926
5990
6165
6252
6448
6552
6700
6882
7390
7881
7950
8542
8790
8855
8932
9126
9166
9645
9798
9978
10079
10450
10615
10700
10877
11082
11124
11852
12024
12171
12400
12760
12820
13073
13298
13402
14291
14330
14522
14671
14742
14960
15024
15059
15113
15138
15143
15602
15653
15680
15881
16339
16688
16701
16823
16949
17426
17590
17600
17978
18712
18717
18722
19027
19031
19037
19912
20534
20574
20611
20670
20898
20903
21113
21138
21321
21465
21632
21782
21811
21971
22354
22663
23072
23300
23416
23487
23791
24235
24340
24345
24561
24799
25087
25149
25332
25341
25353
25518
25694
26029
26261
26330
26522
26570
26629
27193
27216
27366
27590
27649
27733
28550
28623
28627
28741
28758
28952
29096
29203
29372
29971
30230
30235
30933
30944
30962
31175
31184
31259
31301
31447
31594
31614
31666
31690
31784
32112
32770
32904
33137
33171
33213
33307
33497
33612
33825
33836
33838
34365
34387
34451
34478
34752
35222
35253
35302
35591
35685
35963
35964
36663
37149
37270
37543
37572
37760
37762
37790
37835
37838
37867
38150
38621
38647
38860
38911
39586
39629
39858
40104
40120
40141
40389
40713
40784
40899
40940
40969
41320
41612
41659
41854
41978
41979
42430
42785
43004
43012
43094
43165
43294
43658
43670
43838
43873
43964
44042
44245
44287
44413
44496
44528
44795
44799
45074
45125
45274
45285
45333
45627
45840
46130
46217
46296
46597
46603
46611
47053
47443
47806
47876
47933
48140
48209
48313
48336
48370
48468
48557
48609
48665
48684
48822
49024
49117
49120
49713
49990
50075
50288
50320
50423
50588
50634
50688
51260
51735
52053
52249
52413
52583
53324
53401
53647
53729
53818
54081
54111
54113
54200
54207
54421
54678
54899
54900
54983
54997
55057
55635
55686
56192
56741
57162
57478
57606
57636
57648
57655
58110
58580
59298
59363
59372
59411
59499
59534
59827
60072
60142
60181
60362
60607
61828
61863
62317
62362
62390
62572
63042
63375
63498
63678
63873
63905
64011
64035
64175
64692
64939
65000
65268
65465
65486
65578
65845
66456
66784
66848
66928
67175
67273
67354
67372
67461
67582
67649
67807
67977
67996
68242
68470
68846
68955
69297
69369
69858
69930
70243
70285
70673
70731
70789
71226
71254
71273
72012
72116
72552
72639
72730
72763
73073
73919
73996
74523
75107
75119
75895
76055
76132
76987
77235
77634
77689
77771
77845
78075
78287
78322
78452
78594
78726
79033
79149
79170
79563
79633
79669
80036
80050
80213
80348
80531
80900
80902
81172
81262
81946
81985
82019
82035
82128
82290
82603
83079
83157
83166
83288
83484
83666
83727
83842
84112
84154
84156
84471
84734
85072
85200
85320
85399
85626
85671
86195
86476
86490
86610
86875
87120
87589
87615
88212
88580
88638
88681
88848
88976
89184
89221
89725
89874
89951
89991
90178
90241
90248
90274
90804
90844
90979
90998
91346
91423
91775
91808
92189
92498
92623
93030
93283
93299
93327
93427
93682
93813
93888
93922
94207
94224
94857
94947
95107
95170
95299
95421
95436
95478
95676
96005
96509
96963
97246
97405
97773
98070
98075
98080
98155
98209
98626
98627
98720
98762
98765
99102
99211
99501
99639
99695
99959
99984
100426
100527
100697
100707
100846
102370
102755
102856
103440
103597
103606
104209
104305
104466
104735
104818
105079
105133
105314
105486
105490
105580
105663
105750
106012
106027
106095
106098
106163
106183
106603
106687
107050
107124
107147
107260
107284
107391
107545
107646
107647
107667
107710
108341
108362
108636
108708
108713
108852
108965
109077
109126
109134
109297
109302
109354
109624
109625
109680
109845
109874
109942
109975
110029
110216
110307
110595
111218
111225
111306
111386
111418
111932
112297
112304
112504
112530
112632
112663
112775
113164
113374
113422
113493
113786
114106
114470
114848
115303
115674
115860
116069
116179
116618
116657
117236
117247
117453
117465
117686
117836
118157
118244
118348
118652
118979
119105
119195
119325
119337
119400
119858
119915
120183
120404
120504
121140
121418
121763
122406
123074
123381
123473
123719
123767
123808
124266
124666
124952
125057
125112
125131
125163
126134
126252
126315
126389
126516
127014
127180
127193
127268
127361
127421
127551
127592
127801
128166
128425
128717
129093
129800
129818
129933
130063
130131
130442
130627
130928
131273
131503
131548
131584
131898
131938
132074
132109
132153
132616
133029
133185
133628
133775
134021
134391
134605
134617
134823
134947
134992
135114
135659
135736
135855
135863
135866
135950
136075
136077
136226
136284
136410
136415
136430
136507
136843
137242
137398
137412
137437
137502
137691
137793
138272
138422
138435
138588
138965
139141
139313
139437
139608
139739
139821
139859
140044
140093
140370
140443
140508
140516
140553
140588
140759
140817
141119
141190
141716
141740
141816
141831
141848
141856
142142
142160
142265
142544
142607
142650
142669
142689
142868
143348
143417
143473
143691
143796
144164
144226
144547
144936
145231
145392
145452
145981
146035
146059
146220
146435
146589
146952
147043
147074
147581
147852
147886
147900
148058
148255
148316
148411
148590
148756
148829
148841
148967
149216
149262
149719
149856
149900
150317
150944
150945
151107
151173
151420
151518
152192
152211
152669
152706
152855
153032
153244
153284
153396
153474
153482
153568
153577
153785
153828
153884
153891
153932
153967
154029
154305
154364
154505
154634
154869
154920
154978
155004
155026
155083
155186
155189
155324
155564
155809
155896
155914
156229
156467
156743
156744
156901
157252
157313
157413
157524
157549
157551
157895
157927
157951
157996
158080
158137
158216
158364
158562
158735
159070
159513
159587
159655
159724
160067
160084
160273
160308
160342
160391
160601
160691
160838
160888
161141
161569
161780
162048
162221
162297
162342
162613
162722
162896
163372
163409
163523
163539
163729
163800
163844
164054
164133
164172
164281
164501
164781
164897
165109
165292
165385
165398
165495
165503
165541
165597
165605
165778
166410
166426
166935
166960
167242
167338
167382
167514
167630
167686
167833
167837
167879
167947
168062
168075
168372
168830
168974
169033
169084
169195
169363
169520
169611
169698
169946
170494
170879
171272
171691
172440
172495
172512
172617
173220
173250
173629
173759
174010
174275
174544
174785
175177
175453
175511
175615
176102
176108
176200
176480
176662
176695
176948
177427
177446
177455
177522
177614
177642
177794
178041
178243
178261
178266
178397
178729
178866
179287
179494
179801
179841
180066
180089
180146
180403
180806
180851
181076
181163
181351
181471
181717
181740
181780
182010
182056
182100
182190
182207
182250
182580
182623
182649
183012
183121
183127
183187
183404
183497
183506
183939
183969
183982
184181
185470
185791
185798
185994
186045
186053
186094
186172
186548
186581
186641
186667
186725
186863
187066
187169
187608
187650
188554
189027
189094
189294
189414
189477
189552
189658
189844
189848
190412
190423
190461
190495
190700
191158
191316
191426
191428
191441
191751
191980
192199
192281
192464
192693
192780
192805
192806
193078
193461
193477
193518
193563
193577
193723
193750
193935
193971
194012
194026
194114
194205
194414
194486
194640
194737
194747
195059
195228
195265
195435
196063
196183
196208
196244
196364
196467
196542
196627
196655
196827
196830
196959
197387
197424
197550
197635
198213
198401
198423
198473
198561
198801
199000
199201
199207
199228
199296
199606
199890
199920
200508
200584
200662
200663
200682
201049
201314
201618
201995
202363
202754
202844
202912
203112
203137
203505
203765
203781
203798
203822
203923
204100
204158
204171
204602
204701
205319
205614
206147
206275
206653
206859
206942
207170
207217
207313
207316
207736
207751
207859
207909
207956
208102
208105
208112
208143
208166
208241
208557
208621
208648
208728
209246
209288
209623
209835
209936
210075
210306
210309
210311
210505
211251
211289
211357
211897
212734
213125
213211
213458
213511
213696
213834
213857
214014
214144
214216
214324
214976
215218
215736
215885
215893
215915
216156
216179
216213
216288
216327
216350
216496
216498
216551
216844
217180
217360
217389
217561
218497
218910
219027
219074
219154
219210
219897
220186
220308
220436
220469
220705
220795
220816
221055
221414
221477
221841
221961
222068
222325
222436
222503
222555
222814
222864
223251
223266
223286
223318
223382
223663
223870
223883
224199
224248
224279
224545
224644
224739
224835
224900
224907
225005
225036
225364
225389
225392
225718
225775
226373
226461
226495
226643
226677
226708
226986
226987
227072
227278
227421
227672
227720
227744
227767
227937
227948
228426
228483
228659
228729
228753
228771
228915
229083
229135
229138
229203
229211
229242
229244
229315
229641
229979
229994
230086
230402
230451
230894
230976
231097
231180
231233
231584
231671
231794
231866
232130
232721
232898
233348
233973
234033
234404
235087
235181
235271
235389
235465
235743
236183
236235
236572
236689
236701
236740
236746
236996
237295
237459
237719
237763
237775
237805
238033
238189
238311
238375
238575
238650
238688
238710
238901
239261
239634
239868
240642
240679
240731
240755
241178
241384
241661
241709
241754
241824
242054
242104
242142
242144
242355
242375
242402
243036
243065
243097
243144
243277
243312
243620
244291
244898
244949
245123
245299
245316
245531
245568
245603
245751
246075
246099
246188
246235
246677
246696
246767
246773
246783
246867
246945
247189
247196
247280
247787
248020
248130
248261
248475
248517
248702
248717
248783
249085
249594
249758
249842
250003
250012
250020
250055
250241
250412
250430
250431
250598
250617
250855
250888
250905
250965
251048
251077
251367
251542
251595
251621
251746
251930
252071
252756
252786
252860
252908
252978
253036
253287
253406
253427
253457
253502
253697
253909
254132
254440
254790
254805
254828
254910
254971
254996
255009
255391
255395
255480
255603
255644
255649
255677
255729
255805
255881
256269
256329
256436
256573
256607
256655
256665
256710
256838
256982
257047
257096
257167
257254
257420
257451
257741
257823
257995
258016
258132
258519
258570
258630
258668
258875
258889
258915
258937
259003
259053
259101
259181
259525
259564
260155
260163
260318
260361
260516
260578
260805
260911
260985
261157
261165
261332
261482
261781
261828
261870
262601
262746
262774
262775
262894
262931
262954
263091
263237
263392
263497
263524
263562
263722
263738
263782
263830
263920
263973
264017
264304
264408
264537
264576
264667
264799
264918
265366
265486
265891
266039
266607
266665
266831
267124
267249
267279
267465
267693
267744
267982
268057
268141
268160
268277
268355
268357
268408
268409
268626
268648
268756
268811
268995
269171
269179
269208
269331
269408
269510
269511
269866
270015
270026
270166
270415
270751
270758
270793
270858
271395
271511
271531
271615
271832
271862
272047
272573
272889
272949
273057
273186
273238
273333
273441
273468
273573
273695
273709
273913
274145
274201
274542
274798
274861
275064
275258
275302
275501
275525
275678
275754
275774
275806
275809
275812
275853
275873
276005
276021
276080
276302
276318
276409
276506
276753
276903
277158
277173
277200
277256
277730
277775
277849
278048
278231
278330
278354
