30
35
119
130
147
211
297
391
436
459
465
577
657
731
755
763
774
787
811
812
835
879
896
900
964
1012
1020
1075
1086
1101
1124
1151
1183
1192
1201
1260
1397
1423
1429
1595
1720
1748
1781
1802
1819
1828
2060
2071
2095
2136
2267
2286
2298
2302
2328
2393
2432
2464
2483
2537
2575
2717
2767
2772
2785
2845
2868
2980
3050
3118
3220
3279
3304
3308
3334
3407
3418
3448
3526
3537
3579
3616
3689
3789
3803
3858
3868
3870
3975
4013
4044
4095
4099
4141
4175
4210
4221
4224
4256
4301
4501
4607
4731
4739
5133
5135
5273
5297
5309
5314
5393
5394
5437
5526
5684
5742
5761
5766
5866
5908
5936
5948
5950
5956
5963
6019
6166
6211
6235
6244
6262
6264
6273
6379
6392
6418
6469
6479
6518
6616
6664
6689
6722
6806
6851
6883
6933
6965
6980
6989
7141
7215
7225
7298
7323
7327
7338
7395
7639
7677
7715
7733
7796
7923
8018
8020
8044
8045
8114
8171
8186
8214
8219
8260
8284
8302
8365
8419
8430
8523
8551
8558
8598
8687
8774
8946
9092
9123
9133
9140
9144
9242
9330
9364
9590
9763
9784
9835
9976
10010
10058
10178
10180
10206
10288
10324
10351
10406
10407
10438
10493
10571
10591
10592
10656
10667
10672
10703
10930
10941
10977
11052
11272
11359
11394
11434
11439
11471
11476
11505
11513
11525
11577
11587
11906
12091
12162
12295
12297
12346
12355
12361
12484
12492
12556
12580
12601
12676
12680
12700
12734
12757
12766
12783
12786
12817
12825
12831
12916
12924
12958
12963
12985
13022
13034
13040
13069
13131
13262
13482
13655
13666
13711
13921
13947
13949
13984
13988
14043
14079
14121
14182
14209
14257
14340
14380
14404
14531
14565
14569
14577
14773
14818
14911
15177
15192
15260
15460
15601
15624
15642
15645
15818
16021
16042
16074
16227
16241
16249
16306
16505
16610
16612
16615
16854
16884
16890
16901
16902
16938
16960
17014
17024
17045
17049
17096
17196
17298
17468
17557
17627
17642
17720
17785
17971
18086
18118
18216
18246
18265
18266
18483
18492
18530
18638
18724
18755
18786
18812
18816
18846
18905
19100
19101
19125
19154
19213
19242
19254
19297
19368
19376
19397
19428
19454
19487
19509
19529
19669
19681
19783
19845
19862
19877
19926
20075
20088
20131
20158
20190
20212
20270
20370
20398
20451
20467
20482
20494
20514
20613
20623
20742
20811
20869
20871
20972
20974
21176
21564
21859
21941
21950
21954
21975
22001
22059
22173
22191
22252
22256
22268
22273
22326
22426
22446
22448
22450
22518
22524
22636
22661
22675
22793
22827
22848
22891
22920
22958
22977
22978
22984
22990
22992
23012
23020
23269
23288
23301
23486
23505
23517
23538
23637
23693
23710
23800
23837
23856
23896
23903
23996
24020
24033
24161
24187
24203
24226
24302
24353
24515
24593
24603
24612
24635
24644
24684
24784
24788
25013
25151
25283
25349
25366
25401
25461
25487
25520
25582
25890
26129
26134
26151
26179
26276
26288
26312
26400
26459
26465
26476
26494
26516
26554
26663
26672
26740
26759
26792
26803
26879
26934
26976
27022
27199
27497
27533
27548
27600
27610
27811
27874
27879
28055
28077
28175
28263
28271
28368
28410
28447
28457
28458
28461
28475
28501
28502
28524
28621
28622
28652
28667
28685
28699
28749
28892
28945
29170
29180
29202
29213
29243
29266
29299
29561
29626
29765
29766
29798
29815
29828
29864
29866
30039
30102
30123
30234
30236
30256
30495
30509
30576
30629
30686
30840
30870
30997
31067
31136
31140
31239
31240
31307
31339
31344
31486
31495
31504
31538
31628
31708
31767
31851
31923
31939
32011
32046
32092
32095
32102
32134
32177
32377
32386
32463
32486
32513
32525
32652
32773
32923
33018
33023
33060
33079
33081
33150
33237
33251
33280
33378
33460
33476
33492
33544
33579
33643
33671
33954
33992
34015
34020
34046
34109
34130
34243
34331
34413
34447
34524
34555
34586
34625
34672
34762
34784
34900
35035
35045
35124
35637
35678
35839
35908
35962
36143
36255
36257
36329
36422
36475
36485
36488
36519
36707
36714
36746
36885
36919
37036
37072
37182
37231
37233
37450
37506
37561
37563
37586
37663
37715
37721
37800
37906
37979
38089
38093
38104
38113
38142
38204
38223
38225
38330
38370
38384
38453
38475
38504
38517
38595
38849
38853
38906
38926
38927
38967
39010
39033
39076
39243
39331
39334
39336
39463
39478
39484
39506
39552
39556
39604
39687
39743
39823
39958
39982
40081
40163
40177
40184
40195
40272
40287
40304
40332
40337
40370
40506
40516
40517
40521
40530
40586
40705
40798
40864
40898
40974
40987
40998
41002
41003
41065
41079
41080
41099
41148
41164
41173
41199
41484
41631
41660
41734
41959
41963
41972
42196
42324
42400
42419
42441
42445
42492
42539
42550
42610
42613
42671
42834
42897
42901
42930
42951
42952
42964
43044
43069
43074
43121
43243
43364
43370
43414
43530
43596
43619
43647
43648
43656
43728
43767
43811
43859
43894
43975
44081
44193
44283
44300
44335
44374
44562
44570
44585
44654
44704
44714
44734
44768
44821
44849
44937
44950
44992
45020
45093
45265
45271
45315
45467
45565
45684
45726
45734
45804
46071
46113
46199
46308
46367
46368
46376
46540
46559
46586
46658
46693
46731
46768
46833
46835
46941
46997
47004
47199
47225
47324
47355
47472
47473
47483
47551
47667
47721
47729
47765
47769
47771
47840
47884
47983
48135
48143
48153
48154
48282
48307
48318
48323
48413
48643
48687
48690
48745
48855
48939
48955
48968
48969
49013
49037
49069
49092
49127
49171
49583
49590
49661
49727
49954
49964
50166
50190
50215
50307
50343
50376
50392
50415
50432
50452
50505
50532
50550
50554
50595
50638
50651
50672
50675
50695
50729
50735
50834
50850
50888
50941
50954
50991
51124
51180
51191
51205
51223
51249
51317
51340
51438
51515
51578
51581
51664
51666
51676
51701
51737
51767
51772
51795
51796
51799
51828
51869
51917
52011
52135
52241
52295
52296
52373
52415
52418
52422
52431
52438
52444
52636
52645
52654
52737
52751
52795
52931
52950
53015
53248
53259
53313
53323
53713
53782
53881
53920
54053
54062
54117
54204
54258
54267
54296
54308
54357
54432
54480
54519
54545
54637
54705
54753
54840
54863
54878
54903
54908
54913
54965
55072
55238
55252
55281
55290
55327
55412
55436
55467
55647
55727
55888
55899
55928
55992
56059
56083
56149
56171
56240
56360
56384
56408
56490
56491
56537
56688
56906
56956
57010
57019
57081
57288
57337
57340
57422
57543
57628
57635
57656
57693
57698
57751
57798
57819
57835
58044
58121
58170
58278
58386
58466
58607
58683
58728
58756
58782
58834
58885
58994
59058
59067
59077
59109
59146
59256
59267
59359
59373
59381
59456
59528
59663
59675
59683
59689
59698
59755
59815
59845
59865
59869
59920
60022
60035
60070
60106
60121
60134
60141
60199
60200
60202
60208
60375
60397
60474
60502
60516
60547
60552
60635
60643
60657
60704
60778
60794
60813
61023
61052
61180
61205
61218
61289
61327
61408
61442
61498
61648
61654
61732
61814
61860
61956
62028
62042
62081
62153
62270
62314
62346
62400
62407
62472
62509
62554
62588
62615
62715
62826
62828
62832
62837
62946
63025
63034
63089
63120
63157
63222
63226
63288
63337
63392
63399
63405
63463
63504
63667
63737
63847
63863
63931
63962
64000
64106
64191
64250
64315
64342
64389
64414
64443
64454
64473
64488
64494
64559
64606
64644
64659
64700
64813
64845
64881
64969
65128
65247
65286
65316
65468
65563
65798
65818
65956
65961
65992
66072
66128
66460
66581
66692
66703
66738
66779
66842
66969
67098
67106
67137
67143
67225
67280
67336
67377
67437
67455
67477
67499
67501
67509
67633
67637
67658
67694
67864
67919
67929
67962
68011
68043
68060
68113
68277
68289
68291
68300
68301
68357
68361
68695
68697
68838
68859
68889
68985
68997
69050
69085
69113
69238
69262
69273
69320
69338
69410
69426
69450
69666
69732
69746
69795
69845
69851
69931
69984
70003
70005
70007
70042
70069
70085
70096
70120
70136
70153
70197
70306
70307
70312
70598
70666
70700
70712
70745
70771
70866
70896
70900
70912
70917
70945
70992
71055
71147
71434
71457
71486
71546
71659
71739
71797
71835
71840
71873
71906
72101
72115
72129
72160
72203
72243
72272
72278
72282
72334
72409
72458
72490
72661
72674
72718
72784
72807
72850
72956
72967
73036
73048
73177
73232
73252
73257
73496
73545
73682
73806
73831
73881
73884
73974
74103
74368
74393
74422
74459
74544
74571
74588
74591
74594
74596
74829
74878
74892
75020
75023
75041
75091
75247
75267
75402
75602
75603
75654
75710
75722
75778
75853
75892
75904
76002
76096
76122
76149
76272
76306
76442
76457
76470
76480
76507
76665
76669
76748
76817
76919
76988
77103
77150
77221
77307
77325
77343
77353
77387
77467
77581
77587
77614
77756
77783
77808
77866
77896
77953
78003
78104
78108
78264
78280
78355
78538
78568
78617
78652
78715
78896
78902
78954
78989
79044
79055
79121
79124
79128
79160
79231
79304
79390
79448
79551
79728
79887
79933
79969
79989
79995
80006
80113
80187
80217
80230
80451
80479
80602
80607
80671
80694
80768
80772
80774
80843
80881
80904
80949
81112
81114
81327
81358
81495
81513
81520
81650
81847
81882
81896
81915
81922
81960
82245
82301
82388
82408
82467
82505
82537
82545
82636
82723
82730
82936
82993
83044
83071
83105
83226
83227
83246
83250
83303
83314
83407
83453
83461
83586
83649
83711
83718
83811
83831
83931
83948
84007
84145
84224
84254
84446
84462
84592
84633
84657
84846
84867
84978
84979
84994
85003
85005
85006
85020
85087
85117
85124
85152
85196
85379
85447
85499
85589
85624
85781
86060
86130
86185
86193
86318
86410
86423
86461
86578
86685
86702
86708
86721
86738
86758
86890
87001
87027
87042
87065
87066
87113
87151
87187
87329
87452
87536
87553
87568
87716
87730
87737
87753
87766
87828
87829
87928
88001
88036
88037
88052
88085
88141
88217
88228
88298
88462
88489
88515
88573
88700
88731
88745
88749
88751
88809
88822
88889
88896
88920
89035
89079
89135
89201
89316
89435
89458
89662
89715
89732
89820
89885
89892
89963
89977
89986
90077
90110
90173
90310
90315
90331
90465
90527
90742
90779
90836
90859
90984
90994
91152
91209
91275
91351
91375
91415
91431
91481
91681
91805
91872
92111
92327
92353
92366
92386
92392
92397
92435
92458
92472
92474
92595
92599
92602
92606
92691
92804
92834
92882
92953
92988
93137
93141
93158
93162
93198
93201
93228
93235
93317
93325
93336
93380
93459
93515
93527
93529
93544
93655
93799
93827
93896
93905
93958
94065
94073
94094
94170
94192
94220
94461
94481
94536
94573
94703
94824
94889
94891
94950
94956
95006
95025
95052
95138
95242
95243
95252
95298
95409
95444
95529
95549
95610
95656
95724
95805
95907
96106
96290
96337
96352
96379
96474
96510
96530
96556
96618
96685
96687
96745
96814
97028
97147
97233
97245
97356
97358
97499
97531
97611
97645
97652
97705
97737
97834
97912
97916
97981
98094
98100
98107
98116
98152
98188
98341
98375
98379
98442
98447
98460
98545
98554
98565
98796
98848
98939
98960
99044
99109
99146
99158
99255
99266
99271
99274
99315
99356
99376
99471
99586
99657
99882
99932
99966
99975
100170
100234
100238
100288
100383
100557
100620
100658
100668
100701
100735
100772
100780
100861
100889
100914
100926
100947
101026
101031
101238
101292
101346
101419
101423
101519
101594
101753
101886
101947
102225
102286
102302
102349
102385
102427
102429
102461
102631
102633
102774
102792
102861
102910
103078
103168
103206
103248
103260
103262
103280
103337
103362
103383
103428
103436
103525
103534
103595
103808
103834
103869
103876
103904
104041
104055
104064
104102
104171
104185
104224
104235
104293
104322
104327
104331
104503
104525
104529
104642
104756
104788
104801
104865
104898
104978
105074
105230
105313
105361
105375
105744
105828
105886
105974
106020
106063
106066
106185
106382
106426
106496
106580
106674
106711
106768
106830
106915
106965
107034
107113
107129
107217
107274
107299
107519
107612
107869
107874
107875
107882
107959
108105
108167
108334
108383
108412
108444
108465
108717
108723
108809
108854
108980
109016
109106
109307
109351
109377
109451
109589
109633
109707
109802
109818
109854
110237
110263
110271
110278
110408
110529
110584
110652
110674
110693
110706
110755
110783
110871
110943
110981
111029
111060
111232
111244
111263
111265
111363
111390
111447
111478
111493
111519
111536
111565
111610
111621
111636
111669
111794
111848
111859
111871
111906
111987
112015
112037
112079
112086
112137
112142
112250
112302
112309
112348
112447
112456
112468
112475
112479
112518
112521
112609
112659
112714
112779
112793
112984
113093
113321
113481
113498
113549
113614
113619
113639
113705
113736
113762
113924
113957
114097
114110
114196
114213
114241
114259
114326
114356
114431
114442
114536
114551
114583
114630
114645
114655
114747
114802
114819
114825
115083
115119
115121
115170
115285
115291
115364
115535
115574
115739
115853
115896
115953
115956
116025
116094
116146
116221
116235
116261
116319
116329
116463
116500
116520
116526
116625
116797
117040
117085
117087
117263
117304
117332
117346
117364
117407
117417
117443
117588
117612
117619
117673
117712
117772
117800
117869
118082
118418
118467
118470
118629
118634
118682
118709
118823
118857
118875
118896
118926
118945
119033
119262
119372
119402
119405
119463
119569
119572
119792
119856
120115
120230
120236
120248
120374
120464
120465
120530
120544
120582
120818
120849
120917
120951
120961
120999
121002
121050
121052
121100
121122
121281
121296
121302
121360
121640
121660
121796
121810
121836
121848
121852
121905
121920
121922
121954
121970
121984
121989
122051
122137
122153
122186
122190
122290
122358
122361
122454
122592
122605
122618
122681
122694
122741
122810
122875
122933
122934
122973
123033
123063
123109
123392
123495
123541
123584
123679
123686
123706
123734
123744
123764
123801
123893
123920
124039
124041
124081
124114
124176
124180
124204
124241
124261
124325
124363
124450
124667
124733
124838
124848
124948
125042
125075
125094
125237
125255
125318
125365
125418
125430
125461
125493
125505
125542
125586
125684
125709
125775
125884
126118
126243
126249
126250
126271
126317
126339
126411
126438
126449
126546
126742
126837
126918
127044
127094
127124
127239
127261
127346
127383
127456
127557
127570
127638
127832
127890
127908
127965
128159
128210
128353
128355
128429
128487
128488
128494
128499
128604
128611
128737
128817
128829
128987
129111
129159
129292
129374
129422
129430
129489
129566
129621
129626
129712
129719
129760
129787
129901
129929
130021
130024
130042
130054
130079
130083
130099
130224
130260
130286
130287
130331
130344
130385
130405
130419
130424
130482
130534
130580
130605
130608
130618
130681
130716
130761
130825
130915
131169
131248
131256
131272
131292
131297
131343
131375
131415
131594
131619
131620
131911
132081
132097
132151
132205
132450
132562
132592
132670
132786
132788
132813
132878
133000
133202
133204
133277
133291
133302
133317
133331
133383
133393
133531
133585
133793
133816
133843
133864
133873
133892
133967
134061
134081
134201
134283
134291
134341
134353
134371
134555
134621
134636
134638
134666
134691
134781
134807
134877
134905
134984
135068
135165
135216
135240
135297
135304
135379
135410
135441
135463
135476
135502
135516
135588
135624
135625
135635
135725
135781
135799
135867
136009
136148
136154
136166
136240
136283
136295
136328
136351
136411
136491
136510
136707
136729
136790
136807
136950
136988
137024
137056
137074
137145
137154
137177
137247
137257
137268
137269
137309
137363
137384
137454
137461
137494
137589
137633
137658
137736
137878
137937
138002
138046
138145
138153
138162
138164
138187
138233
138291
138384
138390
138451
138455
138515
138548
138556
138603
138695
138754
138777
138799
138930
138953
139032
139136
139158
139241
139312
139481
139502
139615
139710
139715
139756
139775
139802
139806
139880
140008
140023
140144
140165
140173
140212
140265
140309
140369
140440
140473
140603
140611
140619
140646
140710
140750
140834
140908
140976
140988
140990
140993
141051
141163
141357
141535
141550
141676
141778
141812
141871
141904
141907
141993
142047
142218
142251
142277
142389
142390
142594
142674
142688
142706
142715
142738
142756
142886
142929
143064
143375
143428
143437
143539
143711
143742
143803
143831
143872
143969
144032
144074
144155
144321
144377
144397
144488
144536
144546
144562
144642
144645
144688
144724
144874
144994
145097
145127
145143
145155
145157
145160
145170
145179
145196
145225
145249
145258
145303
145353
145415
145489
145493
145582
145736
145887
145966
146078
146165
146185
146190
146204
146223
146303
146330
146352
146499
146534
146543
146666
146680
146707
146786
146788
146835
146850
146881
146954
147157
147261
147293
147547
147656
147679
147717
147760
147773
147785
147891
148065
148281
148349
148381
148390
148467
148516
148556
148596
148621
148644
148657
148666
148671
148682
148689
148737
148766
148806
148932
149032
149045
149217
149241
149420
149731
149867
149925
150072
150103
150260
150275
150332
150449
150550
150590
150620
150648
150764
150893
150980
151272
151498
151531
151564
151605
151691
151800
151844
151915
152058
152061
152066
152139
152306
152386
152391
152492
152546
152578
152659
152675
152695
152745
152792
152837
152920
152976
152989
153054
153105
153118
153143
153323
153342
153521
153591
153633
153643
153719
153734
153846
153875
153986
153990
154002
154086
154244
154303
154373
154459
154464
154683
154708
154729
154806
155048
155077
155080
155084
155095
155108
155116
155124
155156
155292
155309
155350
155389
155423
155437
155463
155575
155694
155714
155834
156019
156143
156159
156182
156261
156286
156342
156423
156584
156631
156653
156689
156763
156949
157095
157144
157152
157202
157225
157231
157237
157242
157300
157350
157430
157537
157654
157675
157830
157831
157852
157929
157935
158052
158126
158269
158289
158292
158358
158382
158416
158428
158439
158648
158738
158739
158753
158783
158815
158826
158846
159207
159239
159273
159336
159349
159360
159556
159596
159657
159746
159781
159811
159834
160029
160241
160242
160309
160311
160318
160560
160611
160625
160641
160742
160762
160836
160868
160891
160895
160913
160971
161102
161103
161120
161193
161213
161239
161306
161351
161405
161406
161412
161483
161491
161534
161598
161652
161664
161732
161762
161802
161902
161905
161912
161991
162014
162061
162096
162136
162278
162345
162379
162384
162410
162511
162531
162663
162668
162724
162796
162976
162983
163040
163059
163074
163169
163563
163752
163766
163898
163926
163965
163978
164171
164190
164199
164214
164314
164339
164421
164433
164472
164528
164539
164577
164588
164597
164640
164649
164731
164733
164734
164910
165034
165044
165097
165125
165151
165183
165220
165245
165262
165290
165395
165405
165407
165484
165502
165508
165509
165550
165555
165708
165741
165777
165948
166025
166152
166275
166323
166331
166338
166374
166557
166581
166600
166601
166717
166795
166873
166914
167054
167200
167214
167237
167255
167290
167479
167547
167551
167762
167771
167774
167800
167850
167859
167924
167944
168169
168189
168279
168403
168424
168429
168481
168499
168586
168597
168749
168919
169073
169138
169191
169250
169294
169316
169367
169427
169450
169464
169529
169544
169581
169657
169702
169719
169764
169815
169879
169883
169922
170050
170060
170061
170093
170135
170202
170215
170339
170403
170474
170540
170557
170568
170874
170910
171039
171105
171132
171143
171179
171184
171240
171300
171342
171380
171426
171431
171487
171588
171665
171903
172154
172189
172190
172204
172393
172406
172411
172423
172521
172543
172548
172615
172706
172708
172711
172719
172733
172807
173117
173232
173235
173349
173417
173462
173546
173780
173847
173848
173967
174009
174116
174134
174149
174175
174191
174203
174213
174265
174270
174367
174393
174467
174470
174488
174503
174524
174534
174539
174652
174675
174684
174718
174791
174795
174877
174982
175018
175064
175092
175097
175109
175139
175296
175423
175629
175648
175651
175693
175704
175903
175913
175991
175997
176256
176362
176398
176400
176424
176607
176817
176839
177064
177066
177133
177226
177366
177442
177469
177492
177603
177701
177707
177770
177957
178150
178190
178205
178242
178287
178334
178339
178365
178389
178452
178460
178467
178474
178623
178649
178680
178726
178778
178897
178915
179008
179051
179229
179236
179380
179402
179411
179469
179505
179680
179748
179899
179916
179997
180010
180069
180095
180128
180143
180144
180372
180383
180400
180405
180477
180641
180674
180694
180745
180766
180913
181043
181050
181135
181238
181337
181341
181394
181508
181577
181615
181825
181850
181944
181985
182002
182054
182080
182082
182264
182333
182336
182436
182461
182486
182512
182518
182585
182617
182634
182676
182698
182739
182745
182801
182827
182950
182983
182995
183016
183029
183133
183213
183237
183263
183278
183515
183520
183521
183598
183768
183827
183837
184079
184176
184230
184308
184513
184584
184741
184747
184797
184899
184947
185175
185224
185310
185313
185324
185442
185478
185701
185739
185810
185885
185934
186032
186064
186125
186165
186187
186194
186204
186213
186220
186249
186333
186364
186386
186397
186521
186529
186536
186604
186618
186634
186910
186938
187077
187109
187181
187335
187338
187456
187457
187510
187557
187856
187890
187911
187994
188026
188027
188042
188075
188080
188103
188126
188238
188518
188664
188713
188745
188747
188997
189026
189035
189078
189242
189335
189479
189490
189594
189625
189832
189863
189983
190143
190150
190193
190278
190352
190362
190374
190441
190460
190467
190500
190504
190520
190543
190565
190627
190638
190667
190716
190891
191380
191483
191563
191575
191627
191715
191779
191805
191841
191932
191955
191986
192000
192005
192076
192120
192128
192225
192229
192283
192315
192328
192392
192402
192445
192654
192728
192733
192736
192826
192854
192871
192906
192988
193063
193065
193102
193115
193189
193224
193313
193519
193535
193575
193603
193769
193818
193827
193860
193863
193900
193983
194003
194071
194102
194184
194507
194529
194594
194728
194745
194839
195063
195217
195267
195276
195323
195363
195410
195518
195612
195626
195674
195688
195698
195702
195753
195768
195813
195943
195995
196001
196013
196044
196055
196112
196144
196146
196157
196240
196242
196272
196288
196304
196357
196464
196572
196574
196621
196635
196768
196826
196998
197047
197147
197161
197165
197208
197288
197301
197336
197375
197393
197394
197396
197404
197408
197411
197441
197517
197528
197563
197581
197613
197628
197718
197720
197766
197767
198338
198369
198466
198503
198617
198687
198697
198716
198760
198851
198889
198956
198979
199011
199064
199095
199155
199189
199282
199311
199491
199531
199609
199809
199837
199917
200089
200115
200212
200276
200326
200327
200375
200493
200566
200701
200781
201022
201372
201426
201521
201593
201635
201649
201665
201716
201752
201753
201810
201841
201901
201931
201985
202100
202191
202266
202273
202460
202678
202706
202880
203184
203281
203414
203446
203527
203540
203547
203644
203757
203768
203770
203849
203860
203881
203898
203922
204018
204048
204049
204134
204260
204275
204295
204299
204387
204419
204594
204647
204724
204800
204811
204833
204850
204885
204903
204905
204963
205027
205122
205172
205249
205339
205343
205430
205543
205544
205755
205780
205883
205921
205935
205938
206041
206056
206150
206170
206235
206244
206276
206339
206367
206774
206887
206919
206966
207085
207228
207279
207325
207403
207446
207554
207619
207664
207683
207702
207720
207722
207813
207816
207880
207993
208066
208092
208188
208303
208311
208540
208604
208861
208871
208888
208905
209001
209106
209119
209121
209132
209185
209256
209378
209509
209526
209587
209592
209640
209801
209811
209981
209984
210041
210106
210110
210127
210180
210184
210242
210412
210421
210618
210621
210631
210676
210719
210773
210863
210885
210911
210922
210923
211037
211104
211153
211179
211218
211240
211388
211426
211441
211542
211551
211713
211736
211752
211788
211850
211851
211878
211967
212050
212216
212221
212254
212324
212459
212477
212493
212516
212530
212625
212671
212900
212994
213052
213097
213108
213117
213136
213142
213206
213424
213471
213547
213589
213656
213659
213694
213764
214248
214320
214447
214454
214505
214570
214651
214661
214704
214712
214934
214948
215075
215076
215254
215475
215667
215684
215792
215804
215912
215974
216138
216185
216216
216280
216298
216417
216489
216522
216700
216721
216735
216817
216904
216922
216966
217049
217080
217204
217236
217259
217270
217340
217362
217363
217396
217423
217557
217607
217723
217785
217919
217931
217935
217962
217964
217996
218005
218185
218227
218314
218324
218482
218642
218720
218727
218755
218757
218767
218793
218802
218805
218830
218833
218903
218938
218993
219036
219075
219172
219195
219227
219270
219309
219348
219361
219387
219525
219776
220080
220085
220090
220122
220428
220464
220574
220600
220633
220698
220731
220869
220875
220895
220930
220964
220992
221006
221110
221111
221167
221221
221288
221311
221331
221395
221627
221794
222025
222081
222164
222184
222233
222278
222319
222328
222384
222411
222435
222650
222676
222774
222781
222894
223037
223073
223175
223193
223296
223306
223312
223345
223515
223673
223779
223782
223817
223822
223874
224113
224357
224410
224475
224557
224614
224633
224706
224728
224893
224987
225096
225140
225361
225383
225457
225566
225796
225923
226093
226153
226282
226290
226328
226385
226388
226432
226458
226521
226579
226918
226931
226933
227095
227125
227193
227360
227378
227524
227531
227533
227552
227613
227700
227787
227794
227921
227969
227972
227980
228113
228132
228219
228358
228383
228526
228658
228791
228824
228903
228940
228950
228970
228988
229046
229133
229183
229231
229269
229283
229381
229427
229590
229679
229723
229727
229743
229769
229911
229980
229992
230019
230102
230260
230298
230300
230315
230383
230615
230695
230704
230914
230925
231178
231227
231314
231347
231522
231530
231531
231544
231628
231648
231856
231862
231884
231922
231925
231978
231989
232088
232251
232313
232500
232579
232640
232846
232941
232965
232982
233087
233108
233114
233351
233464
233623
233694
233709
233837
233881
233922
234092
234150
234263
234302
234340
234457
234509
234542
234590
234687
234775
235056
235064
235269
235355
235366
235370
235401
235645
235648
235725
235805
235840
235845
235854
235922
235947
235967
235986
236016
236134
236228
236250
236299
236506
236564
236565
236708
236779
236780
236796
236820
236861
236914
236945
236950
236962
237017
237037
237052
237107
237158
237211
237229
237232
237245
237250
237293
237352
237361
237413
237437
237705
237832
237952
237958
237971
237996
238075
238103
238124
238129
238252
238370
238391
238431
238454
238504
238677
238760
238821
238920
238926
239035
239059
239159
239211
239334
239339
239374
239513
239528
239539
239570
239588
239618
239686
239751
239910
240001
240009
240158
240225
240422
240426
240431
240458
240474
240645
240647
240719
240745
240810
240823
240985
241051
241070
241077
241137
241323
241380
241488
241501
241708
241817
241924
241925
241927
241980
242036
242047
242125
242320
242383
242516
242596
242635
242667
242729
242754
242835
243048
243096
243195
243204
243320
243337
243418
243510
243676
243701
243759
243799
243838
243888
243900
243902
243911
243984
244019
244072
244135
244229
244311
244456
244517
244521
244653
244666
244692
244693
244896
245000
245033
245054
245094
245110
245136
245213
245236
245459
245480
245482
245609
245643
245665
245713
245722
245760
245839
245872
245881
245925
245987
246009
246254
246270
246372
246374
246504
246562
246601
246619
246722
246798
246799
246801
246829
246875
246896
246906
246994
247030
247216
247227
247234
247245
247460
247474
247483
247593
247599
247614
247718
247740
247767
247840
247846
247872
247883
248278
248353
248366
248454
248507
248536
248582
248675
248768
248769
248891
248957
249036
249039
249063
249166
249208
249216
249510
249552
249555
249615
249618
249681
249738
249895
249941
249946
249960
249981
250026
250079
250164
250198
250202
250334
250397
250413
250478
250485
250646
250729
250740
250788
250853
250886
250891
250923
251001
251053
251086
251107
251216
251228
251244
251260
251262
251269
251298
251573
251609
251715
251716
251745
251772
251855
251879
251891
251925
251939
252023
252050
252082
252110
252215
252395
252397
252605
252651
252655
252818
252824
252866
252924
252928
252932
253013
253132
253215
253252
253295
253313
253336
253398
253401
253479
253594
253596
253614
253762
253820
253857
254010
254072
254077
254163
254330
254355
254374
254400
254407
254456
254501
254518
254529
254537
254650
254700
254838
254849
254884
254889
254896
254915
254948
254975
255164
255363
255417
255427
255433
255466
255474
255557
255740
255756
255885
255904
255911
255996
256076
256313
256336
256458
256491
256562
256643
256709
256859
256931
257490
257494
257532
257589
257606
257668
257696
257746
257770
257850
257881
257890
257924
257997
258073
258104
258244
258261
258291
258319
258325
258545
258605
258628
258813
258819
258898
258909
258912
259036
259191
259423
259507
259539
259579
259676
259691
259858
259897
260012
260178
260245
260246
260261
260306
260322
260331
260350
260365
260462
260540
260546
260621
260629
260719
260744
260792
260794
260814
260845
260846
260920
260940
261070
261118
261123
261141
261153
261199
261214
261583
261611
261681
261799
261802
261839
261885
261901
261907
261933
261957
261995
262036
262185
262265
262467
262472
262585
262635
262638
262657
262658
262686
262730
262740
262857
262896
262920
262932
262961
263060
263110
263142
263189
263261
263390
263426
263443
263476
263502
263517
263530
263531
263561
263582
263583
263612
263651
263728
263754
263795
263859
263866
263928
263995
264063
264094
264137
264146
264182
264185
264205
264220
264227
264354
264414
264427
264476
264711
264740
264978
265194
265243
265247
265297
265306
265353
265363
265386
265451
265479
265557
265581
265644
265779
265782
265830
265969
266035
266122
266157
266162
266199
266219
266220
266234
266345
266366
266376
266438
266471
266560
266674
266728
266730
266741
266767
266961
266993
267225
267335
267394
267457
267586
267596
267618
267634
267826
268005
268041
268117
268136
268198
268275
268295
268299
268404
268441
268467
268548
268565
268628
268629
268840
268909
269006
269099
269291
269377
269409
269418
269481
269714
269862
269889
269914
269917
269949
270000
270101
270211
270245
270299
270359
270416
270537
270564
270565
270575
270588
270627
270679
270695
270768
270907
270948
270955
271078
271159
271166
271239
271247
271281
271330
271355
271364
271415
271466
271489
271581
271586
271679
271700
271748
271872
271986
272024
272042
272054
272175
272180
272232
272334
272344
272381
272423
272439
272511
272515
272541
272611
272655
272659
272741
272748
272820
272848
272878
272920
272969
273016
273151
273184
273257
273259
273278
273494
273752
273877
274079
274203
274230
274240
274261
274322
274392
274493
274499
274577
274705
274728
274729
274911
274913
274928
274948
274951
274991
275061
275215
275232
275245
275250
275298
275333
275342
275658
275724
275728
275762
275778
275842
275926
275989
276018
276022
276094
276134
276207
276222
276461
276591
276616
276754
276781
276795
276951
277036
277072
277075
277237
277280
277378
277432
277538
277607
277618
277650
277658
277668
277700
277720
277759
278156
278314
278326
278444
278451
278524
278585
278621
278676
