26
282
307
460
493
621
720
925
1039
1193
1300
1499
1901
1999
2202
2842
3254
3408
3414
3876
3912
4021
4054
4151
4167
4421
5145
5193
5315
5627
5670
5858
6085
6234
6528
6855
6907
7251
7434
7726
8417
8557
8750
8775
8921
8931
9050
9131
9208
9253
9293
9378
9520
10193
10334
10436
10625
11162
11360
11814
12662
12990
13201
13212
13379
13426
13462
13588
13732
13748
13846
14333
14383
14731
14776
14820
14845
14897
14967
15066
15615
15722
15794
16028
16162
16319
16564
16881
16899
17768
17977
18175
18388
18512
18757
19081
19145
19830
20058
20087
20129
20198
20491
20639
20766
21030
21344
21452
21567
21928
22480
23184
23796
24011
24132
24169
24450
24868
24899
24925
24983
25514
25707
26232
26555
27105
27125
27917
28308
28750
28895
29046
29306
29331
29380
29485
29774
29996
30147
30952
31223
31464
31676
31694
31737
32327
32399
32440
32500
32526
32642
33042
33571
33731
33953
34003
34035
34795
35023
35044
35336
35599
36116
36270
36537
36816
36976
37651
37789
37807
38017
38387
38524
38632
38678
38870
38892
38944
38978
39351
39503
39581
39813
40026
40178
40207
40249
40301
40618
40779
40783
40793
40846
41288
41362
41383
41600
41641
42053
42601
42606
42796
42883
42916
43038
43466
43571
43683
43692
43801
43865
44074
44302
44384
44396
44427
44478
44748
44847
44990
45039
45121
45247
45278
45364
45404
45489
45556
45789
45997
46038
46171
46613
46763
47146
47810
48118
48898
49047
49078
49265
49664
49886
50148
50192
50431
50484
50518
50788
50998
51007
51675
51682
51685
51740
52106
52183
52251
52491
52599
52617
52979
53146
53777
53834
53851
53934
54269
54343
54574
54674
54871
54955
55106
55219
55675
55726
55894
55979
56008
56081
56138
56465
56474
56532
56923
57070
57145
57256
57400
57597
57637
57750
57794
57938
57979
58096
58153
58373
58394
58494
58690
59438
59517
59842
60111
60143
60582
60782
60808
60847
60902
61030
61252
61433
61464
61546
61569
61680
61994
62122
62181
62329
62450
62898
63148
63162
63516
63585
63991
63992
64542
64594
64913
64934
64983
66027
66163
66312
66537
66731
66744
66956
67128
67159
67230
67521
67812
67920
68262
68307
68629
68634
68707
68893
69038
69216
69259
69391
69592
70036
70138
70177
70252
70751
70758
70960
71049
71183
71320
71472
71854
72133
72139
72165
72183
72712
73063
73317
73411
73592
73593
73594
73646
74515
74546
74566
74885
75509
75852
75871
76191
76475
76534
76686
77019
77023
77100
77116
77398
77407
77610
77698
77738
77836
77889
77951
78067
78335
78360
78441
78542
79182
79540
79808
79940
80053
80071
81018
81909
82059
82294
82308
82479
82590
82822
82932
83195
83355
83416
83435
83490
84301
84421
84531
84980
85356
85441
85486
85632
85635
86043
86061
86279
86757
86772
86781
86972
86997
87190
87192
87375
87544
87665
87724
87910
88193
88243
88368
88447
88568
89213
89259
89420
89512
89681
89901
90176
90357
90649
90711
90712
90746
90857
91030
91166
91298
91308
92383
92553
92559
92579
93316
93319
93337
93368
93604
94007
94443
94454
94470
94896
95185
95371
95430
95467
95488
95503
95770
96007
96374
96410
96463
96475
96736
97576
97600
97603
97657
97803
97896
98495
98607
98678
98933
99048
99261
99614
99865
100116
100124
100371
100597
100973
101859
102040
102097
102425
102442
102558
102698
103059
103531
103562
103647
103660
103829
104009
104054
104291
104338
104345
104360
104442
104804
104970
105191
105193
105196
105255
105575
105673
105869
106275
106558
106620
106690
107130
107173
107316
107490
107561
107714
108035
108421
108623
108677
108769
108839
108857
108967
109472
109524
109622
109886
110499
110726
111255
111262
111309
111329
111795
112277
112295
112307
112628
112949
113371
113740
113789
113818
113939
114007
114545
114636
114808
114904
115104
115233
115486
116056
116495
116604
116645
116876
116943
117088
117089
117978
118021
118223
118361
118693
118882
118894
119059
119397
119423
119911
120044
120228
120468
120489
120576
120893
121290
121454
121568
122061
122238
122263
122421
122579
122581
122828
122839
123034
123067
123166
123326
123373
123524
123605
123639
123683
124383
124388
124413
124631
124633
124866
124876
125078
125146
125227
125269
125295
125432
125448
125540
125978
126710
126732
126815
127226
127453
127495
127579
127595
127853
128026
128074
128274
128319
128366
128421
128434
128473
128586
128805
128967
128983
129003
129115
129438
129747
130033
130059
130220
130288
130391
130396
130459
130602
130702
131165
131472
132101
132108
132136
132202
132220
132236
132833
132914
133143
133590
134211
134216
134463
134483
134507
134515
134844
134990
135060
135062
135170
135269
135305
135471
136072
136098
136380
136394
136426
137149
137160
137259
137365
137402
137463
137506
137884
137920
138102
138387
139034
139055
139281
139772
139853
140065
140149
140208
140621
140959
141085
141218
141284
141646
142051
142107
142114
142131
142168
142173
142187
142270
142489
142573
142865
143364
143385
143399
143444
143641
143940
144049
144071
144409
144635
144649
144664
145310
145321
145461
145772
145798
145944
146226
146264
146466
146708
146738
147260
147530
147572
147843
148176
148454
148890
149063
149331
149634
149800
150341
150599
150888
150994
151723
151730
151764
151768
152264
152428
152641
152851
153197
153651
153825
153981
154188
154247
154295
154402
154610
154614
154762
154824
155107
155109
155123
155255
155274
155298
155407
155755
155872
156025
156040
156433
156759
156863
156938
157291
157521
157545
157925
157990
158122
158471
158705
158714
158844
159003
159124
159231
159362
159366
159400
159679
160199
160424
160496
160781
161078
161148
161224
161410
161495
161730
161784
161925
162289
162842
163094
163442
163641
163750
164117
164253
164268
164302
164422
164595
164713
164740
165225
165234
165271
165648
165736
165782
165960
166115
166198
166264
166322
166660
166953
167262
167530
167775
167887
168101
168161
168194
168627
168773
168797
168988
169283
169683
169788
170168
170389
170582
170644
170710
171278
171647
171872
172034
172230
172390
172888
172934
173147
173216
173400
173447
173561
173796
174173
175060
175119
175602
175911
175922
176023
176061
176664
176770
176997
177016
177085
177378
178348
178420
178482
178569
178571
178604
178607
178747
178833
179018
179089
179106
179120
179220
179439
179695
179766
179851
179900
180037
180107
180711
180712
180805
180881
181064
181526
181571
181899
181984
181987
182065
182199
182343
182405
182981
183175
183233
183266
183300
183302
183539
183619
183672
183685
183946
184088
184273
184489
184641
185029
185137
185498
185507
185750
185816
185962
186140
186148
186152
186290
186672
187141
187229
187293
187323
187942
188018
188203
188358
188631
188849
189315
189482
189574
189578
189615
189693
189733
189768
190196
190210
190354
190723
190799
190892
190903
190971
191322
191532
191867
191871
191942
191959
192152
192243
192272
192363
192398
192507
192547
192721
192809
192944
192955
193169
193235
193284
193340
193523
193768
193852
193894
194254
194266
194319
194351
194456
194511
194965
195051
195721
195744
195794
196034
196267
196323
196507
196587
196602
196624
196850
196953
196973
196987
197141
197360
197618
197703
197734
197748
197773
197774
197778
197897
198077
198244
198270
198274
198298
198422
198468
198677
198755
199129
199380
199411
199472
199590
199859
200048
200295
200754
200763
200815
201644
201940
202038
202214
202350
202568
202613
202694
202861
202968
203046
203135
203189
203337
203472
203543
203562
203646
203662
204077
204471
204472
204604
204936
205871
205950
206024
206045
206113
206133
206195
206200
206315
206562
207618
207826
207874
207927
207997
208079
208107
208113
208424
208546
208968
209015
209025
209040
209051
209733
210037
210197
210291
210356
210449
210469
210610
210962
211297
211587
211756
211779
211800
211906
212101
212171
212245
212293
212419
212464
212737
212812
212877
213166
213263
213615
213847
214101
214572
214683
214950
215004
215248
215533
215665
215689
215693
215698
215747
215844
216018
216081
216104
216254
216263
216342
217013
217095
217121
217835
217908
218385
218424
218450
218628
218794
219035
219398
219548
219627
219715
219812
219849
219872
220099
220438
220778
220823
221075
221342
221360
221697
221804
221828
221852
221987
222135
222174
222214
222218
222313
222421
222995
223029
223081
223214
223243
223609
223714
223780
224069
224184
224216
224289
224464
224632
224738
224848
224894
224993
225029
225113
225171
225189
225272
225441
225549
225572
225689
226437
226533
226642
226703
226745
226964
227010
227096
227466
227625
227740
228075
228303
228597
228805
228817
229031
229215
229219
229243
229260
229814
229846
229849
230625
230745
231109
231288
231341
231741
231796
231855
232002
232059
232173
232208
232657
232659
232792
232821
232923
233158
233278
233286
233585
233652
233759
233880
233884
234334
234499
234647
234773
234795
234831
235173
235230
235756
235794
235865
235936
236425
236464
236480
236485
236528
236720
236786
237154
237575
237744
237835
238158
238655
238668
238731
238963
239508
239595
239606
239667
239802
239873
239911
239978
240031
240080
240206
240244
240301
240344
240403
240421
240933
241302
241460
241522
241678
242023
242426
242475
242507
242904
242937
243018
243425
243456
244093
244298
244341
244354
244382
244729
244879
245027
245072
245151
245303
245356
246064
246338
246616
246639
246776
246904
247052
247070
247107
247421
247562
248128
248142
248346
248466
248504
248857
249296
249761
249781
249891
250027
250082
250114
250245
250353
250358
250394
250482
250536
250562
250599
250944
250964
251043
251130
251301
251534
251591
251601
252167
252252
252370
252380
252503
252517
252591
253296
253605
253648
253748
253801
254541
254545
254569
254651
254667
254719
254886
255044
255063
255331
255636
256159
256254
256304
256359
256384
256567
256617
256847
256879
256886
256890
256988
257087
257193
257268
257407
257464
257856
258014
258143
258238
258664
258840
258982
259270
259403
259407
259474
259913
260054
260269
260278
260374
260857
260893
260954
260964
261700
261735
262035
262038
262213
262252
262314
262558
262605
262761
263025
263030
263074
263102
263105
263449
263461
263537
263673
263719
263746
263950
263958
264039
264056
264119
264143
264242
264332
264529
264650
264802
264864
264947
265208
265246
265270
265329
265454
265552
265586
265615
265816
265987
266004
266015
266274
266563
266599
266638
266774
267036
267044
267103
267129
267275
267305
267386
267637
267892
268128
268216
268249
268477
268499
268658
268779
268814
269124
269159
269217
269413
269588
269650
269688
269838
269873
269877
269890
269903
269910
269926
270037
270058
270421
270455
270528
270726
270816
270911
271173
271496
271523
271549
271582
272016
272081
272563
272580
272714
272863
272970
273198
273208
273487
273588
273590
273701
273902
274246
274251
274255
274286
274309
274604
274650
274700
274933
275156
275161
275165
275243
275417
275443
275711
275854
275894
275972
276000
276010
276098
276339
276484
276813
276818
276962
277054
277112
277154
277318
277353
277591
277669
277784
277805
277914
278062
278132
278160
278201
278262
278356
278398
278413
278429
278437
278461
278470
278471
278488
278577
278583
278618
278650
