282
307
460
493
621
720
967
1039
1068
1193
1300
1461
1499
1592
1910
1979
1999
2102
2202
2254
2344
2392
2842
3151
3254
3310
3464
3556
3786
3912
4021
4054
4151
4167
4245
4421
4709
5145
5193
5388
5627
5670
6085
6528
6597
6744
6907
7079
7193
7251
7434
7554
7702
7726
8218
8366
8417
8509
8557
8750
8756
8955
9050
9131
9208
9293
9378
9419
9520
9628
9769
9799
10163
10193
10334
10436
10583
11162
11360
11533
11814
11888
12633
12662
12990
13066
13204
13212
13441
13451
13462
13846
13912
13915
14138
14255
14333
14383
14510
14655
14731
14820
14845
15417
15440
15501
15537
15615
15722
15794
15839
15949
16028
16162
16559
16564
17182
17242
17246
17768
17954
17977
18175
18190
18512
18928
19081
19145
19294
19326
19631
19662
19830
19893
19914
20087
20129
20210
20256
20491
20766
20886
20975
21344
21370
21427
21452
21567
21678
21915
22685
23124
23184
23368
23480
23639
23687
23743
23764
23796
23957
24011
24169
24385
24450
24770
24868
24899
24925
24983
25231
25237
25514
25707
25727
25737
25866
25941
26186
26220
26262
26519
26555
27105
27125
27589
27652
27898
27917
28119
28159
28340
28618
28895
29046
29158
29233
29249
29306
29331
29370
29380
29464
29465
29839
29901
29932
29996
30016
30147
30157
30281
30320
30354
30385
30484
30625
30703
30752
30773
30928
30952
30963
31223
31393
31519
31596
31676
31754
31845
32327
32399
32440
32500
32526
32580
32642
32677
33030
33042
33379
33571
33636
33731
33953
34003
34035
34351
34445
34605
35023
35044
35336
35426
35619
35639
35645
35870
35937
35966
35987
35997
36016
36116
36287
36340
36373
36816
36976
37437
37694
37789
38017
38295
38376
38387
38524
38678
38699
38892
38944
38978
39002
39197
39351
39503
39581
39813
40207
40301
40351
40618
40779
40783
40788
40793
40846
41268
41288
41309
41362
41400
41600
41641
41698
42606
42649
42677
42749
42796
42883
42940
43425
43444
43466
43571
43683
43692
43801
43817
43865
44074
44252
44396
44427
44437
44607
44748
44847
45039
45121
45247
45336
45337
45349
45364
45402
45404
45488
45556
45782
45789
45856
45877
45997
46038
46171
46572
46613
46763
46928
47146
47178
47240
47581
47675
47760
47810
48000
48034
48118
48125
48214
49047
49078
49106
49189
49265
49309
49458
49627
49637
49664
49880
49886
50116
50148
50431
50518
50805
50886
50983
50998
51200
51211
51283
51364
51373
51423
51682
51740
52183
52188
52246
52250
52599
52611
52617
52968
53777
53834
53851
53934
54198
54248
54269
54343
54375
54574
54600
54674
54871
54955
54982
55106
55219
55477
55675
55726
55758
55809
55819
55821
55894
55979
56008
56081
56107
56298
56311
56345
56465
56474
56532
56652
56675
56695
56923
57057
57070
57145
57256
57400
57597
57637
57703
57750
57938
58102
58236
58245
58356
58373
58394
58494
58509
58690
59034
59438
59440
59517
59537
59628
59842
60111
60143
60604
60700
60782
60790
60808
60847
60902
61030
61252
61433
61449
61464
61546
61569
61959
61994
62020
62047
62122
62141
62181
62329
62556
62574
62898
63162
63218
63233
63364
63750
63858
63958
63992
64218
64226
64259
64351
64353
64594
64688
64913
64934
64979
64983
65278
66027
66161
66312
66675
66716
66744
66956
67022
67071
67128
67151
67230
67517
67521
67688
67790
67791
67812
67844
67903
68229
68262
68307
68367
68629
68658
69038
69140
69216
69391
69592
69609
69880
70036
70138
70252
70751
70758
70830
70832
70960
71049
71183
71320
71398
71472
71474
71782
71783
72133
72139
72165
72183
72345
72615
72651
72712
73027
73085
73317
73411
73594
73646
73896
74080
74129
74145
74357
74515
74566
74885
75031
75221
75509
75515
75730
75871
75982
76381
76475
76534
76655
76686
77019
77100
77398
77669
77698
77721
77738
77762
77836
77889
77951
77996
78015
78067
78153
78360
78376
78384
78441
78560
78756
79382
79399
79408
79540
79773
79940
80091
80732
80834
81008
81018
81485
81610
81822
81909
82294
82407
82479
82822
83139
83151
83195
83228
83355
83416
83435
83490
83658
84301
84387
84421
84619
84976
84980
85268
85356
85441
85486
85635
85686
86061
86159
86279
86438
86552
86564
86667
86757
86772
86776
86781
86972
86997
86999
87144
87190
87192
87375
87724
87910
87961
88078
88243
88368
88447
88504
88513
88568
88583
88727
88810
88986
89115
89213
89259
89395
89454
89466
89512
89681
89901
90157
90176
90271
90357
90377
90711
90746
90857
90953
91030
91179
91308
91828
92383
92513
92553
92559
92579
92642
92799
92877
93031
93143
93179
93253
93316
93319
93337
93804
93866
93891
94038
94443
94454
94596
94755
94872
94896
95073
95185
95248
95312
95420
95430
95452
95467
95503
95509
95548
95605
95898
96007
96262
96343
96374
96410
96463
96644
96698
96735
96736
96861
97201
97587
97600
97603
97657
97698
97803
97896
98167
98454
98490
98495
98532
98607
98678
98758
98783
98990
99048
99064
99261
99267
99511
99614
99620
99655
99705
99865
99884
100116
100124
100358
100371
100639
100792
100795
100910
100912
100973
101341
101440
101619
101796
102040
102097
102218
102245
102425
102442
102443
102558
102698
103008
103059
103071
103072
103126
103531
103647
103660
103677
103699
103737
103792
103829
103939
104009
104054
104243
104275
104291
104321
104345
104348
104360
104387
104431
104804
104949
105030
105145
105191
105253
105255
105318
105369
105436
105575
105836
105869
105978
106275
106558
106585
106620
106636
106811
106988
107010
107106
107130
107198
107439
107490
107561
107857
108149
108324
108622
108769
108796
108839
108857
108967
108979
109007
109472
109547
109622
109664
109757
109886
109961
110148
110328
110499
110562
111082
111158
111217
111255
111287
111309
111570
111784
111795
112263
112277
112295
112307
112628
112837
112949
113263
113371
113522
113582
113618
113740
113789
113939
113945
114007
114184
114342
114508
114545
114546
114636
114744
114808
115104
115209
115222
115299
115486
115504
115722
116056
116121
116604
116632
116876
116896
116943
117034
117088
117089
117141
117310
117337
117386
117697
117705
118693
118699
118882
118927
119029
119059
119070
119189
119304
119305
119344
119423
119766
119898
119911
119942
120048
120228
120458
120489
120893
120978
120985
121161
121219
121290
121454
121466
121478
121568
121923
121980
122012
122158
122238
122239
122249
122263
122421
122482
122579
122581
122828
122839
123067
123096
123167
123176
123266
123326
123335
123527
123605
123622
123683
123993
124336
124383
124388
124413
124477
124571
124633
124817
124863
124866
124876
125146
125227
125235
125269
125295
125432
125442
125448
125458
125540
125578
125978
126110
126254
126453
126710
126732
126815
127143
127163
127274
127453
127462
127579
127595
127606
127823
127853
127900
128026
128067
128122
128126
128146
128274
128366
128421
128434
128445
128462
128473
128632
128799
128805
128983
129003
129115
129225
129432
129438
129675
129714
129728
129747
130033
130059
130396
130459
130602
130702
130823
130837
130838
130932
131165
131387
131414
131472
132101
132136
132354
132426
132484
132833
132914
132926
133143
133178
133305
133590
133796
134483
134507
134515
134844
134990
135060
135062
135226
135305
135412
135434
135615
135984
136172
136191
136326
136380
136669
136706
137105
137149
137160
137259
137391
137402
137463
137506
137728
137884
138096
138102
138281
138293
138318
138387
138521
138694
139034
139055
139261
139366
139421
139527
139561
139689
139825
139853
139897
140149
140208
140273
140432
140959
141085
141117
141218
141284
141351
141401
141600
142051
142107
142114
142115
142138
142148
142167
142168
142173
142187
142256
142294
142501
142573
142655
142729
142831
143385
143399
143444
143641
143939
143940
144049
144071
144092
144284
144409
144635
144664
145245
145310
145321
145798
145840
145944
146226
146264
146318
146466
146708
146738
146849
147019
147069
147260
147310
147446
147572
147907
148454
148794
148890
148978
149061
149063
149178
149331
149380
149572
149605
149634
149800
149968
150055
150293
150552
150736
150994
151195
151717
151723
151730
151755
151937
152044
152262
152264
152467
152641
152851
152865
153651
153825
153838
153981
154188
154193
154247
154369
154402
154610
154614
154762
154778
154824
154836
154941
155107
155123
155125
155255
155266
155274
155298
155407
155438
155791
156025
156040
156427
156433
156586
156710
156759
156863
157096
157232
157291
157461
157545
157925
157990
158034
158122
158291
158531
158630
158705
158714
158844
158884
159003
159209
159231
159251
159362
159366
159400
159520
159784
160424
160496
160860
161078
161093
161148
161195
161224
161263
161329
161344
161410
161458
161495
161509
161543
161551
161730
161925
162383
162842
162957
163094
163395
163442
163641
163934
163956
164029
164268
164428
164524
164595
164638
164681
164713
164730
164740
164748
164878
165004
165225
165234
165540
165542
165648
165737
165754
165782
165960
166115
166191
166203
166264
166379
166409
166568
166731
167012
167104
167262
167530
167541
167557
167775
167887
168067
168101
168194
168269
168423
168500
168527
168627
168729
168956
168988
169205
169283
169351
169420
169422
169683
169788
169990
170029
170168
170180
170389
170478
170576
170582
170601
170710
171647
171766
171872
172173
172230
172335
172390
172772
172934
173090
173147
173216
173400
173447
173561
173796
173821
173912
173964
174086
174137
174161
174173
174979
175060
175119
175602
175671
175683
175728
175911
175922
176023
176061
177016
177152
177239
177271
177378
177566
178281
178348
178420
178482
178569
178571
178604
178607
178689
178766
179018
179036
179089
179106
179120
179153
179305
179440
179695
179766
179851
179875
179900
180037
180107
180168
180224
180414
180451
180540
180661
180712
180805
180831
180881
180989
181083
181205
181278
181356
181523
181526
181562
181571
181704
181718
181899
181984
181987
182065
182199
182290
182343
183175
183300
183302
183355
183672
183946
184049
184225
184273
184651
184975
184979
185029
185137
185421
185452
185507
185750
185783
185816
185952
185962
186027
186148
186152
186540
186655
186672
186898
187094
187229
187293
187323
187324
187536
187880
187942
188018
188068
188203
188345
188361
188391
188450
188483
188849
188902
189042
189074
189315
189482
189578
189615
189693
189768
189881
190050
190210
190381
190404
190579
190723
190799
190892
190903
190971
191322
191491
191532
191571
191847
191867
191871
191959
192020
192058
192152
192243
192272
192274
192363
192390
192398
192507
192721
192809
192901
192944
192955
193057
193109
193127
193207
193235
193284
193340
193523
193597
193768
193894
194113
194254
194266
194319
194351
194511
195051
195076
195115
195744
195794
195817
195905
196034
196046
196323
196408
196507
196587
196602
196624
196696
196838
196850
196953
196978
196982
196987
197360
197618
197703
197748
197773
197774
197778
197838
197897
198199
198244
198270
198274
198331
198384
198468
198677
198755
199029
199129
199272
199373
199380
199411
199472
199590
199651
199800
199850
199859
199918
199924
200139
200295
200704
200754
200763
200815
200945
201261
201522
201644
201652
201801
201940
202000
202038
202194
202214
202350
202377
202568
202613
202861
202862
203046
203135
203189
203337
203472
203543
203646
203662
203779
203887
204089
204187
204343
204471
204519
204604
204936
205394
205466
205835
205869
206024
206045
206113
206133
206134
206195
206200
206221
206315
206562
206650
206987
207122
207332
207618
207812
207826
207874
207887
207927
207997
208079
208101
208170
208344
208383
208386
208424
208546
208939
209015
209023
209025
209040
209051
209537
209680
209733
210018
210032
210037
210357
210385
210443
210449
210469
210661
210664
210798
210823
210857
210914
211110
211241
211297
211343
211587
211756
211763
211779
211800
211821
211999
212027
212101
212171
212245
212293
212464
212529
212622
212725
212737
212754
212768
213163
213166
213189
213263
213316
213422
213522
213732
213734
213847
213898
214092
214101
214199
214246
214292
214683
214939
214950
215443
215533
215665
215689
215693
215698
215747
215749
216018
216104
216160
216203
216217
216254
216263
216342
217013
217095
217121
217266
217387
217674
217771
217908
218303
218315
218385
218424
218450
218556
218603
218719
218815
218928
218932
219035
219228
219237
219290
219398
219548
219627
219715
219812
219849
219860
219870
219874
219920
219947
220040
220099
220132
220430
220548
220807
220823
220917
220990
221075
221342
221459
221800
221804
221828
221852
221987
222135
222154
222174
222187
222214
222218
222313
222517
222623
222649
222822
222856
222995
223029
223168
223214
223243
223609
223898
223976
224069
224184
224216
224289
224399
224464
224542
224714
224848
224894
224993
225029
225107
225113
225171
225189
225216
225272
225441
225530
225549
225572
225596
225715
225850
225987
226437
226533
226642
226645
226964
227010
227069
227096
227164
227404
227405
227466
227625
227688
227740
227957
228075
228158
228173
228303
228366
228597
228805
228811
228817
229031
229057
229063
229070
229215
229219
229243
229246
229259
229260
229814
229846
229849
229968
230417
230598
230625
230722
230745
231109
231157
231248
231796
231855
231969
232002
232059
232160
232173
232208
232217
232587
232657
232659
232821
233158
233274
233278
233286
233441
233585
233642
233652
233759
233880
233884
234149
234334
234499
234524
234708
234773
234776
234795
234831
235230
235254
235375
235377
235399
235477
235712
235756
235817
235826
235865
236189
236425
236485
236528
236659
236704
236720
236912
237016
237063
237154
237454
237475
237575
237613
237643
237684
237744
237873
237926
237965
238158
238731
239072
239171
239296
239508
239667
239802
239852
239878
239978
240031
240206
240244
240287
240301
240304
240421
240425
240512
240517
240770
240933
241032
241302
241406
241460
241522
241678
241914
242011
242023
242182
242197
242364
242426
242475
242799
242904
242920
242937
243150
243406
243425
243456
243718
244024
244093
244145
244252
244283
244298
244341
244354
244358
244421
244463
244627
244729
244864
244935
244948
245027
245090
245151
245263
245303
245345
245356
245827
245888
245919
246058
246064
246326
246338
246405
246551
246639
246761
246904
247052
247107
247421
247562
247697
247788
247852
247885
247955
248128
248142
248144
248346
248393
248419
248466
248645
248825
248857
249296
249539
249543
249781
249891
249897
250027
250082
250114
250171
250173
250245
250353
250358
250394
250482
250536
250562
250675
251043
251130
251240
251301
251304
251479
251534
251591
251601
251933
252167
252345
252370
252380
252415
252503
252591
252802
252836
253026
253112
253248
253265
253296
253648
253748
253754
254006
254223
254541
254545
254569
254647
254651
254667
254707
254719
254782
254814
254886
254981
255044
255093
255683
255810
255816
255888
256038
256159
256254
256287
256304
256327
256359
256384
256567
256847
256886
256988
256990
257087
257179
257258
257268
257346
257466
257467
257540
257848
257874
257954
258014
258143
258664
258745
258840
258900
258950
259195
259241
259245
259270
259403
259437
259653
259699
259887
259913
260054
260088
260269
260324
260374
260538
260724
260857
260893
260937
260954
260964
261180
261715
261735
262035
262038
262213
262252
262314
262486
262503
262558
262605
262761
262868
262879
262928
262999
263030
263074
263102
263105
263434
263449
263461
263536
263537
263708
263719
263729
263746
263811
263950
263958
264039
264056
264124
264143
264164
264195
264242
264332
264349
264426
264582
264802
264804
264873
264881
264947
265190
265246
265270
265454
265552
265586
265615
265816
266004
266015
266274
266360
266774
266952
266994
267036
267044
267096
267103
267129
267305
267347
267386
267804
267892
268128
268216
268373
268457
268477
268499
268814
268983
269024
269124
269159
269217
269413
269604
269650
269766
269793
269873
269877
269890
269903
269926
270058
270150
270244
270497
270528
270531
270726
270816
271004
271063
271120
271141
271173
271259
271366
271496
271523
271549
271582
271805
271852
272081
272098
272580
272697
272714
272922
272931
272970
273176
273198
273487
273631
273679
273701
273857
274246
274255
274286
274299
274309
274604
274650
274700
274713
274933
275074
275155
275156
275243
275253
275417
275499
275704
275711
275726
275892
275894
275972
276000
276010
276098
276236
276339
276484
276813
276818
276962
277007
277054
277112
277154
277318
277337
277353
277367
277669
277767
277805
277914
277954
278062
278118
278132
278160
278201
278239
278262
278356
278363
278413
278418
278437
278461
278572
278577
278583
278618
278650
