26
282
307
493
621
666
720
925
1036
1039
1077
1193
1300
1499
1901
1999
2102
2202
2254
2842
2977
3151
3254
3408
3414
3556
3701
3876
3912
3915
4021
4054
4151
4167
4169
4245
4421
4946
5032
5145
5193
5315
5445
5627
5670
5713
5799
5858
6085
6234
6345
6455
6744
6855
6907
7251
7726
8218
8366
8417
8557
8750
8756
8775
8812
8921
9050
9208
9253
9293
9419
9520
10163
10193
10422
10436
10625
11027
11162
11814
12044
12257
12290
12662
12670
12989
12990
13148
13201
13212
13379
13426
13462
13588
13732
13748
13756
13846
13864
14383
14510
14652
14655
14731
14776
14845
14897
15440
15501
15615
16028
16162
16564
16881
16886
16899
17768
17954
17977
18045
18512
18757
18920
18928
18945
19081
19145
19631
20491
20639
20766
20960
20975
21344
21370
21452
21762
21872
21928
22480
23184
23639
23754
23764
23796
24169
24450
24868
24899
24925
24983
25231
25237
25514
25707
25737
26232
26519
26555
26642
26925
27105
27589
27718
27898
27917
27996
28308
28366
28689
28895
29046
29158
29306
29331
29380
29485
29522
29774
29901
29932
29996
30016
30077
30625
30703
30722
30752
30963
31393
31524
31676
31694
31734
31737
31845
31974
32113
32399
32440
32484
32500
32580
32642
33042
33379
33646
33731
33953
34003
34035
34351
34605
34631
35023
35044
35336
35599
35611
35645
35698
35870
36116
36537
36752
36816
36976
37032
37789
37807
37973
38017
38295
38307
38387
38524
38559
38632
38678
38870
38892
38944
38978
39351
39503
39581
39813
40178
40207
40301
40351
40618
40748
40779
40783
40793
40846
41062
41268
41288
41362
41383
41600
41641
41698
41827
42053
42587
42606
42677
42788
42796
42883
42940
43038
43425
43466
43571
43683
43692
43801
43865
43893
44074
44384
44396
44427
44478
44748
44847
45039
45247
45392
45402
45404
45489
45556
45789
45818
46038
46171
46613
46650
46763
46858
46888
46928
47146
47178
47581
47673
47760
47810
48125
48214
48837
48898
49047
49078
49106
49189
49265
49309
49638
49664
49886
50116
50148
50192
50225
50431
50484
50504
50518
50542
50788
51025
51273
51283
51364
51373
51423
51675
51685
51740
51850
52106
52183
52188
52251
52599
52611
52617
52979
53146
53499
53777
53834
53934
53988
54051
54248
54269
54343
54365
54574
54761
54871
54955
55018
55106
55219
55477
55675
55713
55726
55819
55821
55894
55979
56008
56081
56107
56298
56465
56474
56695
57057
57145
57256
57400
57597
57637
57750
57794
57938
57979
58153
58356
58373
58494
58509
58690
59438
59440
59517
59842
60111
60138
60143
60582
60700
60782
60808
60847
60902
61030
61252
61433
61449
61546
61569
61680
61932
61959
62047
62122
62141
62181
62483
62599
62898
63148
63162
63312
63364
63465
63585
63992
64226
64353
64474
64688
64749
64979
64983
65169
65278
65304
65748
66027
66161
66163
66312
66408
66537
66731
66744
66956
67128
67159
67230
67521
67812
67920
68262
68307
68367
68629
68634
68707
69038
69140
69216
69259
69294
69337
69592
69880
70036
70252
70294
70575
70751
70758
70955
70960
71183
71283
71320
71472
71782
71849
71854
72133
72139
72165
72183
73235
73317
73592
73593
73594
73603
74129
74150
74515
74546
74566
74701
74885
75102
75136
75515
75871
76191
76475
76534
76686
77019
77023
77094
77100
77324
77398
77407
77610
77669
77698
77721
77738
77799
77889
78376
78441
78560
78756
79540
79940
80053
80594
80688
80732
80834
81008
81485
81822
81909
82294
82308
82407
82479
82590
82822
82932
83228
83351
83355
83389
83416
83435
83658
84301
84307
84387
84421
85268
85356
85486
85632
86043
86061
86154
86279
86564
86757
86772
86781
86997
86999
87186
87190
87192
87358
87375
87665
87724
87910
88078
88193
88243
88368
88513
88568
88640
88810
88931
88986
89115
89213
89395
89454
89681
89901
90176
90377
90514
90649
90711
90712
90746
90857
91030
91298
91308
91542
92513
92553
92559
92579
92642
92807
92982
93143
93253
93316
93319
93337
93368
93604
93866
94007
94443
94454
94596
94896
95185
95251
95312
95430
95463
95467
95503
95548
95600
95770
96007
96152
96262
96343
96374
96475
96735
96736
96861
96864
97600
97603
97630
97657
97803
97896
98366
98454
98490
98495
98607
98678
98783
98933
98990
99048
99267
99511
99614
99620
99865
100036
100116
100124
100677
100792
100795
100823
100973
101366
101619
101859
102040
102097
102425
102442
102558
102693
102698
103059
103071
103143
103322
103531
103647
103660
103829
103939
104009
104028
104054
104243
104291
104338
104345
104348
104442
104804
104970
105030
105193
105255
105436
105476
105575
105673
105836
105851
105990
106275
106346
106558
106636
107010
107143
107198
107439
107490
107561
107714
107857
108035
108094
108149
108376
108622
108623
108677
108839
108857
108967
109472
109524
109622
109757
109886
109961
110328
110499
110562
110726
111255
111262
111309
111329
111795
112277
112295
112307
112828
112949
113371
113691
113740
113789
113818
114007
114232
114273
114508
114545
114546
114636
115104
115222
115233
115486
115500
115504
116056
116090
116098
116495
116604
116632
116645
116876
116896
116943
117056
117088
117089
117978
118131
118693
119059
119090
119371
119423
119766
119911
120044
120228
120489
120576
120893
121161
121454
121478
121568
121864
122012
122061
122238
122263
122579
122581
122828
122839
123067
123096
123166
123167
123266
123326
123605
123639
123683
124025
124336
124383
124388
124571
124631
124633
124817
124866
124876
125001
125192
125227
125432
125448
125540
125978
126254
126710
126732
126815
127126
127226
127249
127453
127462
127495
127579
127606
127792
127853
128026
128073
128074
128122
128146
128274
128319
128366
128386
128421
128434
128445
128462
128473
128586
128805
128967
128983
129003
129115
129362
129438
129728
129747
129793
129905
130033
130059
130220
130396
130459
130602
130702
130823
130840
130932
131159
131165
131214
131472
132101
132136
132202
132207
132236
132484
132833
132857
132926
133143
133178
133305
133406
133590
133796
134216
134463
134471
134483
134507
134515
134844
134990
135062
135140
135170
135226
135305
135434
135471
135615
135984
136000
136072
136098
136326
136380
136426
136669
136693
137105
137132
137149
137176
137259
137365
137402
137463
137506
137820
137884
137945
138102
138293
138318
138387
138424
138521
138538
139034
139089
139250
139281
139607
139772
139825
139897
140065
140208
140432
140621
140959
140972
141085
141199
141213
141218
141284
141351
141390
141646
141863
142051
142107
142115
142131
142132
142168
142187
142489
142573
142831
142865
143137
143364
143385
143399
143571
143641
143657
143939
143940
144049
144056
144409
144635
145189
145245
145310
145321
145461
145541
145840
145954
146254
146264
146431
146466
146507
146559
146634
146738
147019
147260
147530
147572
147843
148043
148176
148890
149061
149146
149331
149634
149968
150055
150341
150792
151195
151717
151730
151764
151768
152044
152262
152264
152641
152851
152865
153333
153651
153825
153928
153943
153981
154188
154193
154247
154402
154483
154610
154614
154762
154778
154824
154949
154951
155011
155107
155109
155123
155141
155255
155274
155298
155407
155699
155872
156025
156040
156197
156427
156433
156710
156759
156863
157096
157254
157291
157467
157521
157545
157925
157990
158034
158074
158122
158291
158471
158705
158714
158807
158844
159003
159059
159124
159209
159231
159362
159366
159400
159679
159784
160199
160363
160413
160424
160781
161078
161224
161256
161263
161410
161495
161509
161551
161730
161740
161784
161925
162755
162842
163442
163511
163641
163934
164029
164117
164253
164268
164302
164422
164430
164595
164713
164740
164752
164843
164878
165209
165225
165234
165271
165343
165542
165648
165782
165960
166115
166203
166264
166322
166379
166568
166660
166731
166953
167104
167262
167530
167775
167887
168066
168188
168194
168390
168500
168565
168627
168659
168729
168797
168956
168988
169019
169283
169351
169422
169542
169683
169788
170168
170389
170478
170552
170582
170644
170710
171027
171278
171316
171420
171443
171647
171685
171872
172034
172230
172335
173039
173090
173147
173216
173447
173561
173796
173964
174032
174173
174730
175060
175119
175597
175602
175671
175728
175911
175922
176023
176061
176244
176541
176664
176770
176840
177271
177378
177879
178098
178211
178230
178420
178482
178569
178571
178604
178607
178887
179036
179089
179106
179153
179220
179439
179695
179766
179851
179900
179911
180037
180107
180224
180661
180712
180805
180831
180881
181035
181064
181066
181083
181278
181526
181562
181571
181643
181660
181704
181718
181899
181984
181987
182065
182199
182343
182981
183175
183233
183300
183302
183337
183539
183619
183672
183946
184049
184225
184273
184336
184413
184489
185029
185039
185061
185507
185750
185767
185882
185952
185962
186140
186148
186290
186655
186672
186898
187094
187141
187156
187323
187404
187942
188018
188068
188097
188203
188345
188358
188408
188450
188631
188849
189042
189315
189482
189517
189578
189615
189639
189693
189733
189768
190210
190238
190267
190315
190361
190579
190645
190723
190892
190903
190971
191322
191532
191621
191867
191942
191959
192020
192084
192152
192363
192398
192469
192507
192547
192619
192721
192809
192901
192955
193169
193235
193284
193335
193340
193523
193768
193852
193894
194254
194266
194351
194965
195051
195076
195667
195721
195794
195983
196034
196046
196267
196323
196507
196587
196602
196624
196837
196850
196973
196987
197035
197360
197425
197448
197618
197703
197734
197748
197773
197774
197778
197820
197838
197897
198077
198244
198270
198274
198298
198384
198422
198468
198564
198590
198677
198980
199029
199129
199272
199380
199411
199472
199590
199859
200048
200093
200295
200754
200763
200904
201261
201644
201652
201940
202054
202214
202254
202350
202568
202613
202694
202861
202968
203046
203135
203173
203181
203189
203337
203472
203543
203562
203646
203887
204077
204089
204343
204471
204604
204936
205835
205869
205871
205950
206024
206045
206113
206133
206136
206195
206200
206315
206562
206650
206808
206987
207122
207618
207794
207825
207874
207905
207927
207997
208079
208107
208424
208841
208968
209015
209023
209025
209040
209051
209733
210037
210256
210291
210313
210356
210449
210664
210786
210823
210857
210962
211110
211241
211297
211343
211571
211587
211686
211756
211763
211779
211800
211906
212245
212464
212622
212812
212877
213076
213166
213263
213422
213615
213898
214572
214683
214950
215004
215248
215422
215533
215665
215693
215698
215745
215747
215761
215844
216003
216018
216081
216104
216254
216263
216342
216874
217013
217095
217121
217266
217387
217674
217771
217805
217835
217908
218303
218315
218385
218424
218450
218556
218603
218794
218815
218932
219035
219290
219398
219524
219548
219627
219715
219812
219849
219860
219872
220099
220132
220432
220623
220778
220807
220823
220917
221075
221342
221360
221383
221459
221697
221804
221828
221851
221852
221987
222008
222135
222174
222187
222214
222218
222313
222337
222371
222421
222623
222822
222995
223029
223214
223243
223609
223898
223976
224069
224184
224216
224289
224451
224464
224542
224632
224848
224894
224993
225029
225113
225189
225216
225250
225272
225441
225530
225572
225689
225715
225850
226437
226533
226642
226703
226964
226983
227010
227096
227164
227466
227478
227625
227957
227971
228041
228102
228173
228303
228366
228568
228597
228642
228805
228811
228817
229031
229063
229219
229243
229260
229814
229849
230417
230625
230745
230874
230941
231109
231157
231248
231288
231341
231500
231796
231855
232002
232059
232160
232173
232208
232485
232657
232659
232792
232821
232879
232923
233158
233274
233278
233286
233585
233652
233798
233880
233884
234334
234499
234524
234670
234683
234773
234795
234831
235173
235230
235254
235399
235421
235756
235792
235794
235865
235936
236189
236425
236464
236485
236528
236589
236659
236704
236720
237063
237154
237551
237575
237713
237744
237835
237965
238668
238731
238817
239077
239171
239186
239296
239508
239595
239606
239667
239694
239802
239852
239873
239978
240031
240080
240206
240287
240301
240403
240421
240512
240750
240933
241302
241522
241678
242011
242023
242268
242426
242475
242904
242937
243205
243406
243425
243837
244024
244093
244145
244296
244298
244382
244421
244463
244627
244729
244935
244962
245027
245072
245090
245151
245263
245303
245356
245406
246058
246064
246126
246338
246405
246544
246551
246776
246904
247052
247070
247107
247421
247455
247562
247852
248128
248142
248346
248393
248419
248466
248504
248857
249296
249399
249539
249761
249781
249891
249958
250027
250082
250114
250171
250178
250222
250353
250358
250394
250414
250482
250536
250562
250964
250986
251043
251130
251240
251301
251304
251479
251534
251591
251601
251933
252145
252167
252252
252345
252370
252380
252482
252503
252591
252836
253119
253248
253265
253605
253648
253748
253801
254541
254545
254633
254667
254719
254886
254981
255331
255636
256254
256289
256304
256327
256384
256444
256567
256776
256847
256886
256890
256978
256988
257087
257268
257405
257407
257464
257466
257805
257856
257874
258014
258095
258143
258238
258661
258664
258840
258950
258982
259015
259195
259245
259403
259407
259913
260067
260088
260128
260269
260278
260324
260374
260729
260893
260930
260937
260954
260964
260980
261173
261573
261735
262035
262213
262252
262292
262314
262605
262879
263025
263030
263102
263105
263449
263461
263529
263537
263627
263673
263708
263719
263729
263746
263950
263958
264039
264056
264124
264143
264164
264192
264242
264332
264440
264529
264582
264778
264802
264864
264873
264947
265246
265270
265329
265552
265615
265816
265841
265989
266004
266015
266050
266274
266563
266599
266952
267036
267041
267044
267096
267103
267129
267135
267275
267305
267386
267637
267804
267892
268128
268216
268249
268421
268457
268499
268656
268779
268814
268929
269124
269159
269588
269650
269849
269873
269877
269890
269903
269910
269926
270037
270058
270150
270284
270384
270421
270455
270497
270528
270726
270816
270911
271120
271173
271444
271496
271523
271549
271582
271719
271805
271846
272016
272081
272257
272315
272563
272580
272714
272922
272948
272970
273176
273198
273588
273590
273902
274246
274251
274255
274375
274604
274650
274700
275156
275161
275243
275443
275466
275499
275711
275854
275894
275972
276000
276010
276098
276339
276484
276813
276818
276962
277054
277154
277318
277353
277367
277591
277669
277784
277805
278023
278062
278068
278132
278160
278201
278257
278262
278356
278398
278413
278429
278437
278461
278572
278577
278583
278618
