106
113
129
174
304
752
850
935
939
963
1070
1249
1445
1762
1941
1983
2006
2043
2058
2157
2591
2616
2624
2735
2780
2791
2796
3028
3064
3080
3215
3240
3289
3442
3479
3506
3697
3752
3990
4009
4031
4037
4046
4093
4173
4181
4183
4195
4231
4361
4680
4691
5001
5061
5201
5457
5558
5714
5847
5926
5985
5990
6049
6051
6165
6252
6448
6465
6519
6552
6603
6700
6830
6882
7137
7348
7366
7654
7881
7950
8052
8216
8542
8639
8863
8923
8932
9166
9298
9325
9392
9796
9798
9957
9978
9996
10079
10171
10480
10578
10615
11082
11462
11491
11669
11852
11886
12066
12171
12283
12378
12465
12469
12536
12581
12593
12710
12760
12820
12826
12954
13073
13166
13279
13327
13402
13564
13716
13717
13929
14176
14291
14742
14960
15059
15079
15113
15602
15627
15728
16339
16353
16361
16393
16443
16451
16618
16701
16823
16894
16949
17147
17426
17466
17590
17978
18122
18144
18303
18500
18526
18712
18717
18722
18731
18747
19031
19037
19141
19313
19912
20534
20611
20670
20759
20783
20862
20884
20888
20903
21113
21138
21321
21405
21422
21442
21561
21701
21729
21740
21782
21811
21938
22040
22586
22688
23072
23146
23159
23188
23300
23416
23487
23488
23658
23791
23976
24089
24235
24345
24561
24705
24786
24827
24828
24846
24894
25087
25149
25332
25353
25358
25504
25518
25523
26029
26259
26330
26522
26570
26629
26638
26743
26941
27366
27387
27576
27598
27649
27689
28158
28195
28305
28422
28623
28627
28952
29096
29127
29132
29203
29222
29226
29239
29288
29296
29394
29462
29971
30019
30230
30390
30601
30910
30933
30944
30994
31003
31019
31098
31175
31499
31525
31594
31662
31666
31690
31730
31784
31889
32051
32349
32427
32462
32614
32702
32715
32832
32855
32958
32973
33137
33171
33213
33225
33453
33497
33821
33825
33836
34254
34451
34478
34488
34552
34613
34948
35222
35253
35302
35591
35635
35681
35685
35732
35963
35964
36269
36386
36541
36556
36560
36611
36672
36737
37149
37241
37579
37710
37760
37762
37781
37790
37867
37991
38004
38367
38403
38406
38823
38860
38945
39030
39349
39456
39501
39586
39835
39858
39902
40086
40120
40141
40186
40367
40379
40381
40389
40598
40652
40713
40804
40899
40940
41202
41629
41659
41854
41896
41979
42060
42216
42305
42359
42603
42785
43080
43094
43143
43197
43248
43294
43670
43838
43964
44042
44243
44245
44256
44287
44354
44413
44496
44524
44526
44618
44888
44978
45034
45125
45274
45285
45293
45363
45446
45460
45482
45620
45627
45954
46003
46130
46486
46592
46611
46626
46724
47026
47278
47443
47504
47789
47806
47862
47933
47980
48131
48140
48209
48313
48336
48370
48467
48468
48557
48609
48665
48705
48988
49024
49122
49505
49608
49634
49713
50150
50288
50311
50320
50399
50423
50598
50688
50692
50733
50858
51057
51134
51139
51163
51260
51484
51627
51708
51858
52053
52070
52249
52253
52568
52660
52831
53136
53169
53185
53324
53401
53647
53729
53802
53818
53844
54081
54200
54286
54300
54421
54605
54678
54701
54739
54899
54900
54963
54983
55057
55071
55243
55254
55295
55329
55441
55635
55686
55721
55843
56157
56337
56423
56455
56560
56637
56741
56751
56983
57111
57237
57445
57471
57478
57484
57532
57615
57636
57641
57976
58025
58167
58255
58580
58662
58930
59014
59203
59298
59372
59411
59499
59534
59827
60072
60142
60181
60362
60463
60488
60709
60939
61095
61230
61419
61642
61752
61828
61848
61996
62025
62158
62159
62204
62256
62390
62404
62442
62528
62768
62838
63054
63186
63593
63641
63873
63905
63943
64006
64011
64035
64109
64584
64692
64939
65015
65137
65268
65486
65578
65801
65845
66002
66011
66311
66468
66595
66597
66784
66848
66992
67018
67060
67140
67288
67321
67365
67380
67460
67506
67641
67649
67901
67996
68110
68118
68242
68257
68329
68470
68662
68921
68955
68987
69039
69151
69278
69342
69369
69930
70004
70059
70274
70425
70450
70523
70538
70654
70673
70731
70868
71000
71273
71369
71393
71708
71738
71768
71833
72016
72116
72154
72186
72421
72507
72639
72763
72774
73073
73225
73256
73279
73692
73846
73919
73996
74394
74399
74486
74559
74656
74671
74817
75107
75119
75368
75576
75843
75846
75895
75912
76055
76326
76811
77397
77609
77767
77772
78065
78112
78137
78228
78322
78389
78414
78432
78665
78934
78935
78953
79016
79033
79149
79170
79429
79571
79579
79611
79633
79663
79669
79917
79921
80036
80213
80348
80531
80754
80769
80807
80887
80897
80902
81172
81262
81426
81564
81819
81946
81984
81985
82019
82043
82161
82284
82290
82353
82531
82603
83079
83157
83164
83288
83484
83619
83666
83727
83728
83842
84097
84150
84154
84168
84178
84378
84471
84625
84734
84892
85012
85032
85072
85216
85320
85399
85484
85492
85500
85626
85671
85706
85806
86260
86476
86567
86594
86610
86875
86968
86974
86982
87120
87141
87292
87439
87474
87549
87554
87589
87615
87780
87807
88212
88428
88429
88443
88540
88550
88638
88680
88681
88828
88848
88903
88937
88976
88983
89001
89095
89221
89313
89408
89413
89443
89951
89991
90144
90175
90178
90205
90248
90259
90391
90435
90804
90844
91029
91048
91346
91423
91440
91556
91775
91825
91971
91980
92190
92306
92467
92509
92569
92588
92623
92937
93140
93283
93299
93327
93682
93888
93922
93954
94268
94396
94444
94477
94674
94677
94758
94947
95107
95170
95255
95282
95299
95478
95480
95639
95676
96138
96306
96499
96509
96514
96561
96684
96704
96749
96963
96983
97027
97163
97246
97263
97684
97714
97773
97870
97872
98070
98071
98075
98080
98155
98157
98204
98209
98423
98530
98624
98720
98765
98837
98946
99069
99102
99135
99207
99211
99501
99894
99959
100370
100527
100659
100697
100698
100707
100845
100846
100989
101114
101195
101230
101232
101365
101657
101668
101949
102106
102370
102441
102695
102749
102755
102856
102994
103044
103199
103223
103225
103430
103440
103458
103615
103657
103832
103872
103905
103926
103959
103972
104286
104354
104365
104411
104611
104735
104938
105005
105079
105119
105133
105246
105314
105320
105362
105384
105486
105490
105580
105663
105832
106002
106012
106027
106163
106306
106504
106603
106687
106703
106872
106925
107005
107065
107259
107260
107284
107391
107445
107545
107646
107647
107667
107710
107755
107817
107865
108285
108342
108362
108614
108636
108709
108724
108725
108778
108851
108975
108997
109040
109077
109126
109234
109253
109280
109467
109469
109504
109624
109874
109942
109975
110029
110108
110216
110333
110457
110480
110522
110595
111225
111306
111386
111418
111521
111569
111680
111737
111932
111943
112136
112224
112294
112297
112504
112632
112638
112663
112835
112877
113025
113106
113108
113164
113374
113445
113465
113470
113493
113501
113544
113643
113667
113769
113835
113991
114106
114134
114145
114274
114848
115085
115303
115572
115582
115621
115860
115961
116061
116069
116073
116179
116657
117045
117073
117243
117247
117319
117465
117665
117686
117731
118157
118244
118348
118382
118455
118492
118861
118863
118940
119105
119251
119257
119300
119337
119389
119400
119684
119730
119872
119945
120404
120504
120539
120568
120929
121140
121150
121214
121384
121418
121749
121753
121763
121981
122133
122178
122181
122406
122873
123019
123074
123095
123121
123407
123473
123497
123500
123738
123767
123837
123972
123992
124091
124167
124266
124608
124666
124764
125057
125112
125131
125163
125289
125455
125926
125980
126036
126315
126389
126516
126639
126763
126980
127193
127268
127320
127361
127369
127592
127624
127932
127973
127986
128083
128101
128166
128336
128402
128418
128469
128490
128717
128749
128924
129206
129281
129413
129538
129800
129818
129873
129974
130002
130063
130581
130733
130767
131130
131146
131150
131199
131201
131271
131273
131370
131427
131548
131584
131656
131898
131938
132074
132109
132153
132200
132554
132616
132822
132932
133185
133228
133377
133398
133628
133775
133988
134009
134067
134785
134797
134947
134992
135033
135114
135270
135272
135407
135563
135609
135634
135736
135742
135855
135863
135866
135978
136077
136325
136410
136415
136430
136437
136507
136620
136843
136853
137151
137204
137241
137242
137288
137398
137412
137437
137439
137517
137617
137691
137709
137710
137861
137916
138452
138588
138805
138839
138892
139105
139129
139313
139314
139608
139739
139826
139832
139859
139928
139955
140044
140071
140083
140093
140155
140245
140249
140278
140346
140358
140360
140443
140500
140508
140588
140775
140817
140862
141119
141164
141173
141176
141232
141692
141725
141740
141814
141816
141830
141831
141848
141849
141856
141914
141998
142044
142118
142134
142166
142205
142265
142354
142366
142386
142544
142607
142638
142689
142863
143348
143417
143520
143691
144065
144164
144197
144215
144226
144547
144611
144682
144936
145427
145452
145458
145495
145509
145570
145575
146047
146059
146103
146325
146435
146589
146657
146806
147043
147237
147324
147391
147409
147440
147442
147468
147756
147796
147900
148002
148003
148019
148037
148058
148135
148205
148316
148411
148590
148656
148756
148812
148814
148829
148841
148967
149216
149230
149294
149493
149624
149641
149719
149900
149975
149983
150191
150406
150495
150944
151067
151107
151172
151173
151264
151375
151518
151825
152014
152076
152167
152192
152539
152669
152850
153032
153050
153324
153396
153482
153494
153574
153587
153691
153785
153891
153967
154029
154041
154116
154150
154155
154258
154305
154394
154505
154606
154629
154634
154668
154920
154978
155004
155026
155083
155131
155151
155186
155189
155324
155409
155442
155470
155541
155809
155838
155883
155896
155946
156041
156051
156153
156229
156316
156346
156467
156469
156743
156815
156901
156915
157090
157117
157413
157549
157551
157575
157927
157951
158080
158216
158364
158796
158843
159040
159050
159053
159279
159310
159414
159513
159549
159587
159758
160067
160261
160273
160342
160370
160387
160564
160657
160667
160691
160771
160790
160831
160834
160838
160888
160988
160996
160999
161141
161415
161541
161655
161714
161780
161804
162068
162129
162221
162297
162317
162604
162613
162625
162722
162985
162986
163069
163170
163414
163523
163539
163729
163852
163855
163940
163950
163964
164058
164066
164133
164281
164387
164461
164607
164657
164781
164911
165191
165406
165495
165541
165576
165592
165597
165651
165687
165729
165745
165778
166026
166139
166165
166271
166320
166355
166473
166579
166682
166815
166859
166935
166937
166960
167168
167242
167338
167402
167412
167514
167617
167663
167833
167837
167879
167936
167947
168062
168075
168199
168372
168396
168609
168830
168836
168942
168974
168979
169084
169363
169394
169519
169520
169611
169755
169762
169861
169875
169946
170113
170216
170311
170370
170398
170432
170541
170765
170775
170889
171232
171250
171272
171322
171409
171590
171691
171702
171750
171784
172060
172286
172372
172418
172495
172512
172617
172848
173037
173185
173220
173250
173356
173386
173494
173629
173719
173759
173842
173906
174010
174232
174382
174412
174519
174544
174688
174760
174785
174819
174995
175015
175269
175319
175357
175453
175511
175606
175736
175774
176102
176167
176356
176372
176382
176466
176611
176662
176695
176717
176795
176856
176897
176937
176948
176979
177029
177073
177397
177446
177455
177522
177614
177708
177794
178041
178244
178300
178386
178397
178824
178866
178984
179031
179221
179287
179433
179438
179494
179617
179673
179756
179798
179801
179904
179962
180066
180089
180142
180146
180211
180254
180408
180520
180651
180709
180751
180806
181123
181163
181209
181236
181342
181471
181740
181780
181835
182010
182030
182056
182100
182148
182190
182207
182212
182250
182318
182348
182353
182501
182623
182649
183032
183093
183127
183187
183211
183298
183415
183497
183506
183544
183558
183939
183969
183982
183996
184181
184320
184341
184652
185027
185215
185232
185363
185439
185791
185798
185804
185900
185994
186045
186094
186096
186172
186306
186580
186606
186667
186677
186706
186725
186774
186841
186863
187066
187169
187242
187351
187359
187406
187564
187603
187608
188554
188865
188987
189027
189094
189237
189294
189514
189552
189581
189717
189801
189844
189848
190182
190249
190346
190363
190378
190423
190435
190436
190461
190495
190499
190573
190700
190776
191019
191032
191158
191316
191391
191433
191441
191456
191728
191751
191975
191980
192037
192199
192252
192273
192281
192299
192311
192464
192565
192582
192693
192730
192778
192805
192915
193078
193285
193461
193477
193484
193518
193559
193563
193577
193638
193679
193931
193935
193971
194205
194228
194245
194414
194634
194640
194747
195059
195120
195435
195526
195542
195653
195916
195955
196063
196138
196142
196244
196281
196356
196364
196436
196515
196537
196575
196627
196637
196655
196672
196827
196830
196872
196959
196988
197025
197050
197315
197424
197489
197499
197536
197545
197549
197550
197680
197730
197753
197784
197879
198092
198115
198271
198423
198473
198717
198810
198899
199207
199228
199296
199376
199459
199593
199606
199666
199677
199863
199920
200236
200320
200330
200331
200351
200508
200662
200663
200682
200790
201016
201035
201039
201043
201049
201154
201314
201347
201580
201618
201748
201827
201970
201995
202080
202148
202155
202363
202385
202648
202754
202765
203116
203136
203279
203473
203476
203505
203529
203724
203755
203781
203822
203923
203985
204003
204100
204158
204171
204231
204304
204340
204344
204467
204644
204838
204924
204958
205074
205319
205491
205614
205717
205937
205959
205968
206080
206147
206175
206189
206204
206275
206375
206493
206653
206908
206923
206937
206942
207024
207206
207210
207217
207316
207543
207560
207736
207909
207944
208105
208112
208167
208241
208307
208423
208516
208621
208685
208810
208898
208943
209100
209126
209148
209288
209336
209700
209810
209835
209941
210075
210132
210166
210283
210305
210306
210309
210311
210379
210392
210540
210815
211133
211221
211251
211391
211523
211558
211582
211829
212178
212302
212627
212953
213327
213400
213458
213683
213684
213696
213733
213857
213894
214014
214065
214144
214216
214306
214324
214482
214884
214932
214976
215218
215677
215736
215742
215869
215915
216025
216156
216213
216350
216496
216550
216551
216618
216844
216869
216954
217180
217197
217326
217389
217451
217593
217840
217879
218169
218352
218497
218759
218764
218788
218814
218832
218910
219011
219074
219121
219122
219134
219154
219210
219230
219349
219498
219596
219893
219910
220223
220297
220308
220469
220675
220727
220795
220941
221300
221500
221537
221821
221841
222017
222042
222068
222239
222290
222325
222355
222403
222463
222514
222539
222601
222607
222776
222814
223063
223266
223318
223495
223586
223767
223801
223814
223870
223883
224101
224173
224248
224278
224279
224339
224380
224524
224545
224643
224644
224739
224745
224835
224879
224900
225005
225030
225197
225364
225367
225474
225501
225522
225696
225718
226373
226461
226495
226643
226677
226981
226987
227007
227072
227187
227278
227324
227416
227662
227672
227860
227937
227948
228199
228263
228400
228426
228659
228729
228742
228771
228787
228896
229049
229083
229138
229211
229242
229244
229293
229994
230017
230086
230196
230346
230399
230402
230451
230873
230883
230894
230947
230976
231097
231134
231137
231140
231180
231185
231395
231584
231671
231794
231866
231965
232130
232188
232349
232354
232676
232721
232810
232898
232924
233747
233836
234033
234055
234073
234102
234157
234378
234652
234910
234934
234976
235181
235271
235481
235587
235619
235743
235912
235978
236106
236141
236183
236292
236310
236434
236501
236572
236585
236610
236712
236734
236740
236952
236996
237120
237295
237375
237459
237640
237710
237719
237752
237805
237830
238027
238033
238081
238189
238501
238575
238583
238650
238656
238681
238710
238865
239150
239224
239261
239634
239638
239832
239868
239955
240025
240088
240118
240145
240348
240526
240642
240675
240679
240724
240731
240755
240827
240917
241178
241179
241352
241500
241546
241741
241754
241824
241863
241978
242054
242104
242142
242279
242355
242362
242375
242389
242474
242648
242972
242982
243065
243144
243277
243312
243368
243370
243401
243471
243620
243709
243750
244215
244393
244949
245123
245206
245257
245299
245413
245479
245529
245536
245543
245568
245751
245781
246021
246062
246066
246075
246099
246188
246235
246313
246416
246677
246688
246719
246767
246927
246966
247012
247074
247196
247236
247280
247574
247622
247750
247928
248020
248064
248130
248261
248282
248475
248517
248697
248783
249114
249324
249482
249491
249594
249607
249688
249716
249758
249842
249899
249965
249993
250003
250045
250055
250143
250342
250412
250448
250598
250617
250855
251288
251305
251367
251542
251549
251621
251632
251746
251748
251761
251763
251771
251805
251848
251928
252071
252073
252298
252413
252604
252672
252756
252786
252860
252908
253000
253036
253040
253054
253290
253312
253406
253502
253584
253652
253769
253849
253866
254134
254188
254198
254297
254345
254440
254714
254756
254768
254790
254823
254910
254939
254959
254971
255009
255140
255219
255358
255395
255480
255644
255677
255711
255802
255805
255849
255881
255886
256244
256268
256333
256373
256380
256573
256583
256589
256607
256655
256665
256830
256838
256851
256861
256867
256913
256982
257127
257248
257254
257380
257420
257425
257427
257451
257659
257772
257790
257998
258016
258065
258071
258081
258086
258464
258519
258570
258668
258874
258889
258913
258994
259003
259053
259076
259129
259181
259288
259308
259452
259518
259525
259564
259598
259625
259698
259727
259918
260037
260122
260156
260163
260361
260492
260516
260647
260703
260752
260805
260874
261049
261157
261240
261332
261485
261552
261828
261858
261861
261893
262089
262158
262193
262211
262263
262601
262633
262650
262702
262775
262786
262791
262840
262931
263085
263204
263237
263379
263392
263401
263499
263524
263557
263562
263674
263711
263745
263828
263920
263936
263983
264017
264031
264091
264148
264151
264154
264161
264266
264408
264522
264542
264551
264576
264591
264644
264667
264761
264879
264885
265366
265490
265553
265632
265635
265646
265760
265781
265891
265904
265992
266039
266080
266176
266504
266596
266607
266705
266787
266826
266900
266931
267023
267154
267249
267630
267685
267693
267982
268160
268277
268314
268341
268355
268357
268375
268393
268409
268481
268489
268625
268626
268648
268751
268756
269171
269179
269190
269207
269208
269338
269408
269510
269511
269547
269702
269713
269730
269817
269818
269922
270015
270021
270026
270126
270166
270167
270362
270435
270581
270644
270647
270751
270758
270793
271093
271245
271395
271396
271407
271411
271454
271511
271531
271615
271862
272062
272354
272504
272625
272809
272889
272961
272973
272984
273186
273238
273333
273441
273550
273563
273573
273601
273708
273709
273800
273913
273950
273992
274145
274159
274232
274609
274837
274921
275064
275066
275225
275264
275302
275369
275774
275806
275833
275837
275853
275873
276021
276041
276080
276084
276140
276302
276506
276556
276582
276903
276941
277173
277200
277330
277404
277503
277593
277696
277770
277775
277810
277849
277928
278048
278081
278148
278231
278235
278315
278354
278442
278623
