321
391
465
657
811
879
900
964
1275
1397
1429
1595
1748
2136
2328
2432
2483
2845
2868
3050
3418
3526
3789
4044
4095
4175
4221
4256
4501
4607
5684
5742
5936
5948
6019
6235
6262
6518
6664
6689
6851
7141
7327
7372
7639
7640
7866
7923
8020
8114
8171
8302
8430
8523
8598
8817
8856
8941
9092
9590
9976
10151
10351
10406
10883
11434
11815
11906
12162
12303
12484
12680
12817
12963
13022
13040
13921
14121
14209
14257
14380
14569
15260
15560
16042
16610
16612
16884
16926
17014
17627
17642
18246
18755
18905
19125
19368
19376
19454
19509
19669
19862
19926
20075
20482
20546
20824
20869
20972
21941
22001
22598
22636
22661
22675
22848
22977
22978
22992
23020
23637
23682
23800
24033
24203
24226
24612
24644
25255
25320
26288
26400
26803
26976
26986
27523
27600
27644
27811
28410
28621
28802
28828
29070
29626
29765
29815
29828
30124
30629
30870
31240
31339
31537
31628
31767
31851
32005
32365
33023
33079
33378
33460
33492
33954
34020
34109
34301
34524
34534
34784
34846
35024
35124
35970
36100
36488
36519
36919
37044
37072
37353
37430
37506
37561
37614
37802
37979
38089
38136
38142
38504
38926
38927
38967
39010
39243
39556
39743
39823
40304
40530
40798
40987
41065
41164
41588
42196
42720
42834
42897
42901
43249
43364
43370
43414
43530
43596
43728
43767
44300
44570
44704
44821
45265
45466
46368
46658
46731
46835
47324
47496
47551
47884
47983
47996
48072
48135
48154
48413
48597
48968
49140
49661
50432
50532
50695
50821
50834
50850
50888
50941
50991
51205
51249
51666
51701
51737
51767
51837
52237
52295
52373
52444
52636
52737
52950
53304
53313
53323
53823
54027
54204
54296
54308
54357
54568
54908
55065
55290
55647
55888
56083
56360
56491
56537
57180
57757
57835
57884
58386
59146
59333
59456
59545
59689
59813
59869
60082
60106
60141
60200
60474
60704
60778
61648
61654
62042
62346
62675
63068
63120
63222
63405
63463
63667
64250
64389
64491
64644
64813
65172
65286
65316
65798
65818
65956
66460
66568
66969
67280
67336
67377
67633
67694
67864
68300
68859
68997
69085
69113
69238
69320
69426
69732
69848
70042
70085
70135
70312
70485
70709
70896
70917
70992
71037
71434
71906
72229
72379
73252
73545
73974
74139
74268
74368
74393
74459
74571
74878
75041
75603
75710
75722
75853
76002
76149
76272
76306
76480
76919
77030
77681
78003
78108
79005
79124
79304
79551
79790
80230
80607
80904
81112
81327
81358
82388
82934
83071
83163
83226
83246
84657
84978
84979
84994
85003
85005
85087
85289
85379
85945
86016
86060
86130
86185
86193
86517
86585
86721
87027
87187
87730
87737
88010
88085
88217
88239
88260
88655
89079
89340
89719
90110
90779
90836
90994
91275
91351
91415
91681
92521
92536
93198
93201
93325
93377
93515
93529
94065
94192
94481
94536
94862
95025
95058
95298
95300
95610
96530
96657
97531
97598
97705
97716
97834
97912
98100
98107
98126
98447
98460
98545
99109
99146
99253
99255
99271
99471
99681
99877
100238
101292
101346
102225
102429
102631
103149
103280
103549
103571
103834
103869
104171
104322
104327
104523
104525
104552
104756
105074
105313
105361
105375
105886
106020
106915
107129
107274
107612
108167
108366
108846
109016
109564
109633
109854
110278
110584
111002
111536
111621
111859
112086
112479
112659
112714
113498
113614
113762
113965
113999
114248
114442
114536
114819
114941
115170
115364
115617
115739
115896
115956
116025
117087
117346
117398
117474
117534
117579
117673
117905
118467
118682
118823
119463
119861
120230
120464
120582
121122
121283
121899
122051
122153
122326
122454
122605
122933
123063
123679
123744
124363
124838
125418
125430
125461
126546
126723
126918
127094
127346
127388
127570
127908
127965
128159
128355
128611
129220
129292
129422
129621
129929
130021
130054
130079
130224
130405
130418
130419
130716
130825
130915
131169
131292
131594
133277
133372
133585
133816
133873
134081
134200
134666
134877
134984
135304
135516
135588
135625
135635
135867
135930
136070
136166
136240
136283
136411
136491
136766
136790
137177
137257
137269
137633
137658
138390
138451
138556
139476
139615
139715
139802
139919
139970
140369
140603
140620
140646
141357
141871
141904
141952
141993
142251
142390
142596
142688
142717
143539
143711
144155
144377
144448
144642
144688
145155
145160
145198
145258
145419
145760
146223
146534
146680
146788
146937
148349
148596
148663
148666
148689
148806
149217
149427
149570
150275
150332
150893
151299
151497
152268
152659
152745
152976
153105
153428
153521
153719
153725
153901
154001
154464
155048
155077
155124
155463
155979
156019
156083
156159
156182
156286
156403
156423
156436
156653
156949
157152
157375
157430
157466
157831
157929
158052
158991
159360
159602
159781
160309
160587
160625
160971
161239
161483
161534
161598
161652
161664
161802
162035
162136
162278
162384
162724
162976
163040
163074
163965
164136
164190
164472
164597
164910
165245
165708
165866
165946
165948
166275
166546
166557
166581
166871
166915
166983
167255
167326
167547
167850
168169
168189
168424
168574
169427
169450
169529
169584
169657
169719
169846
169922
170060
170061
170093
170135
170215
170568
171105
171588
172493
172521
172719
173235
173546
173967
174058
174175
174310
174367
174622
174650
174675
174718
175018
175139
175215
175648
175742
175997
176424
177360
177707
177710
178006
178205
178287
178581
178623
178649
178680
178778
178888
179680
180095
180143
180674
180758
181508
182333
182425
182461
182512
182739
182912
182983
182995
183016
183164
183189
183213
183520
183521
183827
184230
184797
185233
185810
185934
186032
186165
186213
186386
186410
186530
186536
186618
187077
187181
187195
188075
188103
188997
189242
189471
189863
189983
189999
190500
190540
190627
190891
191490
191805
191932
192000
192283
192315
192392
192452
192871
192988
193102
193224
193887
194003
194529
195201
195698
195702
196001
196044
196144
196242
196272
196343
196554
196572
196574
196621
196768
197161
197301
197408
197411
197581
197720
197766
197984
198339
198503
198687
198956
199095
199189
199837
200089
200115
200276
200327
200375
200978
201001
201027
201479
201635
201716
201810
202594
202678
202706
203241
203414
203540
203644
203922
204254
204275
204328
204387
204419
204833
205430
205780
205935
206244
206367
206863
206887
207877
207880
208188
208311
208540
209801
210041
210127
210135
210762
210863
211146
211388
211441
211466
211713
212092
212220
212530
212900
212987
212994
213136
213142
213308
213390
213424
213547
213589
213620
213656
213659
213864
214291
214308
214505
214651
214746
215075
215076
215170
215254
215721
215753
216181
216298
216354
216417
216489
216966
217049
217362
217607
217609
217723
217962
217996
218001
218005
218227
218394
218767
218802
218833
218993
219036
219387
219572
219830
220080
220151
220574
220657
220930
220992
221167
221368
221395
221627
222081
222184
222319
222384
222650
222676
222781
223072
223296
223312
223345
223673
223691
223782
224333
224475
225375
225796
226153
226275
226328
226385
226851
226918
227360
227524
227980
228113
228219
228658
228791
228903
228988
229073
229133
229227
229453
229590
229916
230019
230102
230260
230383
230459
230527
230670
230925
231470
231530
231544
232088
232640
232965
232982
233464
233623
233837
233881
233993
234340
234542
234687
234775
235009
235191
235366
235455
235986
237108
237250
237293
237827
237952
238103
238124
238599
238832
238920
238970
239000
239159
239327
239427
239528
239714
239818
240422
240719
240810
240826
241051
241077
241137
241367
241841
241980
242047
242125
242835
243320
243524
243799
243888
244080
244456
244653
245054
245609
245643
245665
245881
246270
246324
246601
246722
246799
246829
247227
247347
247718
247740
247767
247840
248278
248582
248666
248867
249036
249039
249063
249208
249555
249618
249807
249956
250026
250218
250334
250397
250413
250485
250853
250886
250923
251086
251277
251472
251716
251925
252752
252818
252824
252932
253295
253336
253740
254010
254330
254400
254407
254485
254537
254849
254896
255164
255444
255466
255911
255917
256328
256477
257018
257746
257770
257810
257850
257997
258291
258456
258891
258939
259077
259191
259579
259897
260462
260814
260845
260920
261214
261478
261583
261681
261995
262638
262857
262920
263728
263776
264094
264213
264354
264414
264526
264634
264938
265030
265386
265644
266157
266162
266192
266199
266438
266674
266728
266785
266961
266984
267826
267832
268041
268117
268262
268404
268689
268803
269006
269377
269418
269481
269872
269917
270299
271078
271159
271239
271330
271465
271466
271586
271679
271872
272042
272232
272314
272659
272759
273257
273779
273877
274261
274499
274577
274728
274729
274913
274944
275250
275333
275342
275559
275724
275762
275842
275962
275989
276022
276511
276616
276754
276781
277021
277237
277378
277700
278326
278444
278472
