156
195
303
371
438
474
518
567
572
578
590
632
868
904
1219
1285
1482
1601
1603
1731
2109
2172
2211
2251
2761
2838
2975
2976
3087
3296
3310
3459
3496
3556
3788
3899
3954
4125
4144
4288
5009
5010
5052
5101
5137
5388
5548
5658
5803
5820
5851
5864
5921
5954
6035
6093
6375
6433
6436
6450
6455
6459
6500
6525
6585
6597
7129
7193
7196
7326
7360
7454
7514
7648
7716
7982
8019
8051
8093
8160
8166
8194
8218
8236
8252
8440
8467
8830
9158
9301
9368
9551
9762
9818
9865
10140
10148
10242
10281
10422
10474
10570
10583
10613
10766
10925
11045
11062
11081
11087
11107
11113
11346
11361
11518
11585
11827
11951
12038
12041
12159
12395
12398
12476
12762
12814
12880
13099
13189
13258
13283
13368
13441
13622
13643
13788
13816
14090
14100
14118
14280
14305
14406
14423
14471
14878
15001
15018
15085
15110
15249
15478
15528
15537
15613
15654
15802
15827
15831
15839
16222
16264
16670
16794
17000
17424
17429
17593
17765
17782
17787
17803
17850
17860
18190
18337
18507
18604
18670
18675
18697
18742
18831
18884
18926
18938
18939
18971
18999
19013
19078
19230
19271
19293
19450
19551
19592
19890
19893
19897
19997
20048
20049
20124
20256
20259
20281
20390
20554
20740
20763
20765
20774
20851
21079
21092
21254
21269
21320
21367
21392
21597
21748
21809
21837
21888
21995
22178
22610
22669
23078
23124
23223
23368
23412
23450
23468
23639
23687
23688
23715
23760
23772
23808
23853
23893
24028
24159
24299
24309
24330
24370
24549
24823
24852
24904
25121
25129
25272
25281
25553
25668
25800
25929
25941
25986
26051
26102
26168
26184
26186
26220
26262
26267
26289
26302
26519
26584
26647
26676
26853
26916
26985
27142
27312
27484
27520
27674
27760
27898
27900
27962
27996
28159
28170
28246
28317
28322
28398
28415
28528
28674
28689
28846
28967
29141
29470
29572
29595
29833
29929
30109
30154
30194
30196
30402
30477
30626
30645
30722
30735
30904
30965
30990
31121
31337
31413
31519
31523
31613
31734
31893
32048
32113
32123
32249
32677
32706
32724
32785
32841
32861
32919
32980
33004
33011
33088
33131
33189
33220
33246
33396
33644
33745
33763
33768
33781
33789
33805
33893
34113
34178
34205
34249
34386
34408
34544
34861
34975
35014
35095
35129
35325
35390
35439
35440
35482
35550
35663
35694
35895
35987
35997
36009
36016
36215
36272
36340
36457
36532
36675
36728
36759
36889
36945
36961
37032
37086
37346
37684
37714
37732
37801
37942
38062
38115
38255
38322
38376
38522
38662
38732
38749
38799
38901
39002
39249
39257
39424
39703
39716
39882
39942
39947
39953
39991
39992
39998
40029
40107
40300
40448
40600
40691
40788
40872
40919
41018
41027
41087
41316
41319
41400
41414
41492
41579
41656
41827
41927
41962
42007
42210
42318
42712
42729
42733
42789
42839
42840
43149
43157
43194
43312
43338
43500
43754
43781
43962
44063
44225
44309
44318
44321
44437
44500
44548
44600
44633
44957
45063
45172
45193
45243
45266
45487
45555
45579
45616
45770
45818
46034
46177
46227
46547
46565
46761
46872
46945
46952
46971
47066
47108
47169
47180
47200
47206
47224
47357
47429
47528
47584
47615
47673
47708
47831
47870
48000
48026
48171
48278
48300
48361
48536
48783
48795
48865
48895
49186
49276
49288
49482
49514
49531
49671
49756
49835
49896
50071
50078
50208
50225
50226
50318
50504
50506
50527
50586
51094
51211
51259
51273
51415
51420
51460
51467
51615
51679
51722
51760
51877
52074
52188
52209
52264
52535
52702
52789
52808
52841
52927
52968
53124
53302
53512
53718
53793
53985
53988
54048
54108
54205
54217
54287
54327
54328
54397
54467
54479
54482
54647
54658
54671
54761
54812
54950
55002
55042
55045
55191
55212
55219
55338
55445
55466
55490
55493
55494
55586
55599
55660
55661
55668
55809
55819
56160
56175
56197
56205
56323
56646
56756
56786
56901
56904
56931
57045
57144
57424
57462
57510
57574
57875
57947
58272
58281
58321
58356
58395
58566
58578
58654
58685
58767
58863
58992
59149
59169
59205
59243
59255
59262
59307
59318
59440
59569
59620
59761
59770
59858
59952
60034
60041
60045
60122
60183
60209
60292
60301
60410
60450
60460
60577
60590
60636
60700
60723
60827
60994
61008
61073
61099
61107
61117
61142
61302
61344
61365
61500
61634
61902
61914
61999
62368
62379
62388
62542
62599
62609
62638
62762
62839
63202
63219
63223
63267
63311
63428
63633
63640
63750
63802
63958
64087
64131
64158
64171
64261
64553
64616
64688
64715
64799
64914
64994
65013
65098
65352
65429
65487
65969
66009
66174
66189
66194
66249
66399
66529
66618
66671
66869
67022
67212
67219
67242
67284
67424
67464
67547
67553
67595
67797
68050
68066
68331
68434
68467
68539
68793
68952
68958
69107
69261
69345
69469
69541
69601
69667
69811
69877
69928
69956
70196
70356
70421
70537
70583
70611
70728
70761
70830
70831
70903
70947
71129
71205
71426
71429
71526
71783
71787
71801
71954
72010
72013
72105
72185
72297
72336
72345
72354
72413
72536
72600
72625
72653
72824
72854
72922
72963
73175
73267
73404
73570
73613
73657
73852
73867
73878
73954
74157
74201
74265
74275
74476
74509
74617
74701
74836
74901
74958
74966
74989
74997
75072
75079
75264
75383
75439
75463
75517
75598
75600
75612
75699
75730
75787
76059
76353
76392
76399
76560
77054
77094
77172
77278
77285
77297
77440
77490
77563
77650
77822
78015
78067
78073
78419
78428
78521
78528
78767
78960
79100
79294
79470
79487
79510
79761
79979
80045
80091
80149
80259
80261
80372
80448
80571
81005
81027
81197
81244
81269
81303
81342
81496
81503
81611
81638
81717
81809
81860
81891
81914
81957
82022
82225
82361
82381
82385
82492
82538
82577
82602
82661
82696
82770
82834
82858
82902
82913
82938
82960
82972
82984
83208
83326
83340
83351
83353
83582
83628
83879
84116
84119
84129
84131
84163
84165
84196
84466
84619
84643
84781
84813
84942
84966
84991
85268
85351
85372
85381
85391
85513
85516
85585
85906
86081
86165
86469
86667
86874
86971
86992
87136
87182
87186
87323
87351
87413
87429
87509
87528
87583
87595
87611
87643
87674
87690
87882
87916
87961
88355
88492
88960
89089
89189
89514
89675
89708
89761
89784
89833
89922
90171
90263
90307
90409
90560
90564
90659
90851
90863
90877
90953
90992
91046
91179
91231
91280
91327
91427
91447
91449
91515
91661
91876
91966
92191
92347
92363
92678
92807
93043
93124
93268
93388
93473
93543
93589
93626
93947
94147
94323
94489
94604
94621
94778
95021
95026
95188
95215
95254
95382
95452
95517
95521
95533
95633
95721
95744
95837
96112
96152
96470
96644
96861
96864
96945
96992
97020
97034
97125
97158
97201
97296
97374
97485
97666
97790
97875
97991
98007
98008
98014
98033
98084
98167
98187
98221
98262
98349
98386
98448
98451
98682
98683
98693
98717
98917
99030
99068
99085
99206
99325
99564
99785
99884
99891
100075
100349
100399
100582
100703
100826
100901
100910
100966
101028
101043
101152
101174
101340
101582
101617
101624
101644
101677
101695
101697
102075
102218
102238
102245
102256
102444
102707
102709
102783
102810
103008
103089
103124
103147
103208
103321
103334
103398
103587
103699
103732
103759
103979
104283
104387
104414
104547
104574
104699
104759
104782
104839
104940
105200
105480
105511
105614
105638
105650
105821
105978
105995
106011
106016
106130
106169
106536
106608
106708
106969
106971
107056
107168
107203
107313
107355
107418
107496
107711
107937
107970
108094
108353
108455
108496
108617
108635
108642
108666
108836
108911
108979
109091
109173
109206
109286
109288
109401
109425
109568
109650
109810
109890
109954
109984
110011
110059
110148
110171
110467
110505
110618
110671
110745
110789
111013
111057
111236
111259
111266
111328
111424
111494
111506
111538
111725
111795
112288
112407
112556
112825
112881
113064
113073
113119
113166
113310
113377
113582
113618
113663
113714
113945
114133
114146
114221
114328
114353
114395
114424
114508
114603
114678
114681
114713
114879
114887
115182
115415
115508
115563
115719
115834
115932
116116
116150
116182
116224
116401
116653
116696
116706
116827
116884
117010
117022
117144
117356
117582
117620
117647
117705
117730
117736
117777
117778
117998
118301
118477
118511
118687
118906
118927
118972
119070
119320
119329
119375
119543
119737
119796
119834
119892
119908
120343
120430
120458
120626
120843
120863
120870
120914
121219
121224
121344
121376
121491
121517
121584
121816
121823
121864
121881
121980
122101
122107
122123
122147
122239
122263
122281
122401
122405
122509
122663
122700
122708
122886
122890
122898
123079
123082
123092
123184
123206
123292
123310
123705
123954
123981
124025
124090
124386
124630
124676
124810
124967
125132
125235
125248
125266
125283
125368
125453
125459
125516
125556
125563
125652
125776
126018
126110
126253
126302
126341
126548
126703
127054
127060
127126
127217
127342
127449
127514
127623
127663
127761
128052
128302
128386
128572
128606
128776
128799
128821
128831
128845
128998
129193
129202
129540
129644
129675
129759
129764
129869
129989
130152
130265
130457
130500
130749
130887
130968
131106
131387
131398
131414
131466
131542
131704
131790
132113
132149
132164
132178
132198
132217
132222
132305
132390
132426
132628
132722
132863
132920
133046
133244
133285
133364
133430
133593
133698
133875
134051
134070
134156
134168
134197
134247
134294
134299
134313
134323
134471
134683
134771
135002
135029
135071
135136
135154
135196
135199
135340
135435
135462
135577
135615
135679
135748
135827
135942
136019
136083
136157
136601
136652
136748
136777
136778
136798
136932
137053
137067
137105
137134
137139
137276
137285
137315
137318
137347
137355
137531
137565
137820
137908
138005
138022
138040
138115
138248
138316
138366
138388
138406
138481
138531
138694
138889
138931
139261
139353
139533
139561
139599
139606
139607
139688
139897
139984
140209
140257
140528
140630
140771
140983
141199
141213
141351
141512
141600
141734
141799
141942
142043
142124
142148
142200
142293
142294
142380
142420
142531
142599
142778
143021
143138
143155
143199
143299
143337
143514
143581
143590
143611
143689
143800
143807
143813
143901
143950
144079
144112
144147
144166
144207
144361
144500
144540
144804
144834
145081
145116
145284
145388
145391
145471
145526
145549
145669
145888
146020
146034
146130
146287
146376
146623
146769
146904
147051
147208
147216
147346
147396
147455
147477
147660
147797
147827
147837
147869
147933
147942
148053
148059
148184
148282
148431
148732
148778
148947
149109
149118
149120
149391
149441
149458
149609
149791
149972
149978
149981
149997
150143
150426
150443
150477
150964
151134
151204
151220
151390
151433
151712
151942
152133
152440
152445
152467
152476
152503
152563
152569
152601
152896
152902
152934
153108
153159
153464
153569
153623
153786
153798
153838
154082
154217
154277
154291
154539
154656
154770
154821
154853
154895
154933
155125
155266
155403
155433
155438
155446
155450
155536
155540
155678
155699
155701
155791
156048
156427
156586
156618
156742
156748
156878
156906
157118
157290
157366
157500
157565
157588
158021
158109
158469
158530
158602
158645
158765
158781
159073
159197
159519
159539
159545
159668
159672
159684
159800
159861
159905
159986
160133
160199
160279
160551
160678
160680
160816
160860
160993
161043
161093
161139
161195
161293
161329
161344
161358
161458
161478
161540
161543
161567
161648
161833
161883
161888
162087
162157
162172
162260
162513
162562
162616
162620
162646
162831
162836
162887
162890
162898
162959
163172
163234
163490
163614
163671
163801
163811
164012
164087
164147
164304
164423
164428
164455
164582
164604
164611
164638
164730
164777
164800
164972
165056
165060
165174
165182
165343
165349
165412
165442
165448
165482
165517
165688
165719
165737
165787
165794
165920
166010
166214
166288
166407
166409
166417
166476
166616
166895
166921
167142
167397
167436
167481
167497
167668
168034
168066
168269
168308
168565
168587
168598
168638
168701
168758
168815
168884
168970
169062
169167
169255
169422
169646
169727
169776
169799
169877
169990
170029
170095
170120
170141
170187
170289
170360
170401
170463
170561
170601
170636
170732
170934
171010
171142
171177
171570
171939
171940
171988
172132
172173
172198
172379
172636
172684
172695
173057
173134
173192
173267
173269
173308
173443
173465
173503
173648
173737
173789
173821
173834
174024
174078
174161
174338
174617
174779
174979
175014
175067
175113
175298
175306
175364
175448
175520
175609
175683
175954
176009
176190
176222
176381
176557
176564
176586
176592
176758
176791
176840
176846
176854
176888
176941
176987
176992
177283
177298
177353
177459
177516
177714
177723
177820
177871
177888
177982
178098
178129
178141
178169
178206
178227
178232
178406
178564
178709
178720
178821
178887
178941
179094
179284
179366
179387
179437
179652
179664
179701
179703
179725
179875
179957
180168
180232
180243
180387
180473
180522
180643
180657
180707
180717
180961
180989
181299
181405
181474
181492
181585
181643
181647
181686
181832
181958
181978
182007
182099
182113
182234
182361
182453
182560
182758
182790
183039
183104
183145
183160
183265
183332
183412
183421
183477
183653
183903
183914
183978
184121
184190
184191
184299
184392
184651
184677
184866
184930
185190
185250
185291
185342
185421
185468
185729
185748
185783
185882
186039
186241
186340
186427
186526
186608
186873
186886
186915
187124
187142
187155
187185
187214
187240
187324
187707
187767
187784
187793
187799
187897
187919
187933
187944
187948
188239
188353
188357
188382
188523
188524
188600
188733
188804
188820
188892
188946
188978
189008
189283
189478
189544
189690
189735
189769
189774
189817
189965
190085
190168
190248
190396
190454
190522
190569
190618
190666
190702
190709
190749
190785
190801
190853
191193
191356
191491
191571
191697
191782
191787
191865
191897
191957
191972
192024
192050
192058
192135
192139
192390
192420
192533
192563
192571
192617
192636
192661
192776
192812
192909
192991
193014
193036
193109
193524
193597
193628
193680
193712
193797
193812
193822
193881
194113
194187
194305
194325
194330
194459
194465
194498
194558
194803
194837
194987
195083
195243
195296
195374
195508
195520
195795
195857
195872
196042
196043
196084
196100
196139
196305
196395
196547
196570
196696
196725
196730
196806
196834
196963
196968
196978
197006
197010
197333
197351
197448
197557
197661
197711
197726
197740
197787
197864
198021
198081
198085
198224
198251
198279
198310
198315
198832
198843
198904
198944
199082
199305
199348
199407
199461
199555
199571
199582
199675
199800
199918
199967
200005
200058
200079
200090
200259
200343
200427
200432
200454
200792
200810
200909
200965
200967
200969
201045
201076
201101
201149
201201
201263
201327
201408
201570
201920
202044
202067
202543
202809
202877
202991
203025
203126
203157
203269
203385
203616
204089
204174
204208
204384
204661
204709
204802
205149
205185
205389
205466
205590
205981
206134
206142
206206
206288
206326
206498
206597
206733
206788
206992
207104
207155
207299
207332
207429
207498
207535
207576
207632
207855
207887
207952
207991
208001
208060
208090
208170
208362
208367
208799
208841
208857
209271
209289
209404
209436
209488
209537
209560
209607
209618
209832
209885
210002
210029
210079
210086
210182
210189
210226
210310
210353
210385
210579
210682
210786
210798
210833
210853
211024
211159
211164
211214
211231
211354
211543
211686
211739
211796
211814
211821
211854
211939
212027
212312
212318
212356
212458
212623
212669
212891
212913
212960
212979
213163
213264
213359
213483
213506
213548
213575
213717
213785
213788
214064
214092
214260
214297
214591
214729
214756
214998
215016
215120
215158
215388
215410
215621
215626
215858
215902
215994
216070
216164
216166
216324
216325
216462
216548
216588
216615
216619
216687
216824
216914
217479
217559
217606
217799
217805
217865
217867
217944
217950
218095
218165
218219
218367
218453
218493
218589
218629
218883
218907
218941
218970
219014
219059
219072
219141
219229
219237
219328
219408
219682
219881
220154
220175
220212
220225
220337
220338
220391
220400
220430
220683
221004
221098
221124
221262
221349
221396
221635
221641
221800
222051
222062
222133
222232
222361
222417
222510
222649
222810
222961
222970
223184
223272
223488
223506
223558
223571
223643
223761
223879
223960
223976
224031
224127
224383
224461
224542
224581
224608
224776
224854
224934
224961
224982
225107
225122
225168
225216
225550
225596
225765
225810
225828
225878
225987
225995
226017
226168
226350
226423
226483
226566
226672
226929
226955
227073
227161
227308
227406
227442
227504
227560
227617
227659
227933
227953
227962
227988
228010
228012
228096
228102
228523
228890
228905
228987
229062
229103
229170
229259
229367
229409
229487
229807
229808
230024
230108
230109
230139
230319
230411
230422
230434
230526
230831
230968
230997
231004
231027
231043
231060
231136
231200
231211
231248
231753
231793
231848
231872
231893
231920
231995
232082
232163
232247
232346
232489
232525
232560
232694
232728
232844
232980
232985
233102
233298
233337
233390
233549
233634
234120
234131
234304
234308
234331
234439
234546
234620
234708
234758
234776
234812
234863
235075
235262
235265
235267
235363
235396
235399
235405
235450
235518
235524
235566
235712
235875
235891
236018
236023
236112
236140
236366
236421
236522
236596
236788
236808
236855
236874
236893
236912
237082
237137
237219
237305
237491
237569
237739
237836
237925
238014
238123
238261
238278
238499
238520
238554
238595
238601
238810
238869
239008
239041
239102
239206
239492
239572
239600
239607
239721
239743
239935
239973
240033
240067
240188
240200
240255
240342
240606
240667
240696
241158
241516
241654
241706
241759
241793
241812
241823
241875
241914
242091
242098
242100
242149
242154
242183
242195
242199
242235
242334
242363
242364
242376
242405
242425
243071
243216
243298
243359
243374
243521
243572
243615
243867
243889
243930
243962
243992
244031
244137
244352
244440
244482
244524
244649
244662
244725
244864
244954
245026
245062
245082
245122
245134
245162
245263
245384
245539
245795
245837
245888
246212
246358
246365
246380
246463
246519
246529
246757
246895
247015
247392
247438
247486
247522
247552
247587
247680
247748
247780
247788
247800
247981
248411
248528
248565
248803
248810
248831
249024
249073
249086
249137
249199
249303
249326
249401
249554
249556
249581
249705
249723
249729
249795
249884
249887
250016
250335
250373
250414
250523
250609
250786
250787
251019
251161
251299
251309
251336
251418
251583
251806
251813
251864
251868
251945
252152
252319
252595
252622
252625
252732
252802
252813
253033
253055
253101
253135
253159
253165
253230
253255
253265
253357
253391
253394
253452
253497
253520
253754
253967
254176
254223
254396
254563
254878
254919
254923
254986
255071
255078
255113
255275
255324
255376
255501
255521
255565
255694
255857
255898
256063
256091
256169
256238
256344
256375
256474
256499
256608
256660
256706
256807
256853
256898
256907
256923
256950
256978
257067
257088
257264
257346
257697
257768
257793
257857
257894
257920
258141
258231
258267
258343
258671
258798
258850
259070
259133
259241
259246
259273
259329
259516
259544
259560
259619
259720
259734
259780
259871
259887
259964
259991
260064
260077
260162
260192
260282
260341
260353
260375
260487
260552
260612
260641
260650
260687
260696
260765
260825
260986
261012
261062
261129
261204
261252
261326
261408
261444
261613
261644
261706
261844
262047
262237
262240
262256
262326
262332
262450
262486
262487
262648
262684
262779
262815
262912
262928
262953
262962
262990
262999
263011
263017
263023
263027
263041
263078
263092
263106
263222
263241
263250
263339
263489
263574
263600
263618
263785
263818
263898
263923
264178
264192
264214
264380
264451
264464
264503
264594
264622
264804
264825
264839
264868
264881
264892
264898
264993
265196
265473
265503
265572
265611
265682
265756
265844
265860
265871
265989
266102
266118
266200
266235
266337
266360
266385
266539
266644
266707
266876
266952
267244
267354
267358
267483
267704
267722
267781
267867
267880
267960
268077
268250
268263
268373
268468
268574
268758
269073
269323
269330
269404
269421
269438
269491
269503
269537
269543
269594
269647
269768
269847
270045
270064
270165
270207
270259
270367
270380
270386
270641
270650
270657
270952
271072
271113
271120
271300
271366
271429
271490
271498
271556
271794
272104
272249
272454
272456
272522
272586
272601
272910
272931
273164
273294
273405
273413
273532
273562
273674
273688
273693
273754
273816
273867
273888
273958
273973
274103
274277
274400
274438
274460
274553
274600
274713
274725
274845
274860
275055
275186
275253
275255
275291
275318
275373
275389
275795
275855
275875
275876
276071
276073
276153
276225
276300
276538
276797
276898
276953
276998
277063
277445
277513
277531
277565
277584
277594
277786
277919
277921
277948
277954
277956
277968
277975
277997
278068
278116
278118
278252
278264
278272
278488
278491
278572
278622
