11
30
31
41
79
80
101
107
117
120
128
130
161
180
297
298
333
358
397
417
427
473
491
517
523
546
612
652
657
668
677
687
710
713
782
790
835
847
878
926
936
960
964
983
1017
1020
1040
1043
1045
1047
1116
1143
1156
1183
1185
1189
1239
1260
1275
1303
1318
1328
1397
1416
1438
1443
1472
1487
1505
1550
1554
1557
1566
1581
1659
1687
1688
1700
1710
1728
1748
1772
1790
1798
1801
1860
1865
1877
1911
1929
1949
1962
1972
1977
1995
2034
2037
2122
2140
2231
2258
2267
2276
2286
2324
2327
2328
2356
2372
2379
2408
2429
2436
2458
2463
2464
2570
2571
2575
2605
2611
2623
2629
2662
2712
2717
2740
2748
2756
2760
2785
2806
2815
2818
2865
2880
2888
2898
2907
2954
2987
2989
2999
3066
3077
3112
3148
3189
3220
3241
3263
3324
3330
3383
3439
3455
3481
3537
3548
3550
3560
3577
3579
3583
3614
3617
3651
3661
3725
3737
3757
3781
3797
3803
3807
3870
3882
3956
3963
3976
3994
4027
4053
4064
4065
4066
4210
4211
4215
4221
4224
4252
4260
4425
4441
4444
4461
4464
4465
4510
4526
4540
4545
4597
4598
4601
4644
4653
4665
4688
4729
4731
4739
4773
4848
4869
4887
4890
4897
4901
4911
4925
4927
4945
4956
4961
5015
5027
5038
5090
5131
5135
5153
5263
5314
5354
5355
5380
5394
5396
5449
5458
5614
5630
5635
5684
5727
5739
5743
5766
5827
5831
5845
5866
5881
5930
5955
5956
5957
5960
6101
6136
6138
6173
6226
6248
6273
6274
6288
6290
6312
6316
6363
6368
6469
6479
6484
6515
6566
6582
6595
6625
6637
6652
6659
6664
6669
6683
6689
6705
6728
6733
6773
6804
6806
6821
6832
6841
6849
6852
6869
6893
6931
6964
6975
6981
6987
6989
6996
7000
7007
7041
7071
7117
7132
7138
7145
7156
7167
7225
7271
7294
7299
7301
7327
7336
7367
7383
7384
7395
7429
7431
7442
7467
7475
7488
7519
7520
7528
7584
7593
7616
7622
7634
7641
7674
7689
7693
7698
7705
7717
7725
7745
7757
7794
7816
7845
7900
7909
7962
7984
8018
8022
8023
8135
8161
8196
8197
8199
8248
8251
8260
8266
8275
8286
8317
8322
8335
8398
8400
8409
8419
8425
8427
8479
8533
8558
8559
8598
8606
8672
8740
8747
8803
8807
8817
8860
8910
8925
8935
9025
9039
9061
9092
9102
9108
9140
9154
9155
9181
9188
9193
9194
9197
9199
9239
9246
9326
9330
9405
9411
9481
9485
9522
9538
9598
9600
9626
9654
9709
9712
9731
9733
9801
9824
9836
9882
9912
9976
9994
9995
10005
10010
10016
10045
10064
10075
10084
10097
10144
10147
10188
10206
10211
10214
10224
10227
10239
10298
10324
10351
10416
10460
10530
10542
10571
10592
10654
10655
10670
10679
10682
10692
10703
10717
10752
10764
10780
10795
10894
10923
10930
10948
10963
10972
10992
11006
11014
11071
11098
11122
11153
11154
11177
11180
11201
11234
11235
11256
11271
11274
11277
11280
11286
11307
11317
11321
11331
11333
11339
11368
11393
11417
11439
11443
11449
11471
11530
11546
11630
11661
11720
11723
11733
11746
11749
11776
11777
11779
11803
11833
11849
11858
11898
11934
11936
11964
11993
12036
12047
12077
12089
12091
12107
12118
12142
12144
12161
12162
12297
12325
12327
12328
12339
12345
12354
12361
12393
12412
12415
12486
12502
12510
12518
12533
12570
12577
12609
12622
12632
12664
12757
12774
12783
12817
12829
12831
12855
12896
12899
12902
12958
12979
12992
13040
13082
13108
13130
13194
13202
13248
13273
13293
13312
13324
13342
13350
13373
13382
13384
13387
13481
13494
13497
13522
13542
13557
13572
13577
13605
13615
13655
13676
13697
13702
13760
13768
13778
13779
13797
13814
13836
13838
13870
13871
13925
13935
13939
13984
14000
14056
14064
14077
14107
14121
14142
14168
14179
14217
14218
14228
14238
14257
14259
14273
14290
14302
14339
14341
14342
14369
14370
14377
14381
14399
14404
14409
14448
14463
14511
14531
14550
14556
14569
14583
14637
14643
14649
14693
14696
14708
14712
14734
14737
14777
14794
14797
14801
14818
14843
14881
14893
14894
14911
14951
14956
14972
14978
14982
15028
15042
15061
15082
15122
15128
15140
15165
15177
15186
15200
15202
15225
15226
15253
15272
15287
15291
15311
15324
15414
15443
15489
15525
15526
15614
15642
15645
15671
15750
15779
15782
15840
15841
15850
15866
15900
15938
15957
15973
15978
15981
15982
15983
16045
16080
16083
16101
16113
16125
16126
16144
16152
16166
16240
16243
16249
16250
16261
16278
16302
16341
16369
16386
16420
16432
16479
16502
16511
16530
16547
16604
16626
16628
16634
16653
16655
16663
16798
16799
16874
16879
16906
16914
16926
16930
16952
16955
16960
17009
17023
17024
17054
17071
17074
17105
17113
17142
17190
17196
17253
17298
17380
17383
17405
17406
17434
17443
17512
17583
17607
17637
17646
17648
17658
17706
17720
17780
17794
17809
17815
17828
17849
17856
17863
17865
17899
17953
17964
17971
17991
18011
18040
18066
18072
18080
18086
18104
18128
18213
18234
18247
18272
18296
18297
18308
18377
18475
18483
18492
18494
18504
18515
18533
18563
18575
18633
18664
18668
18684
18694
18762
18801
18832
18858
18869
18906
18922
18957
18965
18967
19017
19024
19047
19149
19175
19177
19194
19213
19217
19221
19233
19239
19254
19284
19306
19356
19357
19360
19373
19376
19424
19453
19463
19509
19527
19554
19561
19579
19603
19620
19632
19644
19669
19701
19707
19708
19718
19730
19821
19850
19861
19862
19875
19904
19943
19952
19953
20002
20033
20035
20036
20070
20091
20109
20118
20132
20150
20158
20196
20201
20205
20212
20244
20248
20270
20284
20302
20318
20330
20383
20386
20398
20430
20440
20449
20488
20547
20573
20577
20610
20618
20623
20648
20650
20667
20675
20677
20742
20807
20811
20824
20854
20865
20916
20944
20952
21006
21059
21096
21098
21117
21163
21168
21210
21233
21243
21252
21262
21342
21364
21375
21436
21449
21464
21468
21528
21537
21606
21616
21619
21636
21688
21717
21792
21817
21828
21898
21908
21927
21941
21960
21975
22042
22100
22135
22138
22162
22173
22232
22255
22310
22318
22377
22380
22395
22432
22448
22494
22514
22548
22599
22643
22661
22696
22714
22732
22799
22801
22827
22872
22883
22884
22895
22961
22964
22978
22984
22993
23006
23017
23117
23140
23173
23177
23208
23232
23246
23266
23282
23286
23292
23297
23298
23301
23310
23314
23324
23325
23335
23356
23389
23443
23447
23455
23486
23489
23495
23538
23544
23568
23574
23628
23630
23637
23661
23673
23689
23693
23706
23709
23713
23819
23844
23896
23912
23979
23993
24021
24023
24030
24100
24140
24181
24183
24186
24187
24196
24203
24210
24213
24243
24263
24286
24341
24353
24380
24443
24454
24467
24477
24499
24515
24516
24535
24540
24571
24582
24590
24612
24627
24644
24659
24669
24671
24679
24689
24747
24760
24784
24812
24847
24919
24950
24954
24979
24986
25026
25141
25172
25241
25246
25265
25283
25288
25360
25377
25385
25396
25400
25405
25414
25427
25431
25445
25487
25582
25601
25611
25659
25671
25684
25719
25766
25798
25799
25808
25810
25868
25889
25890
25914
25915
25923
25946
25953
25955
25992
26003
26016
26024
26039
26044
26100
26129
26145
26177
26251
26253
26276
26288
26312
26334
26388
26390
26391
26398
26399
26400
26411
26412
26447
26448
26454
26459
26463
26476
26494
26500
26538
26554
26563
26574
26582
26586
26596
26604
26623
26653
26718
26740
26772
26774
26778
26780
26843
26854
26869
26888
26893
26895
26943
27022
27061
27078
27099
27116
27128
27130
27189
27259
27263
27286
27291
27294
27306
27363
27383
27390
27405
27406
27417
27445
27471
27504
27530
27539
27543
27548
27600
27688
27707
27719
27727
27731
27735
27744
27745
27801
27823
27826
27832
27853
27854
27874
27896
27920
27936
27956
28021
28027
28065
28088
28110
28133
28140
28149
28196
28214
28260
28264
28271
28287
28314
28330
28347
28355
28385
28405
28407
28410
28434
28447
28461
28467
28490
28494
28501
28503
28510
28523
28524
28559
28580
28596
28597
28621
28637
28690
28702
28713
28744
28745
28765
28768
28780
28811
28828
28857
28863
28892
28898
28925
28933
28970
29019
29024
29039
29057
29068
29082
29121
29147
29170
29199
29213
29219
29260
29284
29317
29352
29369
29383
29413
29416
29425
29435
29458
29489
29512
29569
29613
29632
29643
29675
29690
29727
29762
29765
29766
29848
29869
29993
30045
30068
30076
30079
30095
30098
30121
30125
30140
30142
30170
30174
30189
30205
30231
30236
30242
30255
30280
30316
30333
30360
30362
30376
30409
30449
30534
30546
30557
30576
30577
30594
30596
30599
30610
30637
30677
30686
30706
30725
30730
30743
30757
30763
30771
30809
30811
30831
30863
30870
30878
30890
30894
30922
30960
30997
31047
31054
31065
31079
31127
31140
31166
31173
31221
31226
31227
31239
31248
31249
31255
31287
31292
31332
31339
31344
31388
31416
31437
31465
31513
31515
31520
31537
31554
31561
31574
31612
31675
31680
31701
31741
31759
31767
31768
31769
31777
31796
31805
31815
31833
31857
31865
31871
31886
31891
32013
32025
32037
32041
32046
32076
32122
32180
32184
32210
32220
32238
32246
32257
32297
32302
32312
32336
32339
32410
32415
32428
32434
32435
32437
32455
32459
32461
32463
32513
32534
32560
32578
32586
32607
32631
32659
32672
32674
32713
32752
32763
32773
32798
32809
32825
32849
32854
32859
32889
32899
32960
32986
32989
33018
33037
33060
33080
33097
33179
33193
33194
33255
33339
33407
33408
33421
33423
33425
33429
33456
33460
33490
33503
33522
33569
33579
33634
33643
33649
33665
33680
33710
33722
33738
33740
33765
33771
33778
33831
33918
33936
33950
33967
33989
33995
34015
34050
34057
34143
34194
34233
34244
34255
34258
34274
34291
34315
34317
34318
34323
34331
34336
34361
34373
34379
34447
34516
34538
34557
34559
34586
34609
34614
34632
34660
34662
34666
34715
34724
34731
34751
34771
34799
34810
34838
34852
34885
34892
34903
34931
34941
34957
34965
34974
35000
35016
35021
35040
35068
35143
35160
35204
35213
35214
35230
35347
35359
35376
35383
35428
35448
35451
35456
35460
35488
35530
35536
35551
35557
35578
35613
35659
35745
35750
35753
35760
35784
35811
35815
35893
35943
35946
35983
36004
36013
36020
36083
36100
36132
36226
36239
36244
36296
36319
36361
36365
36383
36387
36390
36394
36480
36501
36554
36616
36621
36686
36693
36705
36746
36750
36757
36765
36844
36874
36879
36919
36952
36970
36991
36998
37013
37015
37053
37072
37163
37176
37182
37205
37217
37228
37237
37240
37283
37284
37298
37303
37327
37354
37371
37374
37385
37390
37396
37414
37484
37486
37490
37492
37520
37526
37561
37571
37587
37609
37614
37634
37703
37715
37740
37744
37747
37767
37813
37837
37890
37913
37940
37978
37979
38015
38016
38019
38027
38066
38098
38112
38113
38122
38124
38149
38153
38166
38169
38180
38188
38194
38223
38324
38331
38361
38384
38431
38437
38442
38515
38569
38606
38656
38657
38659
38663
38668
38715
38722
38737
38767
38773
38796
38798
38814
38820
38863
38927
38985
39014
39092
39094
39143
39167
39175
39183
39196
39211
39224
39243
39275
39281
39397
39402
39434
39444
39471
39478
39506
39511
39588
39658
39663
39684
39688
39717
39731
39736
39810
39831
39841
39844
39849
39890
39910
39938
39950
39976
39982
40018
40032
40034
40054
40063
40082
40090
40114
40163
40166
40184
40195
40219
40240
40264
40272
40280
40294
40303
40337
40352
40357
40366
40419
40436
40444
40445
40516
40517
40521
40530
40534
40561
40589
40608
40625
40667
40690
40795
40796
40798
40859
40873
40898
40926
40936
40949
40987
40993
41020
41065
41079
41084
41105
41118
41151
41199
41201
41211
41222
41259
41326
41338
41373
41391
41398
41431
41455
41468
41469
41471
41524
41535
41539
41575
41627
41631
41636
41653
41660
41700
41702
41709
41754
41895
41911
41931
41959
42009
42058
42074
42084
42085
42088
42102
42170
42173
42196
42250
42261
42324
42341
42346
42348
42376
42389
42400
42524
42539
42547
42562
42565
42610
42633
42652
42657
42695
42720
42724
42730
42741
42781
42784
42807
42814
42826
42834
42901
42902
42917
42918
42962
43000
43020
43035
43115
43132
43171
43213
43225
43242
43254
43256
43268
43273
43287
43330
43344
43345
43451
43457
43468
43547
43573
43636
43648
43666
43687
43708
43767
43811
43826
43858
43861
43869
43917
43919
43920
44037
44061
44066
44132
44139
44163
44181
44283
44284
44289
44335
44355
44359
44374
44376
44382
44409
44419
44461
44517
44558
44570
44574
44594
44631
44644
44702
44715
44721
44769
44812
44823
44853
44874
44875
44878
44887
44915
44950
44977
44980
44984
44986
45011
45049
45144
45155
45171
45211
45249
45265
45315
45338
45339
45355
45410
45459
45462
45467
45563
45565
45654
45657
45674
45700
45792
45804
45808
45815
45859
45865
45889
45905
45921
45937
46008
46070
46097
46119
46173
46182
46204
46222
46226
46230
46309
46342
46344
46362
46374
46389
46393
46429
46446
46448
46457
46470
46479
46502
46509
46518
46544
46570
46586
46658
46668
46672
46693
46796
46831
46839
46860
46865
46868
46877
46878
46890
46902
46937
46938
46949
46955
46961
46993
46997
47004
47090
47100
47118
47127
47177
47186
47198
47199
47225
47235
47321
47334
47355
47375
47389
47446
47459
47466
47529
47536
47550
47552
47560
47569
47643
47649
47654
47763
47783
47826
47835
47839
47882
47884
47936
48025
48072
48143
48154
48169
48197
48262
48288
48319
48323
48359
48374
48438
48472
48490
48496
48535
48543
48569
48593
48624
48643
48646
48654
48663
48682
48690
48714
48727
48759
48849
48888
48890
48892
48897
48905
48931
48933
48939
48962
48968
48969
48990
49003
49013
49016
49038
49043
49049
49081
49128
49162
49163
49181
49197
49208
49210
49225
49241
49244
49289
49306
49329
49417
49428
49435
49448
49479
49480
49500
49519
49535
49538
49575
49576
49578
49580
49590
49636
49694
49697
49742
49743
49753
49759
49804
49822
49826
49844
49846
49850
49851
49881
49882
49888
49961
49977
50024
50033
50042
50043
50045
50096
50115
50179
50181
50185
50196
50205
50227
50242
50252
50270
50284
50307
50310
50349
50351
50392
50404
50434
50446
50452
50467
50556
50559
50572
50645
50672
50745
50787
50823
50829
50888
50890
50899
50918
50934
50941
51028
51040
51076
51110
51190
51196
51201
51206
51208
51212
51225
51249
51250
51263
51276
51285
51301
51331
51333
51335
51340
51355
51400
51486
51505
51509
51553
51560
51562
51577
51609
51619
51711
51738
51752
51767
51796
51859
51898
52000
52041
52096
52099
52135
52170
52187
52241
52291
52295
52345
52376
52380
52407
52415
52430
52431
52441
52467
52472
52482
52530
52531
52561
52586
52605
52616
52636
52649
52698
52706
52713
52721
52737
52776
52795
52844
52851
52871
52875
52883
52897
52928
52941
52950
52972
52986
53005
53049
53070
53127
53129
53195
53235
53248
53249
53259
53272
53304
53313
53329
53334
53338
53354
53375
53376
53397
53408
53419
53427
53435
53443
53465
53484
53497
53500
53526
53528
53545
53575
53582
53587
53597
53604
53608
53616
53625
53642
53645
53655
53656
53670
53680
53688
53723
53764
53779
53823
53840
53899
53933
53943
53978
54011
54027
54033
54052
54079
54082
54089
54116
54117
54121
54122
54188
54231
54257
54258
54263
54296
54308
54383
54394
54402
54406
54407
54451
54498
54506
54510
54519
54521
54525
54537
54542
54548
54549
54567
54587
54590
54750
54772
54820
54834
54844
54853
54869
54903
54965
55056
55064
55065
55074
55080
55081
55108
55116
55123
55137
55143
55167
55174
55176
55218
55238
55279
55290
55339
55343
55355
55376
55393
55397
55424
55452
55454
55467
55497
55527
55539
55545
55557
55575
55594
55606
55640
55654
55657
55697
55703
55712
55716
55731
55791
55846
55853
55888
55899
55902
55976
55981
55999
56002
56016
56055
56078
56083
56149
56153
56159
56163
56187
56234
56240
56250
56251
56286
56288
56309
56380
56382
56387
56388
56415
56478
56487
56491
56498
56501
56519
56522
56526
56530
56540
56556
56599
56606
56609
56616
56669
56696
56802
56805
56812
56826
56836
56854
56877
56916
56943
56956
56971
56991
57048
57054
57081
57102
57116
57123
57142
57182
57189
57212
57218
57249
57282
57291
57354
57448
57458
57486
57491
57530
57552
57558
57559
57567
57582
57586
57595
57628
57635
57639
57687
57720
57740
57776
57777
57835
57855
57887
57933
57953
57972
58004
58041
58049
58127
58128
58144
58170
58183
58231
58264
58268
58278
58344
58377
58392
58412
58439
58482
58490
58555
58559
58595
58597
58607
58683
58728
58731
58782
58818
58834
58909
58938
58969
58975
58995
59038
59067
59084
59098
59146
59197
59267
59286
59333
59369
59409
59545
59573
59576
59644
59656
59663
59675
59678
59679
59683
59686
59690
59728
59745
59752
59755
59762
59784
59822
59856
59873
59893
59913
59947
59950
59964
59967
59976
59987
59988
60017
60029
60030
60035
60050
60055
60056
60070
60082
60087
60134
60141
60180
60189
60219
60242
60274
60296
60311
60368
60373
60375
60401
60408
60419
60426
60439
60440
60454
60473
60522
60547
60603
60643
60657
60676
60677
60678
60687
60701
60711
60728
60743
60781
60798
60806
60823
60871
60885
60888
60950
60979
60980
60987
60998
61005
61028
61043
61050
61108
61144
61172
61195
61205
61224
61228
61254
61327
61366
61375
61381
61384
61408
61437
61441
61452
61498
61514
61522
61539
61551
61627
61646
61647
61683
61701
61732
61755
61815
61831
61867
61889
61901
61903
61925
61944
61956
61983
61995
62003
62008
62028
62042
62045
62048
62069
62096
62128
62171
62173
62215
62234
62255
62312
62314
62350
62387
62400
62407
62445
62446
62452
62455
62464
62472
62517
62522
62533
62611
62627
62636
62659
62665
62673
62675
62677
62702
62710
62713
62731
62761
62791
62826
62832
62866
62906
62937
62946
62981
62989
63025
63026
63031
63034
63077
63100
63153
63268
63288
63309
63329
63336
63397
63398
63405
63410
63432
63463
63483
63500
63504
63536
63573
63595
63648
63656
63667
63676
63681
63700
63710
63737
63749
63808
63809
63819
63822
63848
63859
63863
63877
63904
63931
63955
63962
63981
63985
63990
64000
64013
64025
64029
64039
64047
64113
64130
64163
64184
64257
64290
64294
64301
64302
64315
64404
64414
64438
64441
64484
64488
64491
64515
64534
64561
64586
64639
64644
64651
64700
64719
64753
64780
64788
64812
64907
64937
64943
64954
64955
64974
64982
64988
65008
65062
65097
65151
65176
65182
65186
65217
65219
65264
65275
65286
65296
65316
65327
65371
65477
65505
65561
65563
65575
65593
65609
65632
65634
65647
65666
65675
65717
65727
65734
65822
65846
65859
65877
65883
65948
65949
65956
65968
65987
65990
65998
66016
66074
66078
66110
66111
66118
66154
66204
66210
66303
66315
66316
66422
66460
66489
66510
66517
66581
66654
66724
66727
66793
66801
66818
66827
66850
66879
66897
66969
67023
67038
67048
67090
67101
67108
67109
67157
67188
67237
67252
67263
67268
67277
67302
67308
67311
67317
67332
67336
67436
67447
67475
67486
67523
67549
67594
67598
67604
67625
67665
67670
67675
67681
67691
67694
67701
67708
67720
67810
67816
67823
67828
67861
67880
67884
67921
67923
67930
67971
67979
67998
68043
68060
68064
68113
68133
68179
68191
68194
68220
68281
68336
68349
68372
68377
68392
68403
68404
68420
68454
68480
68534
68579
68608
68621
68660
68673
68693
68719
68723
68730
68789
68791
68815
68827
68845
68876
68962
68971
68982
68988
68989
68997
69009
69027
69050
69081
69085
69097
69113
69116
69139
69144
69146
69150
69192
69194
69219
69264
69269
69289
69320
69325
69338
69365
69376
69422
69426
69491
69499
69567
69582
69637
69641
69654
69663
69671
69680
69846
69848
69887
69888
69931
69964
69986
69995
70007
70042
70052
70093
70096
70101
70104
70114
70116
70122
70124
70127
70131
70136
70159
70171
70194
70224
70271
70273
70312
70354
70372
70416
70465
70468
70469
70496
70566
70567
70598
70600
70616
70626
70627
70652
70683
70697
70726
70739
70771
70780
70797
70867
70872
70881
70937
70989
71024
71159
71192
71202
71209
71228
71280
71335
71346
71408
71418
71438
71455
71459
71508
71543
71563
71590
71593
71604
71618
71725
71742
71747
71755
71784
71830
71869
71874
71881
71883
71900
71938
71972
71993
72030
72064
72069
72090
72101
72129
72199
72203
72222
72234
72243
72268
72272
72273
72294
72379
72411
72420
72443
72506
72517
72546
72617
72638
72648
72674
72694
72748
72770
72784
72803
72807
72871
72903
72946
72954
72962
72979
72980
72982
73036
73104
73145
73161
73163
73178
73182
73184
73250
73252
73257
73270
73271
73332
73344
73346
73394
73398
73407
73413
73446
73487
73545
73548
73549
73553
73560
73584
73598
73666
73668
73676
73721
73769
73770
73782
73804
73840
73871
73892
73893
73911
73974
74094
74115
74118
74119
74138
74163
74171
74173
74204
74317
74411
74444
74446
74452
74498
74649
74690
74695
74700
74703
74750
74758
74780
74788
74829
74830
74911
74912
74926
75077
75084
75089
75094
75105
75156
75188
75197
75199
75214
75220
75231
75340
75373
75374
75381
75402
75467
75474
75481
75518
75555
75556
75575
75603
75637
75654
75658
75668
75671
75698
75735
75795
75803
75806
75833
75862
75892
75958
75979
76005
76010
76024
76101
76107
76115
76135
76136
76182
76235
76259
76272
76300
76306
76457
76483
76500
76503
76514
76551
76605
76632
76646
76663
76665
76677
76734
76735
76782
76866
76883
76888
76889
76922
76965
77030
77072
77109
77188
77192
77197
77220
77307
77343
77351
77382
77392
77406
77412
77421
77431
77486
77523
77532
77549
77580
77591
77595
77596
77608
77614
77617
77640
77711
77724
77730
77756
77826
77896
77936
77941
77986
77998
78005
78021
78032
78060
78081
78083
78090
78092
78098
78100
78115
78123
78145
78162
78163
78164
78176
78189
78299
78330
78390
78456
78486
78504
78516
78544
78557
78581
78614
78617
78651
78671
78685
78697
78708
78713
78730
78774
78782
78805
78826
78906
78918
79005
79022
79069
79121
79172
79180
79184
79192
79195
79200
79209
79237
79260
79269
79281
79304
79309
79316
79321
79388
79390
79391
79454
79460
79469
79508
79528
79537
79539
79598
79604
79631
79642
79666
79673
79727
79748
79832
79846
79892
79933
79995
79997
80016
80025
80039
80044
80088
80120
80156
80187
80207
80230
80236
80252
80267
80328
80335
80362
80386
80395
80397
80408
80427
80464
80484
80497
80505
80516
80584
80602
80657
80695
80743
80756
80782
80843
80885
80926
80948
80964
80966
81013
81023
81040
81045
81158
81186
81195
81249
81250
81275
81278
81293
81309
81312
81351
81354
81355
81374
81412
81421
81429
81512
81536
81615
81675
81711
81749
81753
81763
81771
81785
81820
81849
81882
81896
81906
81915
81922
81969
82027
82028
82077
82084
82113
82123
82219
82301
82318
82335
82338
82352
82356
82369
82379
82393
82400
82421
82545
82547
82633
82679
82709
82733
82777
82814
82835
82939
82992
83007
83066
83071
83130
83154
83163
83226
83235
83245
83281
83283
83310
83358
83407
83448
83449
83459
83461
83492
83563
83590
83612
83627
83631
83659
83691
83722
83735
83739
83759
83766
83767
83770
83814
83863
83895
83945
83973
83989
84026
84043
84060
84069
84113
84134
84167
84262
84272
84279
84308
84323
84324
84345
84429
84491
84501
84507
84542
84584
84585
84602
84609
84627
84632
84733
84759
84776
84789
84836
84867
84883
84897
84904
84936
84939
84978
84988
85010
85011
85013
85020
85071
85073
85083
85087
85101
85117
85119
85126
85146
85177
85266
85302
85355
85433
85446
85481
85586
85624
85664
85696
85757
85803
85804
85807
85890
85951
85965
85972
85979
85996
86004
86006
86075
86093
86102
86119
86181
86207
86218
86225
86232
86282
86303
86312
86323
86354
86410
86456
86507
86542
86578
86585
86620
86629
86641
86663
86666
86682
86690
86721
86758
86836
86864
86885
86886
86890
86895
86922
86937
86965
86976
87023
87037
87065
87083
87092
87096
87106
87146
87187
87188
87280
87297
87307
87329
87343
87357
87360
87379
87434
87447
87449
87452
87462
87538
87553
87621
87622
87696
87716
87722
87733
87760
87785
87795
87797
87812
87818
87828
87831
87847
87859
87869
87884
87885
87888
87960
87970
87990
87997
88036
88085
88159
88162
88224
88228
88239
88260
88275
88335
88344
88354
88360
88404
88417
88446
88451
88462
88473
88491
88506
88559
88565
88659
88676
88711
88713
88749
88761
88787
88814
88883
88885
88891
88894
88926
88941
88954
89004
89013
89017
89035
89105
89132
89149
89195
89200
89228
89240
89278
89293
89297
89328
89333
89340
89417
89445
89469
89497
89575
89602
89605
89634
89637
89659
89672
89691
89719
89746
89759
89770
89906
89914
89923
89953
89963
89986
89989
90008
90020
90021
90119
90186
90310
90314
90331
90342
90376
90418
90447
90452
90457
90462
90465
90510
90532
90542
90555
90601
90681
90705
90778
90779
90850
90856
90886
90903
90916
90940
90955
91009
91035
91103
91139
91144
91161
91209
91222
91225
91264
91269
91275
91283
91309
91345
91369
91444
91505
91663
91677
91681
91711
91733
91758
91821
91872
91910
91959
92000
92030
92037
92042
92046
92061
92066
92071
92077
92081
92101
92111
92121
92125
92164
92218
92220
92232
92244
92275
92280
92329
92397
92458
92473
92485
92487
92502
92544
92545
92595
92599
92606
92624
92632
92655
92696
92705
92709
92735
92772
92779
92781
92784
92797
92815
92834
92873
92898
92953
92989
93000
93025
93090
93112
93123
93151
93157
93175
93199
93203
93204
93235
93289
93317
93318
93323
93333
93345
93350
93377
93380
93426
93438
93470
93478
93482
93484
93537
93549
93551
93569
93582
93641
93680
93689
93704
93735
93742
93817
93847
93855
93865
93872
93883
93886
93905
93941
93992
93996
94005
94089
94094
94155
94161
94173
94174
94190
94220
94236
94251
94254
94344
94370
94390
94393
94411
94415
94418
94461
94481
94490
94497
94507
94512
94524
94532
94536
94563
94570
94591
94597
94633
94651
94736
94772
94812
94823
94909
94950
94956
95025
95052
95086
95127
95178
95201
95202
95242
95270
95315
95342
95370
95435
95442
95444
95484
95537
95566
95591
95636
95668
95713
95722
95724
95739
95766
95775
95786
95804
95845
95880
95893
95939
95963
96047
96092
96098
96145
96192
96251
96252
96286
96288
96300
96351
96376
96418
96444
96449
96490
96531
96556
96558
96563
96612
96622
96670
96705
96759
96773
96781
96814
96817
96823
96835
96932
96972
96989
97028
97048
97059
97062
97109
97123
97133
97134
97172
97191
97214
97221
97245
97267
97325
97339
97358
97369
97390
97413
97467
97482
97502
97577
97609
97626
97629
97642
97660
97705
97723
97731
97732
97737
97765
97766
97774
97775
97834
97916
97930
97935
97938
97966
97990
98031
98051
98078
98094
98105
98116
98148
98150
98152
98174
98175
98227
98246
98303
98337
98367
98389
98447
98501
98507
98510
98518
98519
98545
98551
98604
98674
98703
98731
98747
98791
98870
98920
98928
98936
98961
98994
99052
99060
99062
99063
99084
99175
99189
99201
99253
99266
99271
99298
99308
99337
99340
99368
99374
99400
99454
99479
99491
99493
99503
99552
99586
99593
99635
99646
99671
99712
99741
99745
99780
99792
99834
99882
99886
99898
99907
99917
99918
99944
99966
99975
100001
100043
100058
100094
100112
100121
100138
100171
100174
100189
100237
100242
100279
100288
100301
100379
100396
100400
100427
100439
100456
100457
100464
100469
100487
100512
100525
100537
100538
100548
100558
100581
100662
100674
100710
100724
100769
100772
100802
100803
100853
100861
100862
100878
100926
100939
100943
100947
100981
100987
101009
101020
101071
101099
101161
101166
101182
101189
101215
101269
101271
101323
101346
101356
101373
101379
101399
101412
101419
101421
101423
101473
101476
101481
101491
101504
101523
101601
101616
101618
101662
101753
101841
101861
101895
101898
101935
101944
101955
101962
101992
102007
102057
102084
102124
102127
102136
102147
102197
102251
102253
102286
102302
102309
102316
102360
102367
102385
102418
102427
102450
102463
102517
102526
102530
102532
102538
102556
102631
102667
102712
102716
102725
102728
102738
102773
102785
102802
102803
102826
102866
102917
102927
102983
102993
103058
103069
103081
103087
103113
103114
103133
103140
103149
103167
103173
103212
103237
103248
103260
103262
103319
103341
103353
103383
103411
103436
103451
103454
103503
103534
103545
103552
103554
103561
103571
103595
103600
103628
103692
103701
103712
103743
103763
103790
103795
103799
103808
103824
103828
103843
103884
103904
103910
104041
104070
104077
104142
104154
104171
104200
104204
104224
104235
104314
104322
104325
104350
104396
104408
104463
104465
104491
104499
104525
104538
104556
104569
104597
104600
104641
104642
104695
104710
104763
104801
104802
104862
104865
104907
104908
104920
105001
105074
105080
105236
105286
105322
105330
105375
105392
105414
105430
105451
105455
105535
105545
105563
105623
105630
105644
105705
105710
105714
105758
105766
105796
105828
105831
105833
105839
105844
105865
105884
105900
105905
105912
105926
105961
105964
105968
106018
106112
106117
106144
106167
106168
106220
106223
106230
106241
106281
106293
106335
106336
106345
106361
106382
106396
106472
106496
106526
106553
106580
106628
106653
106656
106724
106727
106789
106910
106915
106923
106952
107026
107077
107129
107135
107159
107180
107257
107269
107333
107335
107339
107342
107364
107368
107372
107422
107430
107434
107442
107483
107485
107492
107493
107513
107531
107537
107548
107558
107579
107580
107581
107583
107638
107657
107692
107695
107699
107751
107756
107827
107830
107834
107842
107861
107870
107874
107902
107939
107948
107979
107990
108000
108032
108076
108077
108083
108098
108110
108124
108193
108194
108198
108244
108404
108418
108504
108535
108580
108602
108665
108711
108719
108804
108834
108908
108910
108912
108928
109006
109018
109048
109051
109069
109075
109098
109116
109135
109136
109152
109185
109227
109236
109278
109311
109328
109351
109353
109377
109400
109411
109426
109427
109464
109476
109485
109503
109507
109529
109552
109576
109580
109589
109604
109606
109609
109612
109662
109797
109815
109842
109843
109848
109852
109858
109898
109936
109943
109944
109981
109986
109989
110004
110015
110062
110066
110085
110172
110179
110201
110263
110285
110304
110312
110469
110470
110504
110542
110579
110589
110605
110606
110608
110622
110642
110656
110674
110688
110722
110733
110741
110759
110801
110806
110819
110851
110905
110917
110923
110977
110978
111007
111016
111035
111037
111044
111047
111051
111078
111085
111104
111114
111159
111163
111171
111237
111243
111244
111263
111265
111268
111271
111300
111314
111326
111390
111402
111437
111451
111493
111520
111542
111578
111619
111621
111636
111665
111697
111714
111719
111726
111729
111766
111796
111806
111871
111877
111878
111904
111906
111938
111979
111980
111983
111987
111996
112015
112018
112037
112091
112108
112114
112125
112142
112154
112234
112261
112268
112278
112279
112327
112371
112378
112379
112410
112425
112435
112452
112462
112468
112475
112477
112512
112516
112543
112551
112601
112605
112659
112681
112703
112737
112748
112755
112756
112779
112830
112891
112927
112963
112978
112981
112995
112996
113004
113072
113079
113157
113160
113191
113208
113210
113230
113255
113269
113273
113324
113336
113337
113370
113378
113386
113427
113498
113516
113520
113545
113601
113602
113603
113619
113629
113635
113641
113705
113720
113730
113751
113780
113794
113892
113934
113966
113980
114062
114067
114083
114097
114117
114150
114180
114202
114204
114248
114259
114318
114344
114421
114563
114581
114591
114593
114664
114669
114677
114679
114704
114784
114798
114812
114837
114891
114941
114974
114986
115001
115062
115108
115113
115121
115125
115187
115262
115338
115349
115364
115371
115387
115388
115404
115411
115495
115534
115560
115577
115601
115616
115629
115687
115693
115723
115724
115776
115779
115793
115804
115885
115892
115916
115968
115985
115992
116083
116086
116103
116112
116140
116191
116192
116239
116281
116291
116297
116318
116323
116329
116373
116432
116433
116461
116470
116477
116485
116497
116517
116520
116525
116597
116611
116625
116651
116686
116701
116724
116777
116838
116846
116855
116866
116885
116897
116907
116926
116928
116951
116952
116973
116991
116995
116996
117025
117049
117055
117130
117167
117169
117175
117186
117215
117218
117263
117283
117304
117316
117320
117332
117338
117353
117378
117407
117420
117511
117560
117562
117579
117596
117597
117646
117664
117673
117693
117712
117745
117751
117772
117779
117780
117791
117795
117803
117808
117837
117867
117869
117889
117905
117950
117967
118005
118010
118023
118030
118089
118100
118143
118238
118282
118294
118329
118386
118468
118475
118537
118547
118604
118606
118608
118646
118705
118726
118736
118749
118752
118765
118814
118822
118869
118908
118943
118945
118948
118949
118987
119011
119063
119066
119150
119165
119175
119179
119223
119236
119315
119372
119384
119395
119425
119434
119438
119480
119535
119569
119572
119592
119594
119649
119792
119811
119846
119865
119906
119964
119969
119971
120007
120018
120064
120077
120091
120103
120105
120115
120121
120166
120188
120195
120200
120208
120230
120236
120248
120297
120319
120366
120375
120433
120435
120461
120464
120465
120479
120508
120513
120544
120587
120591
120641
120693
120801
120817
120826
120887
120911
120917
120952
120964
121058
121075
121107
121119
121153
121174
121191
121198
121215
121235
121329
121355
121364
121546
121555
121586
121610
121643
121660
121675
121768
121796
121810
121836
121852
121904
121917
122018
122024
122031
122038
122069
122089
122121
122124
122137
122153
122186
122208
122218
122220
122282
122286
122301
122317
122319
122360
122363
122394
122432
122440
122447
122457
122459
122563
122565
122577
122618
122642
122651
122680
122694
122741
122751
122778
122825
122831
122968
122970
122990
123033
123075
123109
123138
123147
123232
123285
123328
123386
123406
123424
123456
123514
123548
123559
123575
123630
123661
123679
123704
123709
123730
123764
123790
123802
123813
123822
123823
123829
123867
123874
123876
123878
123916
123920
123925
123940
123975
123977
124007
124033
124039
124048
124064
124110
124140
124154
124180
124208
124210
124217
124222
124238
124259
124261
124297
124320
124334
124436
124455
124456
124483
124499
124515
124517
124545
124551
124563
124579
124580
124613
124621
124652
124743
124853
124869
124870
124909
124946
124950
124957
124958
125005
125042
125086
125106
125109
125115
125130
125134
125136
125159
125160
125184
125202
125205
125318
125330
125331
125344
125348
125352
125365
125380
125381
125398
125404
125406
125427
125431
125439
125449
125484
125490
125520
125565
125600
125602
125617
125618
125620
125630
125658
125684
125697
125717
125778
125841
125869
125889
125944
125960
125970
125975
126091
126100
126118
126137
126154
126168
126182
126198
126216
126219
126243
126245
126246
126248
126255
126263
126274
126317
126320
126325
126335
126339
126368
126386
126397
126400
126438
126441
126448
126449
126458
126509
126529
126546
126569
126570
126604
126653
126667
126671
126673
126678
126699
126726
126727
126761
126784
126811
126843
126867
126899
126906
126991
126992
126996
127004
127010
127027
127031
127125
127172
127261
127282
127288
127292
127297
127346
127363
127447
127456
127469
127543
127557
127580
127584
127609
127618
127670
127697
127706
127715
127773
127789
127857
127876
127888
127889
127926
127940
127950
127952
127961
127965
127967
127968
128030
128033
128055
128092
128135
128150
128170
128203
128210
128225
128355
128370
128378
128429
128437
128453
128455
128460
128494
128541
128588
128589
128646
128731
128737
128751
128813
128858
128867
128894
128907
128942
128980
129010
129013
129033
129064
129081
129105
129111
129113
129150
129165
129220
129274
129292
129352
129375
129391
129403
129430
129433
129445
129481
129489
129500
129501
129569
129570
129584
129621
129632
129637
129660
129693
129710
129720
129721
129760
129761
129820
129838
129915
129929
130024
130029
130045
130054
130099
130118
130163
130173
130239
130254
130264
130285
130286
130287
130331
130418
130419
130474
130483
130488
130495
130534
130536
130643
130655
130772
130787
130821
130825
130835
130855
130862
130869
130915
130938
130943
131019
131055
131103
131116
131127
131132
131136
131169
131174
131176
131200
131206
131207
131252
131253
131256
131258
131292
131300
131308
131330
131334
131347
131359
131375
131467
131500
131514
131549
131564
131620
131631
131638
131693
131849
131851
131853
131902
131931
131985
132009
132015
132026
132057
132058
132070
132077
132090
132106
132112
132114
132151
132188
132205
132211
132237
132251
132277
132298
132308
132404
132406
132458
132509
132522
132524
132544
132573
132593
132600
132607
132612
132631
132637
132644
132657
132733
132743
132783
132796
132849
132859
132898
132921
132953
132980
132989
133040
133056
133072
133084
133100
133191
133202
133230
133246
133288
133292
133301
133307
133336
133390
133393
133401
133419
133420
133434
133449
133455
133457
133531
133565
133604
133618
133645
133699
133749
133773
133792
133825
133841
133892
133893
133896
133936
133967
133975
133999
134054
134061
134074
134112
134145
134163
134180
134184
134200
134243
134318
134341
134353
134421
134426
134461
134462
134604
134638
134666
134699
134714
134719
134731
134754
134763
134778
134803
134879
134885
134899
134963
134968
134984
134989
134993
135027
135068
135084
135216
135219
135231
135271
135287
135321
135376
135402
135413
135433
135438
135441
135473
135476
135507
135530
135607
135629
135635
135643
135647
135690
135725
135726
135729
135745
135799
135862
135926
135930
135933
135966
135985
136131
136136
136142
136143
136166
136198
136205
136240
136251
136283
136295
136316
136357
136387
136442
136490
136498
136510
136539
136564
136625
136650
136667
136675
136679
136713
136766
136788
136816
136823
136824
136922
136935
137015
137020
137024
137056
137071
137074
137099
137137
137170
137172
137177
137182
137203
137214
137216
137238
137249
137262
137275
137333
137346
137386
137401
137446
137512
137527
137540
137553
137576
137595
137641
137705
137716
137722
137748
137769
137781
137782
137797
137826
137866
137896
137961
137988
137992
138004
138012
138048
138065
138094
138108
138157
138187
138291
138353
138412
138448
138455
138539
138556
138561
138630
138634
138636
138637
138707
138728
138762
138798
138799
138806
138831
138854
138905
138951
138953
139000
139070
139113
139117
139144
139157
139187
139197
139211
139252
139275
139289
139312
139329
139338
139342
139351
139444
139445
139492
139504
139514
139515
139578
139613
139615
139624
139685
139715
139752
139775
139802
139803
139820
139843
139899
139920
139922
139987
140008
140055
140091
140116
140144
140154
140160
140174
140181
140265
140320
140325
140377
140411
140423
140503
140535
140538
140575
140589
140599
140602
140652
140666
140671
140672
140750
140788
140792
140801
140810
140867
140874
140897
140900
140907
140918
140942
140964
140993
140999
141012
141017
141040
141042
141061
141145
141161
141207
141235
141259
141277
141285
141317
141324
141340
141344
141372
141377
141404
141444
141453
141468
141491
141506
141537
141550
141563
141585
141601
141627
141641
141663
141703
141714
141748
141752
141765
141773
141782
141829
141897
141904
141937
141947
141965
141986
142000
142008
142021
142028
142092
142125
142141
142143
142161
142169
142188
142244
142253
142259
142277
142325
142337
142341
142358
142415
142455
142547
142594
142598
142623
142642
142648
142671
142738
142774
142776
142780
142792
142802
142804
142820
142827
142874
142886
142901
142917
142937
142952
142977
143089
143100
143106
143143
143147
143154
143170
143183
143220
143232
143281
143341
143346
143371
143375
143384
143440
143441
143522
143569
143593
143602
143623
143765
143781
143788
143789
143798
143812
143822
143831
143859
143870
143964
143966
143980
143981
144001
144002
144042
144048
144124
144141
144145
144188
144196
144203
144230
144312
144321
144363
144428
144440
144503
144562
144692
144721
144724
144801
144822
144824
144861
144880
144883
144884
144955
144980
144982
144984
144994
145005
145014
145104
145111
145127
145143
145147
145155
145173
145179
145202
145235
145249
145257
145278
145293
145325
145368
145371
145382
145410
145415
145429
145437
145472
145489
145493
145496
145499
145517
145533
145582
145678
145691
145703
145712
145728
145732
145736
145751
145755
145760
145808
145838
145864
145870
145887
145966
145987
146002
146005
146066
146185
146196
146204
146224
146233
146258
146272
146303
146352
146374
146447
146458
146483
146530
146536
146543
146571
146584
146613
146655
146666
146699
146743
146835
146868
146905
146923
146937
146954
147046
147055
147056
147081
147107
147119
147127
147148
147179
147223
147243
147255
147282
147284
147293
147294
147314
147335
147339
147352
147429
147458
147459
147494
147495
147498
147505
147570
147592
147633
147641
147651
147700
147717
147727
147747
147790
147799
147807
147819
147826
147855
147891
148018
148034
148065
148070
148075
148083
148093
148206
148256
148270
148272
148275
148294
148341
148377
148380
148385
148390
148396
148435
148464
148467
148477
148489
148493
148514
148520
148562
148578
148601
148609
148644
148666
148682
148689
148701
148715
148740
148763
148785
148804
148806
148831
148879
148954
149025
149032
149035
149045
149053
149055
149069
149079
149213
149217
149222
149241
149248
149251
149264
149287
149290
149340
149420
149421
149447
149532
149538
149562
149566
149586
149629
149683
149690
149715
149780
149789
149833
149901
149903
149910
149929
149938
149962
149963
150092
150097
150140
150151
150207
150217
150233
150251
150280
150289
150323
150332
150360
150396
150444
150489
150492
150499
150507
150533
150557
150607
150615
150622
150656
150680
150741
150764
150766
150781
150783
150808
150809
150880
150893
150895
150899
150958
150972
151008
151010
151035
151040
151085
151102
151122
151148
151169
151179
151192
151207
151272
151287
151299
151308
151338
151371
151395
151463
151502
151515
151537
151573
151579
151593
151613
151623
151626
151658
151661
151666
151675
151696
151700
151741
151758
151821
151830
151846
151860
151870
151888
151934
151943
152037
152054
152056
152058
152061
152066
152105
152113
152174
152175
152181
152212
152214
152275
152285
152290
152299
152303
152343
152345
152366
152371
152386
152410
152421
152422
152453
152546
152561
152574
152578
152584
152596
152607
152636
152650
152659
152660
152695
152700
152723
152741
152742
152745
152782
152783
152828
152841
152848
152879
152974
152977
152980
152985
153008
153072
153073
153083
153121
153157
153169
153250
153264
153280
153293
153323
153376
153392
153473
153485
153489
153493
153542
153543
153653
153719
153730
153846
153858
153901
153905
153908
153991
153994
154004
154007
154020
154028
154073
154083
154187
154201
154227
154257
154265
154306
154325
154327
154338
154340
154350
154379
154388
154461
154495
154516
154566
154620
154621
154627
154663
154677
154679
154708
154796
154963
155041
155048
155081
155084
155094
155108
155114
155124
155265
155310
155316
155317
155326
155405
155414
155447
155452
155463
155491
155498
155504
155508
155517
155537
155558
155577
155587
155589
155602
155619
155657
155664
155694
155723
155729
155778
155849
155854
155868
155886
155908
155932
155973
155979
156070
156084
156105
156182
156234
156267
156285
156286
156298
156342
156402
156419
156423
156432
156442
156479
156523
156534
156537
156603
156613
156653
156707
156712
156739
156767
156809
156830
156846
156856
156860
156874
156876
156879
156884
156910
156912
156994
156997
157015
157017
157023
157102
157121
157147
157152
157190
157220
157228
157235
157285
157343
157390
157391
157434
157469
157486
157512
157530
157537
157619
157635
157637
157672
157675
157693
157719
157727
157733
157741
157759
157769
157802
157830
157842
157852
157861
157875
157897
157983
157988
158017
158035
158104
158126
158139
158150
158241
158242
158266
158292
158306
158316
158356
158358
158401
158410
158424
158474
158493
158556
158560
158574
158595
158676
158719
158743
158783
158784
158788
158815
158820
158826
158831
158848
158873
158881
158893
158928
158930
158943
158954
159063
159088
159089
159096
159117
159136
159207
159235
159273
159276
159299
159320
159342
159354
159365
159387
159419
159420
159453
159464
159486
159499
159503
159556
159569
159573
159585
159589
159603
159604
159657
159664
159694
159709
159726
159748
159789
159801
159803
159899
159906
159921
159944
159954
160003
160011
160029
160038
160044
160089
160121
160124
160143
160145
160154
160173
160181
160209
160219
160242
160246
160250
160267
160281
160291
160309
160337
160358
160406
160430
160435
160468
160525
160526
160557
160625
160685
160713
160753
160754
160764
160796
160830
160836
160861
160874
160891
160900
160906
160913
160940
160953
160963
160986
160991
161022
161030
161032
161090
161120
161132
161138
161153
161210
161218
161234
161239
161265
161357
161359
161375
161381
161398
161401
161406
161428
161434
161469
161483
161486
161582
161601
161635
161652
161734
161744
161853
161862
161867
161874
161905
161920
161933
161934
161955
161963
161968
161992
162055
162056
162166
162174
162191
162196
162206
162210
162238
162240
162278
162345
162384
162385
162462
162481
162531
162559
162639
162683
162724
162797
162868
162880
162886
162888
162926
162937
163022
163051
163059
163063
163074
163138
163152
163154
163181
163192
163274
163286
163320
163322
163360
163412
163426
163486
163569
163589
163636
163643
163813
163845
163883
163886
163891
163892
163912
163961
164017
164055
164094
164121
164132
164136
164140
164142
164171
164182
164199
164259
164282
164291
164314
164351
164358
164433
164527
164536
164593
164597
164646
164684
164690
164700
164707
164710
164739
164795
164807
164811
164866
165001
165010
165032
165079
165097
165111
165125
165135
165137
165139
165151
165183
165194
165217
165280
165290
165309
165312
165318
165380
165422
165424
165435
165477
165502
165509
165526
165548
165569
165662
165685
165700
165749
165789
165790
165866
165934
165941
165943
165959
165965
166112
166113
166150
166152
166155
166182
166206
166208
166260
166275
166279
166290
166294
166310
166347
166384
166395
166397
166437
166443
166601
166604
166652
166686
166689
166740
166771
166798
166803
166827
166841
166871
166873
166884
166890
166899
166905
166949
167018
167054
167082
167094
167226
167264
167311
167317
167326
167353
167368
167398
167428
167479
167480
167536
167547
167552
167573
167575
167577
167588
167593
167627
167660
167694
167774
167786
167794
167795
167804
167810
167845
167847
167850
167920
167924
168029
168043
168045
168069
168108
168109
168131
168167
168169
168189
168207
168211
168236
168248
168258
168323
168344
168348
168362
168403
168426
168481
168488
168499
168537
168570
168608
168639
168691
168746
168827
168882
168940
168966
168969
169073
169077
169089
169097
169106
169118
169144
169171
169191
169253
169308
169316
169333
169365
169376
169392
169403
169415
169427
169430
169450
169464
169476
169506
169508
169529
169548
169603
169614
169635
169723
169764
169796
169802
169816
169829
169868
169883
169914
169969
169992
170050
170065
170133
170173
170174
170189
170202
170215
170244
170267
170295
170297
170318
170320
170345
170358
170403
170413
170471
170479
170549
170586
170621
170640
170648
170671
170695
170709
170758
170814
170846
170856
170870
170874
170917
170988
171004
171016
171044
171051
171052
171105
171111
171124
171132
171145
171148
171159
171173
171179
171181
171182
171240
171248
171256
171279
171296
171310
171314
171320
171342
171364
171380
171391
171431
171458
171492
171527
171588
171601
171633
171650
171709
171761
171809
171818
171864
171867
171958
171959
171962
171971
171981
172054
172064
172090
172099
172145
172147
172204
172213
172222
172258
172264
172294
172339
172385
172423
172431
172442
172465
172491
172505
172518
172543
172559
172567
172584
172594
172677
172706
172718
172719
172724
172725
172727
172765
172777
172814
172818
172824
172831
172850
172862
172877
172898
172954
172958
172988
173003
173035
173072
173077
173126
173142
173153
173159
173165
173168
173210
173212
173218
173238
173241
173244
173275
173338
173359
173365
173449
173475
173481
173554
173569
173608
173635
173654
173657
173665
173685
173687
173704
173738
173769
173780
173800
173820
173891
173967
174030
174033
174035
174058
174097
174112
174127
174134
174158
174190
174203
174213
174247
174265
174286
174310
174313
174327
174343
174346
174349
174370
174434
174461
174485
174488
174501
174539
174595
174596
174618
174638
174640
174699
174718
174763
174837
174882
174887
174902
174935
174963
175013
175064
175094
175131
175168
175200
175241
175262
175334
175389
175488
175494
175527
175528
175540
175548
175562
175571
175580
175608
175681
175704
175742
175772
175802
175838
175866
175870
175886
175901
175921
175974
175975
175998
176030
176041
176047
176074
176126
176127
176147
176157
176175
176176
176181
176187
176212
176213
176230
176240
176243
176245
176261
176267
176271
176281
176331
176362
176364
176441
176464
176548
176553
176556
176566
176597
176624
176634
176678
176694
176702
176761
176767
176771
176797
176799
176801
176809
176826
176850
176858
176873
176903
176929
176933
176960
176988
176998
177008
177076
177128
177179
177181
177209
177212
177213
177230
177233
177295
177308
177309
177310
177360
177396
177451
177470
177491
177492
177582
177596
177629
177654
177710
177744
177807
177821
177837
177848
177852
177861
177868
177931
177932
177949
177992
177994
178023
178028
178030
178033
178053
178072
178107
178113
178140
178142
178153
178171
178195
178275
178334
178339
178346
178349
178413
178454
178470
178492
178516
178518
178520
178548
178609
178619
178623
178626
178643
178647
178659
178683
178690
178701
178832
178888
178891
178892
178917
178921
178999
179053
179066
179074
179107
179213
179215
179223
179230
179239
179242
179244
179256
179312
179318
179369
179379
179392
179399
179470
179557
179582
179625
179649
179651
179680
179683
179691
179727
179754
179777
179824
179839
179843
179866
179887
179896
179969
180001
180009
180128
180183
180184
180196
180255
180315
180332
180381
180400
180447
180492
180510
180550
180608
180628
180633
180689
180694
180700
180733
180755
180758
180766
180790
180877
180917
180932
180958
180976
180993
181050
181054
181112
181135
181137
181140
181210
181238
181256
181347
181380
181389
181394
181399
181477
181481
181542
181573
181577
181586
181615
181645
181658
181703
181720
181760
181799
181803
181838
181857
181860
181944
181985
182002
182013
182016
182027
182048
182077
182082
182093
182131
182138
182140
182196
182286
182300
182301
182303
182320
182331
182376
182381
182436
182451
182486
182494
182498
182507
182512
182544
182591
182593
182594
182664
182691
182728
182757
182769
182804
182805
182827
182856
182889
182912
182950
183014
183074
183100
183111
183173
183189
183213
183237
183243
183264
183312
183315
183339
183395
183416
183457
183476
183515
183522
183579
183628
183775
183779
183794
183803
183816
183882
183894
183967
184000
184010
184033
184079
184114
184135
184176
184192
184197
184235
184269
184271
184288
184290
184333
184371
184416
184431
184459
184472
184479
184513
184552
184554
184560
184567
184584
184627
184630
184639
184648
184656
184725
184741
184831
184845
184879
184940
184947
184963
184966
184978
185031
185033
185049
185052
185053
185062
185093
185098
185103
185133
185138
185173
185174
185175
185233
185261
185281
185290
185398
185418
185491
185496
185509
185587
185601
185605
185613
185630
185655
185672
185694
185723
185772
185797
185808
185812
185862
185870
185880
185884
185885
185894
185924
185927
185936
186008
186032
186074
186081
186082
186113
186165
186187
186207
186220
186249
186274
186310
186325
186371
186375
186378
186386
186410
186508
186521
186530
186536
186579
186615
186634
186635
186749
186788
186804
186864
186908
186939
186966
186977
187048
187157
187198
187221
187310
187338
187352
187392
187441
187451
187498
187499
187510
187518
187546
187584
187613
187625
187636
187641
187689
187702
187754
187845
187908
187963
188004
188005
188031
188073
188080
188102
188103
188179
188181
188201
188209
188228
188321
188329
188341
188342
188370
188452
188479
188488
188507
188530
188580
188633
188673
188701
188709
188713
188739
188785
188800
188859
188880
188975
188997
189002
189026
189034
189093
189109
189153
189154
189173
189176
189184
189186
189198
189242
189271
189379
189423
189430
189434
189440
189451
189456
189458
189471
189490
189495
189497
189504
189516
189549
189582
189623
189644
189718
189777
189785
189793
189805
189824
189863
189888
189982
189991
189999
190010
190015
190061
190073
190149
190187
190226
190258
190278
190293
190295
190312
190400
190446
190460
190479
190483
190504
190525
190638
190711
190718
190741
190750
190795
190857
190893
190899
190918
190925
190936
190949
190953
190957
190979
190995
191079
191081
191090
191131
191151
191241
191281
191284
191292
191297
191311
191328
191341
191345
191363
191377
191397
191448
191467
191472
191482
191519
191563
191598
191627
191669
191692
191709
191715
191744
191746
191753
191759
191771
191779
191792
191805
191811
191887
191891
191913
191936
191939
191955
191964
191977
192016
192025
192026
192028
192035
192078
192115
192159
192215
192230
192254
192315
192325
192328
192339
192345
192373
192380
192392
192426
192442
192444
192479
192490
192500
192568
192578
192580
192615
192638
192684
192720
192733
192736
192760
192783
192787
192823
192855
192869
192874
192883
192923
192939
192942
192984
192988
192995
193040
193063
193084
193088
193108
193128
193189
193214
193225
193258
193303
193304
193313
193333
193372
193382
193423
193453
193459
193502
193519
193530
193535
193555
193558
193580
193584
193603
193668
193741
193758
193778
193848
193863
193898
193903
193915
193917
193988
194023
194085
194090
194130
194140
194343
194371
194450
194461
194462
194505
194507
194510
194529
194592
194607
194622
194660
194663
194691
194701
194727
194756
194767
194786
194804
194805
194819
194843
194849
194867
194876
194905
194970
194991
194998
195006
195012
195035
195048
195062
195079
195102
195187
195217
195225
195256
195267
195289
195298
195302
195303
195319
195404
195469
195546
195568
195571
195604
195634
195684
195711
195746
195749
195753
195768
195774
195793
195800
195812
195818
195830
195859
195922
195930
195945
195950
195995
196013
196023
196040
196053
196077
196108
196160
196235
196238
196242
196252
196272
196280
196371
196372
196415
196463
196524
196572
196574
196586
196612
196621
196660
196764
196823
196826
196858
196895
196951
197014
197047
197130
197139
197143
197169
197261
197287
197288
197393
197404
197411
197434
197695
197718
197752
197763
197766
197847
197853
197862
197956
197985
198032
198039
198043
198058
198071
198089
198119
198145
198182
198186
198203
198215
198222
198236
198262
198299
198338
198339
198347
198350
198362
198369
198372
198421
198445
198478
198558
198582
198674
198687
198697
198802
198814
198860
198908
198935
198984
199006
199013
199037
199044
199087
199094
199101
199150
199159
199166
199191
199194
199199
199214
199233
199282
199333
199369
199430
199510
199554
199575
199619
199630
199631
199659
199679
199734
199743
199749
199750
199774
199777
199784
199797
199843
199908
199913
199931
199991
199995
200115
200132
200145
200183
200185
200186
200192
200249
200256
200273
200276
200308
200356
200375
200387
200392
200441
200471
200493
200498
200570
200581
200635
200689
200701
200863
200864
200870
200875
200890
200938
200950
200996
201009
201019
201038
201055
201060
201073
201074
201094
201111
201113
201160
201214
201232
201278
201326
201372
201426
201439
201479
201574
201624
201678
201714
201752
201777
201807
201823
201824
201853
202019
202039
202142
202146
202175
202191
202224
202232
202246
202263
202328
202348
202359
202374
202410
202441
202495
202525
202531
202588
202617
202627
202692
202695
202749
202776
202783
202819
202822
202842
202866
202893
202894
202905
202926
202947
202980
203006
203151
203219
203266
203312
203315
203376
203396
203398
203409
203458
203527
203528
203554
203613
203627
203633
203645
203651
203688
203695
203763
203772
203817
203835
203836
203849
203863
203881
203898
203924
203933
203937
203957
203965
204013
204018
204042
204048
204059
204067
204152
204168
204178
204271
204275
204286
204324
204338
204385
204389
204468
204473
204485
204557
204560
204623
204664
204679
204681
204724
204755
204762
204779
204789
204826
204850
204851
204889
204905
204909
204914
204931
204935
204951
204978
204998
205015
205027
205094
205137
205147
205151
205154
205161
205217
205255
205308
205339
205348
205369
205460
205467
205480
205500
205515
205523
205544
205602
205623
205625
205627
205646
205653
205657
205684
205730
205760
205773
205807
205846
205934
205954
205984
206009
206015
206046
206048
206098
206138
206160
206170
206227
206294
206324
206333
206339
206357
206368
206387
206435
206475
206501
206508
206543
206571
206609
206648
206678
206698
206703
206714
206780
206781
206800
206833
206853
206863
206876
206879
206884
206931
207071
207084
207085
207144
207164
207205
207208
207218
207228
207266
207331
207347
207349
207390
207396
207410
207425
207516
207528
207568
207638
207676
207683
207702
207720
207722
207734
207755
207779
207803
207813
207816
207817
207822
207829
207875
207898
207928
207958
207974
208002
208009
208045
208089
208108
208117
208146
208177
208227
208252
208265
208277
208303
208314
208400
208440
208442
208540
208545
208558
208604
208643
208657
208683
208692
208711
208730
208736
208741
208789
208819
208855
208871
208893
208957
208981
209001
209014
209018
209046
209049
209081
209090
209103
209119
209132
209152
209188
209280
209318
209325
209351
209369
209370
209378
209381
209418
209443
209448
209450
209462
209470
209503
209509
209514
209555
209575
209577
209602
209629
209640
209669
209690
209735
209752
209786
209797
209876
209918
209929
209949
209983
209986
210011
210045
210055
210073
210123
210157
210158
210173
210184
210221
210222
210227
210238
210314
210317
210350
210354
210418
210437
210516
210533
210591
210689
210719
210721
210762
210770
210773
210797
210885
210915
210929
210950
211014
211034
211044
211054
211096
211104
211116
211131
211140
211170
211179
211217
211218
211267
211273
211283
211290
211327
211402
211412
211441
211477
211487
211535
211592
211635
211644
211647
211660
211661
211687
211690
211691
211721
211729
211745
211753
211758
211769
211788
211845
211848
211850
211862
211863
211878
211885
211886
211924
211932
211940
211967
211970
212005
212041
212050
212057
212075
212087
212098
212161
212215
212256
212303
212307
212320
212324
212335
212350
212414
212421
212431
212486
212502
212515
212516
212519
212524
212542
212564
212591
212595
212615
212643
212672
212688
212722
212740
212770
212771
212962
212965
212967
212968
213034
213040
213052
213087
213108
213115
213136
213142
213173
213295
213296
213324
213388
213424
213472
213573
213576
213589
213641
213659
213730
213744
213753
213764
213772
213805
213839
213864
213918
213938
213949
213972
213991
214004
214005
214049
214053
214061
214063
214081
214291
214308
214320
214325
214328
214330
214335
214336
214355
214369
214407
214441
214467
214509
214516
214593
214627
214652
214657
214666
214746
214768
214815
214825
214859
214890
214924
214948
215007
215012
215055
215056
215098
215127
215174
215180
215230
215239
215274
215301
215383
215387
215442
215451
215481
215487
215502
215519
215581
215585
215666
215683
215684
215753
215789
215797
215825
215840
215872
215894
215898
215921
215961
215985
215996
216015
216036
216038
216041
216042
216048
216063
216065
216086
216115
216116
216138
216181
216185
216247
216280
216303
216353
216429
216516
216517
216572
216603
216659
216666
216679
216681
216684
216689
216751
216762
216765
216808
216847
216861
216880
216888
216920
216928
217018
217025
217100
217131
217179
217192
217198
217204
217260
217300
217312
217362
217363
217403
217429
217494
217498
217525
217532
217533
217609
217649
217668
217699
217739
217756
217884
217924
218003
218040
218087
218106
218142
218177
218185
218227
218240
218272
218278
218302
218321
218324
218349
218429
218477
218482
218483
218486
218502
218648
218690
218756
218758
218771
218782
218830
218885
218903
218985
219006
219007
219022
219056
219093
219139
219165
219200
219217
219219
219227
219236
219268
219346
219348
219375
219432
219457
219470
219475
219495
219517
219529
219560
219572
219793
219799
219815
219853
219880
219943
219986
220004
220042
220045
220069
220142
220161
220199
220213
220265
220288
220291
220295
220300
220327
220384
220428
220493
220504
220547
220574
220575
220586
220633
220648
220652
220658
220659
220678
220719
220791
220900
220906
220983
220999
221019
221063
221087
221111
221131
221174
221203
221229
221231
221331
221388
221395
221397
221425
221428
221461
221471
221506
221570
221589
221622
221642
221706
221708
221739
221762
221782
221788
221794
221827
221857
221863
221922
221976
221993
221994
221998
222019
222072
222078
222149
222157
222184
222228
222229
222258
222319
222359
222378
222397
222435
222437
222455
222461
222481
222493
222515
222550
222587
222608
222615
222616
222640
222669
222737
222742
222781
222790
222816
222915
222931
222948
222949
222963
223025
223037
223106
223111
223132
223139
223141
223148
223158
223193
223208
223220
223221
223228
223268
223312
223371
223389
223431
223479
223522
223539
223560
223600
223603
223623
223625
223627
223657
223713
223723
223771
223781
223782
223795
223802
223822
223827
223841
223863
223874
223890
223906
223998
224003
224009
224051
224057
224066
224070
224117
224149
224191
224194
224200
224206
224228
224247
224262
224267
224342
224368
224436
224459
224460
224521
224528
224544
224567
224651
224680
224701
224702
224818
224855
224867
224975
225012
225054
225110
225136
225211
225232
225235
225263
225265
225271
225293
225294
225343
225403
225434
225493
225539
225546
225559
225566
225630
225635
225637
225649
225701
225729
225733
225759
225767
225779
225796
225801
225803
225936
225978
226025
226026
226028
226047
226077
226081
226100
226222
226228
226230
226242
226255
226288
226303
226328
226336
226359
226381
226499
226522
226530
226618
226636
226661
226673
226720
226749
226787
226788
226796
226808
226811
226839
226869
226894
226903
226931
226942
226956
226997
227033
227053
227159
227170
227202
227225
227265
227290
227306
227323
227339
227340
227365
227449
227456
227457
227475
227492
227497
227518
227533
227535
227548
227575
227586
227588
227764
227786
227794
227821
227852
227871
227899
227914
227921
227923
227936
228033
228046
228055
228113
228133
228134
228138
228146
228169
228210
228250
228276
228286
228340
228348
228351
228380
228383
228408
228416
228468
228520
228525
228531
228561
228607
228614
228618
228626
228657
228683
228733
228741
228758
228767
228847
228886
228888
228903
228904
228927
228950
228969
228970
228974
229017
229029
229046
229073
229085
229093
229117
229178
229221
229231
229264
229267
229287
229308
229329
229343
229345
229364
229379
229389
229393
229435
229444
229450
229451
229473
229534
229551
229563
229618
229646
229696
229743
229749
229754
229770
229783
229794
229801
229813
229848
229894
229956
229974
229992
230022
230027
230037
230038
230101
230115
230124
230190
230209
230213
230242
230260
230266
230274
230326
230333
230342
230377
230379
230385
230387
230441
230459
230479
230528
230570
230623
230744
230774
230790
230797
230806
230815
230843
230856
230878
230914
230933
230934
230938
231028
231071
231072
231073
231086
231125
231183
231218
231229
231266
231270
231276
231283
231325
231401
231432
231474
231482
231510
231515
231522
231544
231567
231593
231612
231648
231678
231700
231734
231752
231768
231788
231835
231846
231874
231978
232027
232056
232098
232115
232132
232152
232235
232240
232251
232272
232293
232331
232403
232472
232479
232500
232507
232531
232582
232636
232642
232702
232714
232737
232770
232805
232809
232813
232851
232854
232860
232863
232965
233015
233087
233114
233125
233130
233139
233191
233194
233213
233241
233269
233283
233292
233297
233353
233366
233377
233391
233415
233417
233425
233439
233444
233455
233464
233478
233521
233524
233536
233609
233730
233745
233757
233796
233806
233837
233851
233874
233881
233907
233935
233950
233951
233960
234001
234031
234064
234092
234096
234128
234184
234232
234278
234335
234354
234421
234428
234434
234525
234534
234588
234638
234688
234725
234734
234793
234794
234862
234879
234952
234958
234967
234978
235005
235056
235213
235223
235351
235355
235369
235395
235474
235475
235478
235487
235501
235511
235522
235527
235528
235538
235540
235545
235551
235561
235573
235645
235648
235669
235786
235805
235808
235854
235893
235922
235923
235947
235957
235986
235993
236017
236020
236032
236085
236093
236134
236184
236213
236222
236269
236282
236314
236319
236331
236339
236340
236347
236360
236370
236407
236445
236447
236452
236457
236460
236470
236475
236514
236553
236561
236564
236574
236577
236602
236608
236612
236642
236663
236752
236772
236776
236779
236794
236849
236930
236937
236938
236942
236945
236950
236958
236982
237052
237059
237077
237104
237108
237152
237158
237174
237177
237187
237189
237205
237318
237325
237340
237384
237389
237483
237493
237531
237537
237604
237652
237679
237683
237693
237699
237705
237832
237858
237860
237864
237929
237953
237958
237971
237973
237999
238010
238129
238209
238252
238270
238317
238323
238334
238415
238428
238430
238431
238446
238450
238455
238488
238500
238505
238579
238596
238608
238619
238675
238677
238701
238716
238757
238762
238905
238920
238933
238951
238979
239010
239059
239137
239138
239153
239168
239194
239199
239231
239240
239242
239245
239258
239260
239277
239290
239329
239339
239452
239465
239557
239564
239570
239614
239622
239635
239653
239659
239660
239714
239734
239749
239750
239753
239781
239790
239805
239814
239818
239830
239879
239906
239953
239981
239983
240009
240019
240022
240060
240061
240094
240098
240102
240129
240225
240293
240350
240359
240368
240374
240423
240451
240458
240470
240545
240555
240558
240653
240659
240688
240712
240719
240729
240733
240749
240765
240799
240812
240826
240851
240866
240946
240981
240983
241026
241037
241051
241066
241070
241113
241122
241123
241161
241199
241210
241211
241278
241328
241340
241379
241398
241418
241445
241455
241481
241489
241501
241547
241592
241598
241619
241620
241711
241712
241746
241789
241852
241861
241882
241903
241924
241938
241958
241980
242047
242120
242121
242229
242249
242300
242320
242349
242367
242383
242399
242423
242464
242466
242486
242524
242533
242544
242550
242567
242581
242586
242596
242635
242637
242644
242702
242714
242732
242754
242773
242776
242784
242830
242898
242911
242915
242925
242931
242976
242978
243078
243116
243133
243177
243179
243195
243204
243218
243222
243235
243261
243278
243289
243320
243337
243354
243390
243397
243409
243418
243428
243514
243526
243649
243715
243756
243763
243774
243904
243971
243984
244005
244019
244034
244045
244088
244126
244173
244197
244206
244207
244233
244244
244306
244331
244363
244374
244411
244456
244498
244504
244517
244520
244573
244607
244651
244668
244682
244684
244727
244813
244822
244851
244914
244932
244991
245008
245035
245054
245089
245114
245115
245128
245153
245158
245184
245199
245242
245249
245308
245323
245459
245462
245484
245540
245626
245654
245658
245665
245715
245726
245734
245743
245803
245850
245858
245875
245881
246001
246032
246040
246083
246122
246132
246234
246252
246254
246286
246298
246318
246342
246369
246408
246419
246427
246437
246504
246562
246579
246610
246631
246655
246658
246683
246690
246698
246712
246799
246817
246849
247000
247004
247011
247021
247023
247030
247049
247147
247191
247231
247281
247293
247295
247321
247328
247357
247369
247459
247460
247466
247471
247474
247483
247484
247485
247537
247586
247614
247660
247664
247718
247726
247735
247759
247761
247762
247771
247815
247837
247846
247864
247906
247922
247939
247970
247986
247988
247995
248006
248026
248038
248067
248075
248210
248242
248254
248265
248272
248284
248317
248392
248406
248440
248481
248507
248570
248582
248588
248651
248664
248693
248731
248779
248781
248838
248846
248867
248868
248874
248895
248906
248916
248921
248975
248982
248994
249013
249039
249063
249083
249104
249123
249150
249154
249163
249167
249173
249201
249218
249248
249272
249302
249308
249334
249347
249383
249403
249405
249529
249545
249552
249603
249637
249682
249698
249711
249714
249732
249738
249774
249809
249837
249946
249956
250068
250112
250135
250204
250221
250244
250265
250290
250325
250346
250478
250509
250510
250512
250535
250580
250605
250610
250651
250665
250671
250709
250790
250804
250815
250847
250878
250886
250914
250981
251028
251053
251097
251140
251223
251228
251260
251276
251277
251315
251316
251343
251347
251357
251370
251371
251374
251423
251465
251472
251571
251573
251606
251615
251637
251638
251685
251690
251715
251735
251741
251858
251944
252002
252009
252032
252050
252074
252079
252092
252110
252130
252180
252206
252241
252262
252286
252332
252347
252374
252397
252472
252501
252513
252522
252530
252533
252573
252580
252599
252605
252651
252653
252655
252664
252692
252708
252752
252760
252782
252879
252928
252938
252945
252986
253087
253125
253150
253172
253223
253254
253268
253300
253302
253307
253313
253426
253487
253493
253494
253525
253534
253561
253594
253611
253614
253660
253663
253671
253672
253699
253711
253716
253738
253745
253757
253759
253818
253864
253865
253942
253944
254010
254033
254062
254068
254070
254072
254099
254185
254267
254316
254319
254412
254430
254434
254442
254475
254565
254643
254650
254765
254769
254775
254830
254832
254866
254884
254888
254915
254960
254975
255003
255065
255080
255084
255124
255145
255146
255166
255176
255185
255191
255265
255330
255341
255344
255352
255366
255444
255547
255653
255740
255756
255764
255768
255845
255878
255889
255955
256033
256062
256071
256140
256211
256237
256284
256324
256336
256363
256365
256432
256460
256491
256515
256522
256526
256555
256592
256630
256659
256671
256698
256727
256729
256753
256788
256808
256926
256930
256938
256949
256998
257049
257053
257072
257316
257348
257359
257372
257374
257377
257386
257413
257447
257472
257483
257494
257539
257554
257560
257589
257592
257597
257629
257650
257668
257696
257732
257770
257818
257854
257917
257960
257987
257997
258009
258029
258058
258073
258088
258113
258138
258166
258224
258262
258271
258277
258314
258318
258335
258359
258397
258437
258485
258497
258513
258531
258563
258604
258651
258691
258695
258737
258743
258842
258872
258881
258936
258948
258954
258974
259036
259077
259162
259166
259296
259333
259349
259354
259391
259395
259507
259563
259570
259592
259657
259658
259715
259764
259785
259811
259848
259868
259880
259907
260012
260035
260051
260061
260070
260133
260159
260230
260246
260273
260310
260322
260331
260350
260417
260449
260452
260545
260555
260574
260589
260616
260639
260645
260679
260714
260734
260744
260811
260833
260846
260879
260882
260889
260923
260990
261004
261070
261079
261111
261118
261149
261212
261259
261280
261291
261388
261460
261499
261518
261574
261581
261583
261624
261646
261667
261675
261681
261797
261803
261810
261928
261950
261957
261974
261997
262000
262003
262010
262011
262026
262098
262117
262157
262178
262186
262206
262232
262271
262355
262362
262385
262387
262396
262408
262415
262423
262438
262441
262467
262489
262496
262609
262658
262666
262697
262772
262807
262820
262857
262860
262932
263000
263060
263110
263153
263258
263317
263367
263452
263464
263479
263492
263517
263531
263548
263583
263647
263686
263699
263705
263727
263728
263750
263786
263793
263865
263880
263926
263978
263995
264102
264137
264182
264185
264239
264279
264335
264379
264391
264425
264483
264526
264647
264714
264740
264742
264752
264850
264858
264941
264944
265019
265029
265041
265051
265063
265072
265093
265112
265128
265148
265177
265194
265201
265202
265243
265252
265264
265341
265368
265394
265419
265469
265477
265479
265606
265626
265687
265708
265723
265752
265779
265794
265830
265870
265879
265907
265968
265978
265983
266022
266061
266089
266116
266220
266229
266280
266286
266291
266302
266348
266377
266404
266413
266433
266438
266517
266559
266564
266587
266613
266622
266649
266657
266667
266677
266687
266696
266728
266729
266749
266770
266840
266865
266896
266930
267052
267088
267089
267111
267113
267204
267232
267240
267269
267315
267344
267346
267352
267374
267383
267389
267398
267406
267477
267501
267530
267548
267572
267604
267618
267710
267721
267772
267796
267826
267841
267844
267889
267901
267936
268032
268040
268081
268096
268198
268202
268245
268255
268275
268279
268299
268300
268352
268424
268450
268506
268507
268536
268541
268546
268565
268580
268659
268677
268685
268710
268786
268829
268840
268853
268877
268891
268904
268948
268994
269001
269005
269006
269012
269052
269053
269078
269108
269130
269142
269147
269154
269215
269267
269270
269284
269299
269375
269377
269392
269433
269481
269545
269559
269570
269611
269622
269624
269661
269733
269840
269914
269917
269935
270000
270008
270118
270129
270144
270171
270240
270265
270274
270299
270303
270312
270317
270320
270331
270422
270488
270496
270522
270537
270539
270552
270560
270564
270565
270575
270611
270677
270678
270679
270688
270755
270907
270909
270956
270987
270990
271015
271078
271149
271191
271247
271270
271281
271306
271329
271330
271494
271557
271589
271668
271748
271812
271815
271868
271872
271877
271890
271897
271914
271978
272030
272054
272059
272068
272121
272144
272186
272213
272314
272323
272390
272403
272407
272452
272473
272475
272511
272538
272545
272552
272555
272611
272721
272782
272799
272812
272845
272853
272906
272930
272962
272969
273036
273039
273087
273151
273178
273185
273231
273235
273253
273257
273305
273327
273410
273490
273497
273505
273512
273580
273605
273692
273696
273711
273717
273718
273722
273760
273786
273852
273893
273896
273897
273906
273966
274023
274073
274088
274101
274121
274168
274220
274240
274311
274322
274371
274392
274422
274457
274496
274510
274523
274534
274562
274577
274607
274708
274727
274728
274729
274822
274929
274960
274997
275031
275044
275045
275061
275115
275134
275197
275245
275250
275252
275263
275308
275316
275325
275333
275379
275433
275470
275518
275520
275537
275556
275608
275613
275649
275691
275695
275755
275778
275780
275794
275863
275872
275880
275899
275926
275948
275989
275994
276006
276036
276183
276205
276207
276214
276222
276231
276245
276337
276347
276376
276440
276455
276459
276530
276568
276577
276591
276636
276648
276687
276729
276763
276781
276827
276836
276902
276912
276951
276984
277036
277070
277078
277199
277229
277360
277370
277454
277490
277601
277634
277655
277714
277720
277791
277812
277826
277846
277857
277863
277901
277906
277938
278086
278111
278120
278164
278238
278253
278273
278311
278392
278409
278421
278424
278451
278472
278508
278509
278639
