70
113
118
129
143
174
560
718
963
1060
1110
1249
1445
1624
1684
1762
1941
2201
2449
2688
2731
2735
2741
2890
3028
3080
3479
3506
3655
3697
4009
4019
4046
4289
4361
4523
4691
4703
4868
5001
5180
5321
5714
5871
5877
5985
6107
6519
6552
6603
6700
6882
6976
6999
7137
7258
7278
7366
7524
7707
7865
7881
7922
7950
8052
8216
8239
8270
8542
8639
8790
8855
8863
9100
9166
9325
9358
9392
9798
9978
9996
10079
10139
10221
10507
10578
10615
10700
10828
11096
11117
11124
11314
11425
11491
11504
11616
11852
12024
12171
12414
12465
12469
12491
12536
12575
12760
12978
12995
13037
13298
13309
13456
13518
13564
13566
13717
14117
14176
14366
14410
14564
14671
14685
14689
14691
14742
14876
15059
15113
15256
15599
15602
15680
15728
15881
16282
16339
16353
16441
16578
16618
16701
16949
17029
17147
17310
17496
17600
17655
17712
17877
18122
18500
18522
18558
18683
18712
18717
18793
19141
19258
19308
19913
20073
20364
20574
20611
20669
20759
20783
20898
20903
20987
21113
21138
21204
21328
21561
21632
21729
21740
21751
21757
21782
21811
21855
21944
22040
22586
22684
22688
22997
23072
23146
23416
23488
23658
23675
23698
23920
24089
24133
24431
24484
24799
24846
24933
25019
25087
25332
25706
25838
26159
26161
26259
26297
26330
26441
26621
26629
26638
26941
27035
27166
27366
27387
27590
27649
27689
27713
27799
28158
28303
28305
28550
28627
28741
28793
28952
29139
29203
29222
29226
29239
29288
29296
29372
29394
29588
29787
29971
30148
30230
30235
30764
30829
30933
30944
30962
31003
31098
31161
31175
31189
31259
31301
31331
31381
31386
31510
31594
31666
31784
31787
31823
32112
32144
32240
32427
32462
32541
32625
32702
32770
32772
32810
32904
32917
32973
33015
33098
33171
33213
33307
33663
33821
33836
33838
34108
34115
34284
34298
34451
34454
34613
35253
35302
35582
35591
35606
35635
35681
35963
36258
36269
36283
36427
36541
36556
36560
36663
37543
37760
37867
37908
37933
37974
38001
38004
38007
38041
38150
38245
38385
38403
38626
38823
38860
38911
39456
39501
39555
39586
39629
39858
39902
39949
39987
40086
40134
40346
40367
40379
40630
40684
40784
40801
40940
40950
40969
41249
41479
41485
41612
41629
41659
41773
41854
41886
41979
41997
42267
42305
42336
42339
42430
43004
43080
43197
43259
43294
43334
43342
43580
43646
43658
43670
43873
43964
44042
44287
44292
44328
44354
44413
44424
44490
44496
44618
44696
44799
44975
44978
45026
45165
45255
45333
45450
45730
45769
46052
46203
46372
46486
46592
46601
46611
46922
46930
47053
47174
47278
47789
47862
47876
48131
48140
48174
48213
48313
48336
48370
48467
48468
48557
48609
48665
48822
48891
48936
48988
49024
49120
49446
49505
49553
49608
49668
49713
49821
50294
50598
50634
50680
50858
51057
51090
51330
51339
51471
51708
51735
51776
51788
51830
51858
52053
52196
52368
52450
52642
52660
52798
52831
52933
53058
53136
53169
53185
53401
53647
53729
53818
54081
54200
54329
54392
54421
54594
54595
54597
54678
54688
54701
54739
54900
54997
55024
55071
55302
55329
55374
55515
55635
55686
55721
55744
56009
56088
56157
56416
56470
56637
56741
56751
56883
56983
57092
57111
57149
57162
57445
57447
57471
57648
57655
58167
58255
58426
58460
58917
59001
59014
59018
59187
59203
59315
59411
59553
59827
60142
60179
60181
60362
60398
60463
60607
60709
60825
60905
61371
61419
61641
61752
61828
61863
61917
61996
62159
62204
62256
62317
62390
62420
62528
62572
62593
62738
62838
62899
63166
63167
63186
63779
63943
64006
64011
64018
64311
65015
65465
65572
65801
65845
65871
66002
66456
66597
66928
67175
67350
67397
67641
67649
67758
67977
68078
68118
68242
68257
68513
68609
68662
68846
68921
68955
68967
69020
69039
69096
69130
69223
69297
69369
69588
70004
70274
70538
70731
70789
71000
71226
71254
71369
71393
71406
71566
71738
72012
72016
72079
72116
72186
72316
72421
72614
72639
72774
72813
73190
73692
73846
73868
74197
74686
74792
75107
75117
75636
75895
75945
76055
76068
76326
76987
77397
77441
77616
77653
77697
77771
78112
78137
78287
78389
78414
78665
78726
78791
78832
78953
79033
79149
79153
79224
79238
79429
79491
79563
79573
79611
79669
79917
79921
80050
80107
80531
80589
80646
80754
80897
80900
81172
81564
81819
81907
81946
81984
82019
82035
82128
82161
82284
82353
82531
83079
83164
83166
83288
83484
83619
83646
83727
83728
84094
84103
84112
84471
84625
84770
84892
85012
85072
85204
85399
85492
85500
85626
85892
86476
86567
86589
86594
86813
86875
86968
86982
87024
87120
87439
87474
87615
88429
88443
88681
88828
88899
89095
89108
89235
89339
89413
89443
89601
89991
90000
90175
90248
90259
90274
90391
90435
90764
90813
90855
90979
91281
91285
91346
91440
91475
91479
91500
91533
91550
91556
91775
91804
91808
92189
92279
92330
92467
92558
92569
92623
92937
93096
93427
93628
93682
93813
93888
93954
94012
94041
94423
94539
94674
94707
94907
95170
95190
95421
95478
95480
95639
95676
95760
95978
96297
96372
96561
96704
96815
96963
96983
97131
97163
97168
97246
97263
97264
97405
97416
97470
97684
97835
97952
98012
98075
98088
98204
98209
98265
98388
98423
98494
98530
98592
98627
99005
99053
99102
99173
99207
99623
99695
99815
99825
99894
99984
99993
100101
100527
100555
100707
100845
100877
100989
101033
101036
101365
101588
101668
101749
102106
102358
102685
102695
102726
102755
102926
102994
103057
103199
103349
103365
103433
103440
103441
103593
103779
103832
103905
104091
104231
104354
104436
104553
104735
104767
104818
105131
105381
105384
105486
105580
105663
105732
105750
105774
105816
106095
106098
106142
106163
106188
106211
106288
106504
106635
106670
106685
106687
106703
106814
106848
106869
106870
106925
107093
107193
107260
107445
107545
107646
107647
107951
107963
108079
108206
108341
108708
108713
108725
108726
108783
108852
108965
108975
109040
109088
109126
109134
109234
109253
109297
109302
109305
109462
109469
109504
109607
109624
109647
109680
109845
109871
109942
110108
110216
110307
110418
110460
110480
110522
110595
110714
110715
111225
111306
111418
111569
111997
112136
112184
112224
112240
112291
112297
112304
112632
113108
113128
113164
113445
113643
113667
113835
113865
113956
113991
114609
114848
115085
115518
115646
115700
116069
116229
116346
116357
117045
117073
117243
117665
117686
117731
117863
118084
118348
118455
118492
118508
118509
118587
118652
118789
118813
118979
119105
119212
119300
119325
119404
119422
119704
120712
120929
121140
121312
121334
121338
121418
121557
121579
121753
121842
121928
122247
122406
122546
122704
122730
122747
122844
123043
123095
123396
123473
123703
123808
123839
123887
123896
123924
123992
124167
124469
124608
124666
124814
124952
125057
125112
125238
125455
126036
126315
126389
126792
127059
127193
127268
127349
127592
127622
127932
128093
128351
128425
128765
129376
129413
129608
129705
129800
129818
129974
129987
130002
130063
130581
130630
130767
130782
130928
131035
131094
131225
131271
131273
131298
131427
131508
131584
131938
132153
132932
133080
133185
133195
133228
133588
133628
133775
134021
134067
134209
134263
134327
134391
134467
134617
134797
134947
134992
135033
135616
135736
135742
135863
135866
135978
136055
136211
136325
136410
136430
136534
136697
136853
137064
137242
137398
137437
137517
137617
137691
137709
137822
137861
137946
138130
138417
138668
138892
139129
139141
139314
139468
139659
139737
139821
139859
139936
140083
140093
140245
140249
140443
140508
140588
140758
140772
140775
140817
141119
141173
141184
141190
141509
141716
141801
141816
141831
141848
141855
141977
141979
141998
142044
142209
142265
142385
142495
142540
142607
142650
142689
143473
143520
143808
144164
144611
144682
144777
144936
145231
145441
145452
145495
145570
145575
146026
146035
146059
146080
146475
146577
146952
147199
147237
147262
147409
147414
147442
147468
147503
147554
147796
148058
148135
148174
148288
148316
148482
148590
148592
148648
148649
148829
148841
149150
149361
149459
149493
149530
149641
149719
149856
149900
149975
150133
150191
150670
150774
150812
150944
151692
151746
152076
152672
152857
152918
153032
153161
153284
153369
153474
153482
153568
153691
153785
153891
153895
154116
154150
154275
154305
154505
154629
154973
154978
155004
155151
155186
155189
155442
155564
155633
155809
155838
155914
156088
156147
156744
156901
156915
157034
157252
157478
157524
157549
157575
157895
157927
158216
158364
158562
158636
158669
158843
159053
159279
159310
159513
159587
159655
159724
159825
159831
160067
160084
160345
160391
160409
160691
160818
160838
160888
160996
160999
161541
161780
162221
162303
162613
163343
163523
163539
163714
163800
163814
164037
164133
164221
164273
164461
164501
164585
164590
164607
164648
164657
164781
164856
164897
165197
165363
165398
165541
165568
165592
165597
165651
165968
166165
166382
166473
166682
166904
166925
167168
167242
167338
167412
167576
167591
167612
167617
167630
167663
167686
167750
167837
167879
167993
168239
168358
168372
168487
168518
168529
168830
168974
168979
169195
169394
169431
169539
169543
169611
169616
169762
169875
169977
170113
170216
170329
170494
170765
170775
170879
170889
171188
171189
171250
171272
171322
171695
172304
172426
172440
172512
172848
172920
173250
173356
173629
173719
173759
173906
173952
174010
174206
174275
174297
174519
174688
174760
174785
175357
175453
175511
175615
175990
176000
176036
176102
176108
176167
176174
176372
176466
176567
176662
176717
176775
176795
176937
176948
177029
177055
177397
177455
177522
177642
177644
177794
178041
178243
178261
178266
178354
178397
178729
178837
178849
178866
179221
179433
179438
180211
180254
180403
180520
180596
180709
180751
180851
180971
181076
181085
181163
181236
181342
181471
181740
181780
181785
181849
182055
182056
182190
182207
182501
182906
183010
183012
183022
183121
183135
183271
183298
183404
183497
183529
183939
183969
183982
184097
184341
184647
184652
184814
184817
185149
185439
185470
185804
185900
186667
186725
186817
186862
186863
186904
186906
186972
187149
187169
187351
187406
187504
187564
187639
187769
187788
187943
188482
188787
188825
188865
188881
188913
188926
189114
189285
189414
189514
189521
189851
190422
190450
190461
190468
190495
190505
190573
190700
190776
191032
191158
191391
191441
191559
191728
191751
191756
192213
192252
192273
192281
192299
192464
192620
192693
192775
193078
193293
193367
193461
193477
193484
193563
193577
193594
193638
193857
193931
193935
193947
194026
194245
194374
194483
194486
194487
194640
194790
195125
195197
195224
195265
195435
195735
195904
195955
196185
196244
196281
196410
196414
196627
196830
196942
197489
197550
197643
197730
197753
197789
197790
198340
198401
198603
198899
199153
199207
199295
199376
199593
199666
199862
199890
199925
200321
200333
200436
200508
200662
200682
200852
200972
201316
201395
201903
202363
202385
202404
202648
202754
202844
202859
202912
202923
203177
203279
203440
203473
203755
203798
203846
203915
203923
204100
204158
204171
204231
204304
204340
204344
204467
204618
204644
204701
204708
204838
204908
204924
204980
205491
205586
205656
205725
205959
206147
206198
206204
206275
206493
206523
206653
206923
207024
207415
207560
207736
208105
208241
208361
208557
208621
208648
208728
208898
209207
209246
209288
209336
209447
209623
209700
209800
209810
209835
210072
210075
210132
210305
210306
210379
210436
210482
210540
210815
211195
211251
211302
211382
212173
212178
212252
212470
212953
213125
213156
213755
213834
214014
214216
214324
214482
214932
214976
214989
215218
215517
215725
215767
215885
215901
215915
216025
216141
216179
216192
216288
216327
216350
216550
216592
216844
217024
217066
217197
217360
217375
217593
217985
218352
218910
219349
219501
219510
219596
220145
220223
220297
220308
220332
220675
220795
220816
220927
220941
221263
221274
221300
221314
221537
221841
222042
222068
222290
222325
222355
222382
222403
222480
222555
222705
222755
222807
223063
223135
223140
223247
223266
223368
223486
223883
224199
224248
224380
224524
224835
224900
225030
225364
225387
225474
225501
225858
226213
226246
226461
226708
226981
227007
227072
227198
227278
227332
227421
227452
227662
227672
227744
227860
227937
227949
228142
228199
228426
228659
228742
228753
228754
228771
229060
229083
229138
229315
229479
229979
230086
230150
230159
230196
230215
230472
230787
230949
231137
231233
231271
231671
231794
231873
231965
231985
232349
232491
232676
232902
233379
233973
234055
234145
234157
234327
234378
234404
234652
234658
234705
234787
234791
234837
234934
235379
235587
235619
235743
235831
236183
236289
236310
236501
236566
236610
236733
236987
237295
237312
237459
237736
237968
238081
238575
238583
238615
238640
238651
238743
238865
238901
239261
239473
239683
240044
240084
240369
240441
240642
240724
240827
240952
241178
241179
241384
241416
241508
241511
241513
241709
241754
242104
242142
242144
242362
242375
242389
242446
242474
242532
242648
242824
243065
243304
243348
244228
244736
245012
245123
245299
245316
245479
245568
245664
245672
245732
245781
245971
246075
246099
246535
246677
246680
246688
246694
246696
246773
246783
246927
247042
247121
247280
247305
247441
247574
247622
247928
248130
248251
248461
248697
248717
248746
248758
248783
248903
249324
249594
249688
249747
249842
250003
250039
250055
250143
250154
250191
250241
250342
250417
250430
250431
250528
250556
250596
250598
251077
251527
251626
251761
251848
252071
252597
252860
252908
253000
253083
253266
253287
253314
253342
253406
253584
253645
253769
253859
254025
254073
254132
254188
254457
254460
254620
254768
254773
254790
254805
254828
255009
255226
255291
255358
255391
255480
255603
255649
255805
256046
256438
256583
256607
256838
257127
257163
257167
257254
257382
257451
257666
257868
258221
258519
258544
258668
258688
258809
258889
258937
259003
259518
259525
259533
259564
259598
259625
259786
260187
260497
260516
260660
260805
260911
261150
261240
261332
261442
261625
261828
261870
262158
262526
262746
262834
262977
263236
263237
263392
263401
263406
263473
263891
264046
264148
264341
264408
264522
264576
264831
264918
265760
265904
266048
266080
266176
266254
266467
266596
266665
266675
266900
267249
267348
267465
267693
267744
267850
268029
268033
268355
268393
268408
268416
268751
268756
268811
268997
269207
269208
269218
269425
269511
269635
269702
269713
269818
269826
270015
270167
270362
270751
270758
270793
270904
270950
271224
271395
271454
271511
271832
271862
271975
272013
272047
272139
272523
272809
272832
272961
272985
273186
273238
273709
273755
273862
273914
273950
273992
274145
274159
274201
274208
274714
274760
274861
274936
275064
275258
275264
275525
275754
275774
275806
275820
275873
276021
276302
276686
276772
276820
277129
277200
277309
277810
277976
278020
278050
278081
278231
