26
303
371
458
518
572
578
590
621
904
925
967
1077
1109
1219
1285
1603
1678
1731
1901
1970
1979
2032
2115
2129
2172
2211
2251
2838
3021
3222
3254
3292
3296
3310
3459
3701
3865
3876
3954
3983
3999
4168
4169
4245
4328
4392
4946
5009
5137
5315
5431
5454
5644
5651
5658
5670
5713
5799
5820
5864
5921
5989
6035
6361
6375
6455
6500
6540
6545
6597
6753
6797
6854
7079
7129
7193
7326
7360
7411
7434
7454
7497
7620
7648
7824
7935
8019
8026
8051
8093
8194
8218
8440
8443
8648
8750
8955
8967
8986
8988
9065
9158
9477
9500
9628
9753
9758
9799
9818
10018
10148
10242
10281
10306
10334
10384
10436
10583
10613
10624
10766
10846
11027
11045
11081
11145
11346
11361
11518
11565
11738
11828
12038
12041
12049
12072
12138
12290
12395
12476
12614
12633
12670
12694
12751
12762
12814
12880
12989
13009
13016
13030
13099
13189
13204
13216
13464
13516
13520
13523
13622
13643
13765
13811
13816
13846
13864
13868
14100
14118
14190
14652
14930
14953
15001
15110
15333
15403
15440
15613
15615
15839
16028
16162
16319
16521
16543
16559
16564
16637
16807
16835
16881
16886
17000
17120
17389
17860
17977
18175
18604
18697
18742
18857
18920
18928
18938
18945
18999
19138
19147
19218
19303
19326
19551
19592
19631
19662
19890
19893
19914
19961
19997
20049
20059
20079
20281
20390
20395
20445
20629
20763
20765
20766
20800
20809
20851
20858
20960
21027
21030
21269
21320
21367
21392
21418
21423
21567
21597
21642
21678
21809
21837
21888
21905
22004
22221
22359
22610
22669
22685
22927
22946
23124
23182
23211
23223
23368
23433
23468
23583
23587
23639
23653
23677
23743
23764
23808
23893
23994
24110
24159
24191
24195
24299
24309
24330
24469
24481
24770
24817
24823
24852
24868
25514
25637
25638
25727
25864
25866
25941
25986
26102
26168
26184
26186
26220
26267
26420
26584
26853
26856
27038
27049
27142
27362
27484
27520
27718
27860
27900
27996
28073
28119
28132
28159
28170
28308
28310
28317
28327
28340
28398
28581
28689
28750
28777
28924
28967
29009
29046
29167
29233
29277
29306
29464
29465
29470
29479
29485
29619
29839
29929
30016
30154
30385
30402
30477
30626
30645
30752
30773
30895
30928
30963
30965
30967
31032
31337
31464
31523
31676
31693
31694
31734
31737
31746
31845
31893
31974
31992
32003
32103
32113
32249
32436
32642
32677
32861
33011
33042
33053
33131
33189
33220
33246
33304
33636
33644
33745
33768
33781
33789
33827
33893
33953
34035
34178
34205
34219
34304
34386
34438
34795
34861
34975
35105
35235
35325
35386
35395
35426
35439
35449
35482
35599
35602
35611
35639
35694
35728
35895
35937
35979
35989
35997
36009
36016
36030
36099
36220
36238
36276
36287
36457
36728
36752
36759
36816
36876
36889
36945
36961
37184
37505
37653
37684
37694
37732
37759
37807
37827
37831
37970
38030
38300
38307
38376
38387
38404
38489
38625
38632
38699
39028
39124
39249
39503
39752
39808
39942
39953
39998
40026
40300
40301
40438
40448
40600
40691
40779
40783
40788
40846
40854
40901
40996
41018
41027
41062
41309
41383
41400
41492
41579
41608
41650
41656
41823
41827
41868
42053
42251
42287
42507
42601
42619
42733
42749
42788
42789
42796
42800
42839
43073
43104
43149
43181
43312
43358
43466
43737
43754
43834
43862
43865
43893
44073
44225
44302
44309
44318
44332
44384
44478
44500
44600
44612
44615
44633
44748
44842
44847
44862
44890
44913
44914
44990
45039
45172
45266
45336
45489
45579
45616
45782
45806
45860
45969
46078
46572
46872
46952
47032
47066
47082
47145
47169
47206
47357
47432
47440
47474
47584
47629
47681
47870
48171
48298
48345
48351
48783
48837
48898
48958
49106
49189
49276
49422
49455
49462
49482
49514
49835
49906
50006
50085
50122
50148
50226
50318
50340
50419
50431
50484
50504
50506
50586
50635
50661
50802
50805
50901
50983
50998
51283
51320
51364
51373
51476
51679
51722
51723
51749
51815
51850
51860
52106
52117
52188
52198
52209
52251
52417
52423
52432
52736
52789
52808
52841
52856
52908
52909
52968
52979
53038
53124
53182
53301
53302
53593
53793
53825
53941
53988
54048
54108
54178
54205
54217
54218
54244
54271
54287
54328
54343
54420
54453
54467
54574
54600
54674
54812
54870
54982
55018
55219
55224
55316
55457
55466
55493
55599
55660
55726
55809
55844
55943
55970
56126
56160
56175
56205
56298
56458
56573
56675
56786
56811
56901
56904
56931
57064
57197
57226
57256
57424
57462
57510
57574
57625
57634
57654
57794
57851
57875
57926
57979
58154
58236
58245
58272
58281
58340
58341
58356
58366
58373
58509
58578
58654
58767
58863
58943
58992
59017
59205
59307
59440
59537
59569
59653
59842
59858
59877
59894
59952
59955
59985
60006
60040
60041
60045
60183
60233
60264
60350
60450
60577
60595
60604
60622
60636
60700
60723
60827
60994
61020
61073
61117
61132
61141
61252
61433
61569
61658
61694
61914
62020
62047
62181
62368
62388
62411
62483
62491
62493
62542
62574
62645
62696
62756
62762
62940
63111
63218
63219
63233
63364
63428
63551
63563
63640
63858
63860
63958
63991
64032
64094
64158
64171
64218
64226
64269
64351
64474
64549
64594
64616
64799
64819
64979
64983
64994
65098
65111
65278
65352
65617
65730
65748
65835
65895
65899
65984
66014
66198
66249
66408
66618
66869
66995
67126
67159
67212
67242
67284
67375
67408
67418
67464
67517
67535
67732
67797
67920
67991
68050
68229
68244
68331
68367
68539
68793
68824
68936
68940
69140
69216
69227
69261
69336
69337
69345
69469
69541
69592
69601
69667
69784
69889
69935
70138
70177
70196
70226
70238
70356
70421
70525
70554
70575
70583
70611
70667
70740
70761
70830
70831
70947
70960
70983
71205
71283
71307
71316
71782
71800
71954
72133
72148
72185
72348
72413
72446
72600
72625
72641
72653
72696
72854
72872
72963
72972
73027
73063
73173
73192
73235
73267
73403
73570
73602
73603
73730
73852
73877
73896
73949
73991
74129
74150
74157
74306
74356
74391
74546
74547
74566
74617
74836
74885
74945
74982
75005
75031
75079
75097
75221
75317
75383
75439
75446
75486
75517
75591
75598
75612
75648
75652
75699
75717
75730
75852
75948
76007
76191
76327
76560
76635
77054
77094
77100
77116
77452
77649
77650
77721
77799
77951
77996
78068
78225
78360
78398
78428
78474
78476
78519
78521
78528
78621
78622
78767
78960
79117
79294
79382
79406
79408
79424
79510
79580
79600
79715
79717
79761
79851
79901
79979
80045
80053
80071
80091
80259
80372
80448
80637
80732
80778
80786
81220
81244
81303
81342
81485
81496
81503
81538
81610
81860
81914
81957
81987
82004
82361
82493
82519
82538
82577
82590
82602
82695
82858
82902
82913
82932
82949
82972
83073
83083
83139
83151
83208
83223
83228
83315
83326
83340
83351
83688
83778
84176
84196
84286
84307
84332
84387
84464
84492
84619
84643
84781
84813
84839
84841
84954
84966
84980
85123
85268
85351
85372
85381
85391
85441
85486
85635
85789
85906
86003
86043
86112
86165
86246
86347
86411
86438
86469
86564
86667
86972
87136
87182
87190
87192
87215
87220
87244
87351
87358
87429
87544
87583
87595
87662
87690
87724
87882
87961
88227
88513
88583
88727
89259
89454
89480
89514
89675
89733
89901
89905
90074
90160
90271
90350
90448
90584
90659
90711
90712
90783
90824
90828
90834
90851
90863
90992
91120
91171
91179
91240
91433
91447
91671
91755
91815
91966
92188
92347
92352
92367
92405
92576
92642
92807
92877
92878
92982
93031
93253
93268
93395
93473
93842
93947
94007
94026
94076
94147
94443
94454
94462
94621
94755
94872
94925
95021
95098
95135
95188
95251
95371
95420
95430
95452
95463
95471
95503
95517
95521
95611
95635
95721
95868
95888
95898
95903
96152
96348
96427
96470
96598
96698
96735
96864
96992
97201
97576
97587
97653
97666
97717
98007
98033
98084
98187
98201
98243
98262
98324
98451
98483
98638
98673
98682
98717
98758
98844
98890
98917
98959
98996
99068
99078
99081
99085
99206
99511
99564
99614
99620
99655
99707
99785
99833
99884
99974
100036
100270
100349
100358
100446
100597
100607
100664
100677
100795
100816
100973
101134
101328
101340
101582
101617
101619
101677
101697
101760
102000
102075
102091
102097
102238
102245
102378
102425
102442
102443
102493
102557
102610
102615
102707
102783
102810
102824
102902
103008
103059
103071
103072
103089
103147
103236
103647
103677
103699
103732
103781
103792
103829
103929
103979
104028
104167
104321
104344
104387
104414
104547
104716
104727
104759
104764
104768
104772
104782
104787
104823
105112
105200
105225
105234
105255
105318
105370
105436
105511
105638
105673
105748
105851
105971
105987
105990
106016
106116
106343
106346
106367
106374
106458
106536
106620
106636
106784
106806
106969
106971
106988
107130
107168
107173
107198
107210
107296
107384
107398
107490
107701
107970
108109
108121
108149
108623
108635
108642
108666
108774
108861
108890
108901
108927
108959
108979
109007
109173
109425
109515
109650
109890
109905
109954
109984
110011
110102
110148
110171
110328
110399
110447
110467
110543
110745
110842
111123
111156
111217
111262
111328
111424
111454
111494
111525
111538
111678
111784
111844
111885
111903
111949
112263
112277
112295
112644
112675
112679
112773
112825
112837
113131
113235
113263
113310
113618
113740
113939
114133
114146
114184
114194
114221
114232
114342
114381
114395
114424
114469
114497
114508
114711
114713
114744
114808
114879
114887
115030
115078
115226
115244
115299
115399
115415
115504
115508
115563
115662
115790
115834
115856
115948
116090
116121
116123
116182
116195
116224
116369
116401
116495
116514
116604
116632
116645
116649
116684
116696
116706
116780
117034
117069
117310
117327
117337
117347
117356
117386
117666
117670
117697
117705
117721
117736
117777
117778
117998
118223
118460
118477
118687
118699
118927
118986
119090
119189
119201
119270
119329
119344
119371
119397
119435
119485
119540
119543
119552
119671
119766
119910
119949
119995
120048
120068
120096
120316
120343
120429
120446
120458
120466
120576
120624
120843
120870
120968
120977
120985
121149
121161
121219
121220
121224
121316
121431
121466
121478
121568
121580
121605
121717
121816
121821
121823
121864
121980
122123
122147
122154
122239
122263
122401
122581
122637
122777
122830
122898
123032
123034
123092
123096
123166
123206
123375
123705
123962
123981
123993
123994
124017
124090
124386
124399
124413
124477
124676
124823
124863
124930
125001
125132
125146
125269
125283
125453
125459
125563
125634
125840
125910
125978
126341
126381
126644
126666
126710
126815
126859
126912
126928
127025
127060
127217
127321
127342
127449
127450
127514
127579
127595
127663
127719
127761
127780
127792
127823
127900
128067
128073
128114
128122
128181
128337
128340
128445
128462
128520
128586
128632
128719
128799
128821
128849
128974
128998
129080
129179
129311
129498
129551
129641
129759
129882
129958
130059
130088
130142
130365
130391
130457
130602
130625
130702
130823
130932
131106
131159
131216
131387
131414
131466
131700
131704
131790
132012
132021
132098
132149
132178
132207
132217
132220
132236
132354
132390
132484
132504
132628
132745
132780
132833
132857
132926
133143
133285
133354
133364
134068
134107
134156
134168
134197
134211
134216
134240
134247
134294
134313
134323
134507
134515
134771
134844
135002
135029
135196
135199
135269
135315
135385
135412
135434
135435
135462
135561
135577
135665
135679
135818
135827
135838
136000
136012
136083
136101
136157
136180
136359
136538
136669
136748
136776
136778
136798
137067
137134
137276
137318
137347
137365
137391
137396
137463
137531
137565
137618
137712
137728
137820
137862
137908
137920
138022
138102
138316
138318
138341
138351
138388
138405
138406
138481
138488
138521
138531
138619
138694
138837
138889
138931
139040
139055
139089
139233
139366
139533
139561
139599
139606
139653
139688
139689
139845
139867
139984
140065
140149
140206
140257
140383
140528
140621
140630
140681
141117
141199
141213
141218
141390
141600
141646
141734
141799
141918
141960
142107
142138
142148
142167
142173
142270
142420
142489
142501
142531
142599
142812
142865
142986
143021
143108
143155
143514
143560
143581
143611
143621
143678
143800
143928
144004
144039
144079
144112
144166
144262
144360
144500
144649
144673
144795
145081
145116
145245
145284
145330
145388
145391
145440
145471
145541
145549
145669
145888
145954
145955
145984
145999
146111
146124
146130
146142
146171
146227
146254
146264
146287
146309
146376
146408
146466
146487
146634
146767
146987
147019
147051
147142
147194
147216
147310
147346
147427
147446
147455
147477
147530
147582
147660
147797
147837
147843
147869
147942
148043
148059
148220
148721
148778
148888
148890
148926
148978
149110
149114
149120
149178
149331
149380
149391
149409
149451
149458
149475
149505
149572
149605
149609
149861
149968
149997
150143
150287
150293
150341
150417
150487
150586
150599
150876
150888
150941
150964
151162
151195
151220
151390
151433
151532
151742
151755
151802
151852
151875
151912
151937
152207
152247
152445
152467
152476
152510
152569
152591
152601
152641
152814
152865
152902
152953
152987
153074
153078
153159
153197
153308
153327
153583
153623
153750
153766
153798
153896
153980
154104
154148
154217
154277
154483
154656
154760
154762
154770
154778
154824
154895
154933
154941
154949
154951
154954
155011
155019
155144
155211
155433
155446
155450
155536
155678
155699
155701
155755
155788
155961
156025
156046
156048
156191
156196
156314
156427
156433
156586
156746
156822
156851
156863
156906
156924
157096
157118
157125
157290
157291
157366
157521
157545
157569
157812
157840
157911
157925
157980
158062
158109
158473
158501
158523
158530
158531
158705
158714
158781
158782
158830
158832
158884
159003
159004
159124
159209
159295
159366
159415
159516
159519
159539
159545
159577
159668
159679
159684
159835
159986
160002
160049
160113
160122
160133
160157
160307
160407
160413
160438
160496
160678
160689
160816
160993
160998
161093
161139
161256
161263
161329
161344
161385
161410
161429
161458
161478
161495
161540
161648
161766
161784
162066
162087
162157
162260
162289
162300
162562
162565
162616
162620
162646
162682
162709
162721
162831
162836
162913
163094
163234
163424
163442
163443
163633
163641
163647
163811
163984
164013
164087
164187
164198
164304
164417
164425
164428
164430
164524
164604
164689
164730
164748
164777
164800
164872
164974
165056
165102
165174
165225
165317
165343
165357
165364
165381
165412
165482
165737
165754
165782
165787
165858
165920
165960
166010
166094
166115
166191
166201
166204
166211
166246
166264
166288
166407
166409
166417
166438
166616
166731
166833
166836
166861
166895
167000
167043
167049
167081
167126
167142
167180
167185
167225
167481
167497
167520
167522
167530
167557
167955
168066
168161
168341
168485
168500
168527
168564
168565
168587
168598
168607
168659
168815
168850
168932
169001
169062
169167
169242
169272
169309
169409
169420
169538
169542
169562
169646
169776
169872
169990
170120
170168
170187
170265
170289
170420
170448
170472
170552
170561
170576
170601
170636
170710
170934
171069
171104
171177
171329
171446
171752
171766
171773
171939
171988
172173
172227
172379
172636
172695
172772
172900
172934
172937
172938
173039
173102
173134
173151
173267
173465
173503
173535
173786
173789
173821
173987
174024
174086
174137
174161
174338
174345
174354
174515
174516
174617
174755
174779
174979
174992
175067
175105
175108
175119
175226
175306
175355
175359
175408
175492
175520
175671
175762
175777
175911
175922
176009
176023
176064
176557
176564
176592
176758
176854
176924
176992
176997
177016
177085
177152
177283
177316
177378
177495
177516
177566
177778
177871
178069
178098
178129
178169
178185
178206
178211
178230
178232
178564
178571
178591
178607
178689
178720
178766
178821
178833
178887
178948
179018
179036
179094
179114
179220
179284
179299
179366
179437
179643
179652
179664
179670
179701
179703
179763
179851
179902
179957
180037
180168
180243
180326
180387
180451
180473
180600
180606
180657
180711
180717
180776
180961
180989
181035
181066
181250
181299
181405
181466
181474
181492
181523
181526
181562
181636
181660
181697
181704
181832
181958
181984
182037
182199
182221
182252
182400
182405
182431
182453
182551
182560
182758
182946
182961
183101
183145
183160
183590
183653
183672
183772
183903
183914
183978
184004
184088
184131
184174
184190
184261
184340
184413
184447
184483
184617
184636
184651
184930
185029
185039
185059
185109
185120
185137
185200
185299
185421
185474
185497
185725
185748
185750
185783
185816
185932
185962
186012
186027
186134
186140
186148
186180
186210
186290
186427
186483
186520
186697
186903
186915
186999
187094
187142
187155
187156
187185
187214
187294
187324
187404
187527
187536
187707
187767
187784
187880
187933
188097
188107
188132
188239
188357
188382
188410
188483
188523
188524
188590
188631
188892
188902
188941
188947
188968
188978
189003
189064
189074
189090
189143
189251
189262
189478
189513
189517
189544
189693
189733
189735
189737
189769
189881
190085
190168
190354
190361
190396
190454
190508
190645
190666
190702
190709
190799
190801
190851
190853
190903
190950
190971
191301
191308
191443
191449
191491
191571
191719
191782
191787
191865
191898
191957
191959
192050
192135
192139
192152
192243
192274
192390
192398
192420
192469
192483
192547
192563
192571
192661
192686
192721
192809
192820
192884
192944
192991
192996
193036
193057
193096
193109
193127
193138
193139
193199
193207
193235
193279
193335
193389
193499
193524
193600
193797
193852
193881
193942
194113
194178
194319
194325
194350
194428
194456
194465
194503
194837
194965
195076
195083
195115
195277
195374
195508
195520
195541
195660
195667
195710
195721
195744
195817
195820
195857
195872
195908
195973
196020
196034
196046
196048
196084
196100
196139
196245
196305
196408
196409
196480
196528
196570
196577
196587
196592
196634
196638
196678
196682
196696
196730
196806
196808
196829
196963
196965
196968
196973
196982
197010
197039
197059
197141
197281
197282
197326
197331
197436
197448
197453
197493
197495
197524
197661
197740
197748
197757
197770
197826
197838
197864
197897
197948
198051
198077
198081
198091
198168
198224
198229
198244
198251
198278
198298
198310
198331
198344
198407
198426
198483
198564
198583
198590
198648
198843
198845
198893
198904
198944
199082
199272
199301
199373
199402
199458
199472
199481
199504
199536
199555
199590
199651
199675
199693
199800
199850
199892
200093
200139
200281
200427
200432
200470
200514
200534
200535
200561
200573
200605
200676
200704
200758
200792
200815
200945
200965
200967
200969
201076
201086
201101
201162
201263
201304
201327
201408
201515
201522
201557
201652
201801
201859
201950
202000
202044
202060
202128
202149
202505
202515
202543
202669
202756
202861
202968
202983
203109
203126
203157
203173
203181
203269
203276
203360
203385
203512
203646
204057
204119
204174
204187
204204
204208
204519
204604
204612
204661
204709
204756
205121
205149
205352
205466
205503
205590
205633
205711
205872
206062
206095
206106
206134
206136
206140
206172
206184
206195
206206
206209
206221
206311
206450
206519
206546
206562
206622
206651
206750
206756
206788
206824
206880
206987
206991
206992
207002
207134
207155
207195
207299
207332
207535
207632
207794
207952
207991
207997
208101
208113
208122
208123
208242
208257
208344
208514
208522
208722
208776
208799
208857
208866
208939
208968
209136
209271
209431
209436
209537
209607
209652
209733
209832
209854
210032
210189
210197
210226
210256
210301
210353
210385
210443
210562
210609
210611
210661
210664
210665
210798
210857
211013
211024
211135
211159
211180
211343
211571
211654
211739
211756
211802
211814
212027
212171
212245
212293
212312
212356
212379
212419
212623
212663
212669
212701
212754
212917
213015
213133
213163
213189
213260
213359
213483
213494
213512
213522
213632
213634
213717
213732
213734
213788
213909
214064
214092
214101
214126
214279
214398
214752
214756
215004
215016
215026
215108
215177
215228
215386
215410
215422
215460
215506
215607
215665
215747
215846
215994
216070
216081
216091
216104
216157
216160
216177
216254
216355
216462
216482
216548
216574
216615
216687
216710
216874
216891
216914
217013
217056
217266
217305
217452
217479
217559
217636
217646
217674
217771
217794
217799
217805
217828
217880
217891
217904
217908
217954
217991
218095
218219
218315
218319
218385
218589
218629
218634
218932
218970
219035
219043
219115
219158
219198
219237
219278
219328
219333
219345
219462
219471
219524
219538
219812
219881
219920
219937
219947
219958
220131
220132
220185
220212
220218
220225
220232
220391
220430
220548
220683
220700
220779
220807
220990
221004
221075
221223
221262
221293
221305
221349
221396
221417
221433
221487
221548
221635
221697
221800
221874
222048
222133
222154
222214
222218
222222
222326
222337
222361
222421
222517
222649
222744
222810
222961
223041
223168
223243
223331
223391
223401
223506
223558
223714
223780
223820
223825
223836
223926
224031
224069
224087
224175
224203
224383
224399
224451
224461
224498
224608
224629
224632
224669
224671
224684
224738
224776
224854
224934
224961
224982
225013
225029
225031
225107
225142
225216
225248
225254
225275
225319
225519
225572
225675
225715
225722
225765
225813
226017
226053
226136
226310
226339
226437
226483
226504
226533
226539
226645
226703
226722
226745
226926
226955
227032
227037
227096
227137
227161
227268
227308
227405
227445
227504
227560
227566
227609
227617
227625
227688
227768
227888
227942
227957
227971
227988
228012
228096
228100
228102
228202
228431
228444
228687
228708
228811
228905
229031
229057
229063
229111
229136
229260
229367
229487
229492
229589
229613
229624
229724
229808
229968
230076
230108
230109
230139
230349
230365
230411
230434
230456
230522
230557
230625
230642
230722
230941
231004
231043
231060
231067
231136
231200
231373
231566
231662
231753
231793
231852
231855
231920
232049
232082
232160
232205
232217
232338
232346
232489
232525
232559
232560
232587
232694
232728
232792
232844
232879
232980
233158
233306
233390
233400
233634
233649
233781
233880
233884
234331
234350
234439
234518
234531
234546
234620
234647
234708
234863
235239
235262
235265
235267
235276
235294
235317
235374
235396
235450
235463
235477
235518
235524
235712
235713
235862
235864
235875
235882
235929
235936
236018
236112
236114
236140
236162
236189
236248
236366
236373
236421
236463
236464
236480
236485
236587
236679
236698
236704
236714
236773
236893
237025
237082
237367
237411
237454
237471
237569
237643
237739
237796
237836
237873
237980
238001
238014
238072
238123
238158
238165
238261
238263
238278
238416
238520
238601
238606
238626
238685
238731
238858
238869
238950
239008
239041
239072
239119
239222
239315
239492
239508
239572
239607
239670
239878
239911
239935
239973
240033
240065
240067
240080
240144
240200
240238
240255
240344
240376
240403
240487
240497
240512
240517
240606
240696
240903
241158
241318
241522
241742
241759
242052
242091
242098
242116
242182
242197
242199
242268
242334
242335
242363
242405
242497
242675
242871
242905
242920
242930
242985
243018
243136
243174
243182
243298
243456
243521
243615
243648
243718
243837
243867
243879
243930
243962
243993
244024
244031
244083
244202
244283
244298
244380
244440
244482
244489
244524
244729
244792
244954
244962
245026
245082
245122
245134
245151
245162
245345
245384
245539
245692
245795
245919
245956
245964
246024
246058
246126
246171
246243
246326
246349
246365
246463
246473
246519
246707
246738
246757
246761
246830
246869
246895
246902
246915
246988
247015
247215
247392
247421
247486
247512
247522
247552
247680
247697
247748
247788
247885
248128
248142
248273
248346
248419
248528
248565
248645
248726
248732
248803
248810
248825
248857
248877
249157
249160
249199
249296
249317
249326
249517
249585
249702
249723
249729
249761
249787
249884
249897
249958
250016
250082
250394
250414
250434
250446
250462
250562
250609
250850
251019
251043
251059
251130
251161
251240
251291
251299
251534
251591
251807
251813
251945
252001
252145
252152
252195
252253
252308
252482
252577
252591
252595
252732
252802
252836
252857
252900
253026
253101
253104
253119
253165
253188
253265
253357
253391
253408
253520
253748
253754
253812
253824
253931
253968
254093
254115
254176
254223
254305
254396
254495
254569
254647
254707
254719
254782
254814
254878
254886
254923
255078
255183
255376
255458
255501
255521
255586
255636
255682
255810
255816
255857
255883
256038
256063
256066
256121
256133
256169
256254
256287
256299
256314
256337
256344
256384
256444
256525
256568
256608
256617
256701
256706
256776
256807
256845
256847
256898
256907
256920
256923
256950
257268
257279
257346
257464
257546
257565
257695
257697
257753
257768
257805
257848
257857
257874
257948
258014
258095
258193
258231
258242
258284
258333
258343
258620
258661
258671
258764
258798
258800
258840
258850
258900
258982
259015
259070
259107
259113
259195
259241
259246
259273
259301
259371
259437
259463
259511
259699
259720
259871
259875
259887
259913
259961
259964
260064
260170
260177
260199
260324
260356
260420
260487
260500
260552
260561
260630
260637
260641
260650
260666
260687
260696
260698
260729
260765
260767
260930
260954
260986
260997
261012
261042
261125
261129
261186
261252
261326
261384
261444
261592
261644
261706
261715
261859
262062
262237
262240
262252
262255
262256
262314
262394
262503
262648
262752
262779
262788
262839
262892
262928
262953
262999
263001
263011
263025
263041
263058
263090
263092
263094
263241
263250
263351
263449
263451
263459
263461
263536
263600
263619
263729
263785
263811
263818
263825
263847
263856
263883
263898
263923
263950
263958
264039
264056
264089
264097
264119
264178
264181
264214
264254
264258
264349
264380
264426
264440
264481
264503
264565
264581
264622
264720
264778
264825
264832
264839
264881
264984
265008
265196
265208
265417
265534
265552
265572
265586
265615
265623
265643
265682
265722
265770
265811
265844
265867
265871
265989
266020
266102
266235
266260
266360
266473
266475
266508
266539
266563
266599
266644
266679
266715
266747
266780
266876
266902
266978
266994
267005
267072
267103
267105
267129
267135
267147
267165
267244
267314
267347
267354
267483
267495
267496
267579
267627
267722
267804
267815
267867
267881
267892
267960
268037
268199
268250
268266
268358
268373
268395
268468
268499
268558
268655
268656
268658
268734
268983
269024
269073
269159
269217
269234
269323
269365
269404
269413
269421
269491
269503
269604
269650
269688
269766
269926
270045
270064
270145
270150
270188
270207
270268
270347
270352
270384
270423
270429
270531
270605
270641
270653
270657
270726
270816
270854
270875
270994
271063
271072
271101
271113
271123
271141
271228
271300
271429
271444
271490
271496
271498
271504
271523
271549
271719
271739
271789
271805
271852
271912
271944
272016
272080
272081
272098
272104
272165
272182
272243
272249
272257
272315
272391
272454
272522
272571
272580
272624
272697
272717
272761
272855
272931
272936
273164
273176
273294
273418
273483
273532
273588
273674
273701
273745
273754
273870
273888
273958
274039
274277
274309
274375
274460
274524
274549
274553
274600
274679
274692
274710
274725
274810
274817
274845
274876
274962
275030
275136
275161
275165
275255
275318
275376
275377
275402
275417
275443
275689
275855
275876
275892
275894
276071
276073
276120
276147
276153
276163
276309
276407
276483
276484
276538
276594
276596
276609
276797
276818
276876
276953
276962
276998
277045
277054
277063
277112
277142
277354
277481
277513
277598
277767
277786
277914
277921
277954
277968
278062
278118
278252
278257
278272
278275
278363
278398
278461
278471
278484
278490
278572
278577
278618
