33
70
129
151
323
338
471
560
602
616
850
939
1059
1060
1127
1146
1184
1624
1684
1689
1827
1938
1941
1983
2058
2201
2385
2627
2688
2735
2780
2796
3094
3250
3286
3289
3356
3442
3479
3658
3673
3752
3990
4019
4031
4037
4068
4181
4199
4231
4459
4537
4559
4573
4691
5061
5180
5201
5321
5457
5595
5757
5871
5879
6049
6107
6519
6673
6738
6850
6976
6999
7092
7143
7266
7278
7422
7630
7707
7802
7865
7922
8005
8016
8043
8052
8339
8362
8613
8639
8748
8825
8855
8878
8923
8924
9100
9170
9325
9354
9358
9392
9938
9957
9996
10079
10139
10450
10507
10601
10615
10828
10902
11096
11287
11314
11483
11491
11515
11885
12070
12283
12469
12491
12536
12575
12678
12761
12820
12978
13166
13231
13268
13402
13456
13566
13717
13860
14117
14345
14366
14410
14564
14685
14784
14876
14920
15048
15067
15079
15124
15159
15256
15295
15352
15502
15728
15754
15774
16104
16161
16282
16295
16353
16441
16578
16633
16883
16894
17029
17125
17386
17436
17496
17655
17712
17729
17749
17946
18084
18142
18144
18329
18438
18558
18683
18728
18747
18818
18823
19308
19492
19913
20073
20280
20364
20466
20619
20627
20669
20759
20776
20884
20888
20987
21422
21442
21461
21510
21561
21751
21757
21855
21914
21938
21944
22049
22155
22175
22467
22648
23002
23139
23146
23300
23488
23513
23722
23791
24075
24103
24133
24179
24511
24697
24726
24786
24827
24828
24846
24857
24866
25429
25504
25523
25590
25606
25687
25694
25706
25838
26029
26159
26297
26304
26621
26638
27019
27035
27066
27193
27287
27387
27583
27693
28124
28143
28158
28195
28303
28305
28403
28404
28486
28573
28793
28966
29139
29239
29394
29588
29673
29759
29769
29845
30002
30019
30126
30148
30160
30221
30230
30726
30753
30764
30851
30910
30917
30944
30948
30994
31019
31175
31197
31331
31381
31386
31447
31451
31468
31499
31510
31525
31594
31732
31752
31823
31889
31978
32049
32112
32189
32240
32288
32349
32645
32702
32810
32838
32917
33015
33137
33225
33333
33520
33612
33661
33663
33801
33821
33825
34115
34126
34254
34284
34392
34454
34756
34780
35020
35099
35412
35461
35606
35681
35732
36078
36168
36182
36269
36283
36357
36359
36386
36427
36611
37241
37416
37440
37518
37691
37710
37718
37762
37908
37933
37989
38001
38171
38245
38363
38385
38563
38571
38683
38823
38925
38945
38952
38953
38969
39174
39393
39456
39501
39509
39555
39827
39835
39902
39962
39987
40012
40152
40186
40367
40379
40560
40645
40652
40684
40704
40777
40829
40940
41202
41249
41255
41314
41322
41363
41427
41479
41485
41773
41799
41886
41896
41974
41979
42060
42068
42336
42339
42603
42825
43012
43143
43160
43231
43248
43257
43259
43306
43334
43342
43446
43469
43569
43580
43774
43789
43833
43918
44136
44328
44354
44474
44524
44526
44614
44618
44773
44978
45019
45026
45165
45187
45255
45316
45324
45482
45550
45554
45620
45678
45730
45769
45954
45966
46019
46036
46215
46217
46223
46290
46372
46416
46452
46486
46601
46717
46762
47026
47093
47713
47795
47862
47923
48044
48047
48083
48089
48168
48209
48213
48327
48467
48609
48665
48705
48891
48980
48983
49446
49451
49461
49505
49546
49668
49784
49821
49883
49982
50313
50320
50475
50629
50688
50692
50760
50963
51054
51139
51163
51330
51399
51456
51471
51480
51484
51583
51858
51883
52076
52194
52368
52416
52509
52575
52642
52798
52933
53171
53324
53384
54013
54111
54193
54201
54270
54286
54311
54321
54329
54392
54463
54597
54605
54662
54723
54739
54899
54963
55028
55071
55093
55097
55302
55365
55515
55567
55686
55744
55838
56009
56046
56053
56157
56225
56266
56416
56423
56674
56751
56883
56884
56983
57178
57184
57227
57445
57471
57522
57638
57655
57680
57694
57734
57747
57811
57936
57958
58002
58023
58167
58253
58337
58391
58446
58459
58460
58662
59018
59187
59315
59786
60179
60488
60905
61058
61143
61371
61435
61639
61642
61848
61863
61960
62204
62256
62317
62404
62490
62528
62593
62738
62838
62899
63166
63186
63374
63498
63559
63885
63937
63943
64006
64035
64168
64309
64665
65015
65137
65220
65572
65706
65709
65714
66002
66112
66311
66375
66530
66901
66927
67246
67288
67350
67380
67397
67527
67641
67758
67996
68073
68076
68077
68078
68118
68257
68296
68329
68381
68662
68742
68811
68816
68846
68921
68937
68942
68967
68987
69096
69588
69858
69930
69955
69970
70004
70059
70274
70285
70328
70639
70641
70654
70673
70733
70965
71000
71393
71406
71448
71544
71738
71870
71953
72016
72052
72154
72186
72217
72316
72318
72481
72487
72507
72552
72569
72605
72764
72813
73096
73236
73256
73279
73347
73546
73639
73692
73862
74197
74221
74224
74308
74399
74413
74545
74559
74671
74678
74792
75065
75368
75626
75636
75843
75846
75912
75913
75945
76020
76076
76132
76562
76824
77165
77326
77397
77441
77609
77653
77697
77758
77772
77798
77803
78050
78065
78166
78228
78333
78389
78414
78447
78579
78791
78832
78953
79016
79153
79213
79224
79293
79346
79410
79429
79491
79541
79563
79571
79573
79579
79782
80050
80107
80213
80590
80608
80769
80807
80883
80887
80958
81172
81202
81426
81540
81819
81907
81921
81946
82043
82161
82353
82416
82791
82795
82851
83095
83099
83244
83498
83619
83638
83666
83728
83960
84150
84219
84375
84625
84770
84892
84945
84971
84977
85204
85215
85216
85239
85382
85494
85500
85603
85892
86080
86418
86567
86570
86968
87024
87141
87439
87474
87561
87780
88030
88226
88237
88313
88357
88443
88525
88540
88550
88983
89108
89235
89339
89372
89443
89572
89601
89677
89725
89735
89774
89969
90000
90066
90144
90175
90259
90556
90658
90764
90855
90939
90950
91029
91048
91285
91440
91500
91533
91550
91710
91780
91825
91895
91971
91980
92189
92190
92279
92306
92330
92335
92378
92467
92509
92563
93096
93176
93381
93790
93936
93954
94041
94150
94223
94268
94392
94396
94423
94477
94539
94674
94677
94707
95190
95421
95480
95513
95576
95760
95978
96005
96097
96131
96153
96293
96506
96514
96678
96695
96697
96815
96848
96885
96929
96977
96997
97131
97145
97168
97217
97416
97470
97588
97684
97872
97946
98012
98071
98157
98204
98265
98423
98494
98530
98581
98592
98615
98672
98762
98837
99005
99012
99045
99069
99077
99135
99207
99237
99362
99398
99588
99623
99649
99762
99856
99993
100012
100278
100310
100426
100553
100555
100564
100707
100753
100845
100864
101140
101230
101232
101365
101668
101752
101885
101931
101949
102030
102043
102106
102177
102224
102441
102457
102726
102749
102888
102899
102923
102926
103057
103082
103199
103223
103349
103365
103458
103615
103626
103754
103832
103872
103905
103959
103972
104075
104144
104343
104520
104553
104607
104611
104767
104841
105131
105379
105381
105486
105583
105816
105832
105837
106002
106027
106088
106142
106188
106211
106306
106508
106670
106756
106814
106843
106870
106872
106925
106943
107005
107031
107065
107067
107093
107125
107193
107411
107445
107755
107769
107865
107951
108037
108079
108136
108179
108431
108498
108614
108679
108703
108724
108725
108726
108738
108830
108975
108997
109040
109088
109219
109253
109280
109297
109305
109465
109647
109683
109763
109764
109845
109942
110163
110418
110457
110460
110480
110714
111223
111394
111596
111642
111691
111943
111985
111991
111997
112006
112103
112145
112182
112184
112224
112240
112291
112311
112481
112667
112775
112835
112877
112889
113081
113090
113108
113115
113128
113334
113544
113667
113672
113807
113835
113908
113991
114032
115572
115646
115750
115935
115961
116099
116108
116179
116229
116346
116383
116501
117045
117377
117731
117839
117863
117931
118109
118169
118221
118348
118492
118739
118789
118797
118813
118861
118870
118883
119177
119251
119257
119306
119422
119622
119657
119730
119948
120061
120495
120602
120712
120929
120945
121150
121214
121306
121338
121384
121413
121579
121596
121706
121753
121981
121991
122130
122178
122247
122436
122745
122747
122982
123043
123396
123407
123479
123500
123562
123583
123615
123703
123724
123738
123839
123887
123992
124091
124167
124201
124266
124393
124608
124640
124952
125572
125633
125674
125791
126573
126597
126639
126757
126980
127175
127221
127268
127349
127624
127973
127986
128093
128101
128336
128343
128347
128351
128361
128402
128469
128490
128496
128537
128590
128705
128765
129280
129281
129376
129538
129705
129734
129873
129974
130131
130201
130403
130475
130547
130629
130630
130733
130767
130782
130852
131035
131130
131201
131225
131284
131370
131508
132147
132200
132925
133185
133195
133228
133269
133377
133398
133588
133644
133981
133988
134044
134067
134171
134209
134263
134467
134472
134474
134545
134642
134823
134825
134863
134976
135033
135075
135407
135409
135616
135634
135696
135894
135913
135978
136055
136121
136211
136226
136325
136430
136437
136534
136620
136622
136697
136848
136851
136853
136923
137064
137164
137175
137241
137255
137570
137709
137822
137946
138020
138130
138417
138422
138610
138668
138805
138839
138892
138893
139581
139608
139620
139659
139737
139832
139914
139936
139945
139954
139955
139964
140028
140245
140249
140348
140353
140358
140655
140674
140772
140862
141135
141184
141290
141625
141692
141768
141830
141855
141914
141977
141982
141998
142142
142205
142365
142366
142369
142384
142484
142495
142657
142669
142705
142835
142837
142851
142863
143189
143228
143372
143520
143576
143599
144125
144226
144291
144319
144381
144547
144555
144663
144682
144690
144872
145220
145234
145458
145876
145981
146080
146103
146298
146565
146657
146760
146883
146952
147168
147199
147237
147262
147325
147413
147414
147440
147442
147503
147534
147554
147886
147916
148002
148135
148231
148288
148367
148482
148637
148643
148649
148651
148656
148814
148966
149023
149216
149294
149406
149459
149624
149868
149869
149900
150406
150614
150670
150757
150911
151067
151172
151372
151715
151746
151886
152069
152164
152192
152539
152669
152850
152857
153161
153284
153369
153414
153494
153587
153691
153760
153764
153792
153864
153895
153932
153967
154041
154116
154150
154155
154258
154275
154394
154645
154693
154726
154820
154894
154978
155047
155069
155131
155409
155415
155442
155470
155745
155748
155838
155962
156041
156051
156088
156147
156169
156229
156700
156744
157064
157478
157513
157524
157575
157792
158048
158137
158636
158796
159016
159040
159101
159216
159234
159250
159279
159309
159369
159414
159428
159655
159758
159831
159960
160042
160123
160237
160345
160370
160409
160582
160601
160693
160719
160818
160834
160841
160996
161116
161122
161134
161520
161541
161655
161780
161875
161884
161984
162068
162127
162221
162263
162442
162514
162578
162604
162625
162642
162652
162716
162889
163170
163414
163448
163714
163814
163852
163908
163940
163950
163999
164037
164102
164133
164221
164229
164240
164281
164387
164686
164728
164856
164911
165179
165191
165197
165385
165406
165449
165568
165585
165592
165651
165687
165745
165807
165846
165896
165971
166026
166271
166355
166366
166382
166387
166426
166473
166572
166584
166682
166705
166721
166838
166856
166859
166925
166930
166960
166998
167181
167215
167591
167612
167750
167837
167947
167993
168199
168239
168358
168395
168396
168510
168529
168611
168830
168836
168942
168979
169027
169263
169431
169466
169519
169543
169616
169728
169755
169781
169861
169875
169909
169977
170194
170351
170559
170871
170889
171188
171250
171328
171482
171590
172044
172266
172286
172304
172355
172418
172426
172659
172700
172848
172921
173037
173271
173356
173371
173386
173494
173719
174206
174246
174282
174297
174381
174412
174658
174760
175015
175027
175029
175110
175269
175276
175319
175612
175673
175727
175737
175990
176000
176100
176174
176356
176372
176382
176416
176567
176627
176662
176673
176727
176775
176795
176897
176913
176918
176979
177055
177134
177427
177520
177636
177708
177767
178159
178208
178244
178386
178477
178575
178620
178712
178824
178837
178881
178984
179031
179141
179144
179325
179433
179438
179456
179494
179497
179502
179617
179673
179709
179714
179791
179962
180129
180142
180149
180163
180254
180310
180669
180751
180784
180931
180971
181085
181123
181505
181513
181616
181784
181785
181835
181849
182055
182106
182212
182318
182340
182353
182580
182809
182845
183015
183032
183093
183135
183186
183190
183306
183335
183514
183543
183544
183558
183838
183934
183996
184103
184181
184487
184817
184945
184957
185178
185215
185242
185791
185793
185804
185873
185900
186306
186425
186547
186580
186677
186706
186817
186841
186904
186906
186972
187169
187319
187321
187351
187357
187359
187639
187735
187943
188064
188138
188143
188172
188308
188482
188639
188677
188681
188772
188829
188922
188953
189027
189041
189048
189050
189237
189502
189505
189514
189552
189581
189717
189801
189804
189874
189942
189959
189989
190058
190174
190249
190311
190399
190422
190435
190436
190450
190468
190473
190495
190502
190511
190535
190573
190583
190776
191019
191032
191130
191169
191252
191332
191359
191391
191433
191458
191625
191728
191756
191815
192213
192252
192311
192524
192565
192620
192626
192693
192724
192731
192778
192900
192915
193100
193243
193293
193314
193367
193422
193429
193500
193518
193594
193638
193813
193856
193891
193923
193931
193947
193990
194238
194241
194245
194487
195120
195139
195265
195463
195526
195542
195645
195735
195916
195955
195981
196011
196017
196082
196096
196142
196186
196248
196295
196356
196369
196402
196414
196421
196438
196515
196535
196537
196627
196708
196771
196919
196966
196988
196991
197050
197250
197322
197335
197422
197433
197499
197593
197605
197643
197706
197754
197776
197784
198092
198108
198271
198326
198574
198603
198717
198810
198899
199153
199276
199323
199367
199368
199376
199398
199459
199593
199677
199863
199925
199941
199971
200023
200046
200113
200236
200333
200436
200790
200829
200852
200972
201016
201043
201209
201255
201347
201395
201486
201827
201840
201903
201970
201973
202075
202134
202148
202349
202402
202483
202532
202564
202636
202726
202844
202851
202874
202944
203005
203062
203083
203116
203136
203177
203444
203724
203736
203784
203788
203846
204304
204340
204344
204347
204467
204618
204838
204980
205295
205586
205656
205867
205937
205959
206070
206080
206083
206175
206204
206343
206523
206819
206843
206908
206911
206921
206937
207004
207170
207206
207363
207415
207436
207469
207543
207545
208004
208102
208172
208302
208361
208406
208516
208529
208557
208708
208714
208898
209100
209108
209126
209148
209161
209207
209447
209563
209700
209775
210072
210132
210305
210392
210436
210483
210540
210632
210744
210827
211049
211069
211195
211221
211382
211391
211640
211714
211829
212173
212178
212302
212396
212470
213154
213156
213327
213340
213544
213599
213731
213733
213755
214198
214306
214705
214837
214884
215210
215222
215725
215767
215869
215901
215982
216059
216141
216163
216309
216411
216506
216550
216587
216618
216869
217066
217122
217197
217326
217392
217398
217549
217611
217773
217795
217840
217879
217985
218130
218169
218352
218606
218609
218770
218832
218925
219110
219181
219221
219349
219363
219501
219893
219910
219913
220103
220145
220223
220235
220270
220297
220332
220343
220436
220543
220675
220684
220855
220927
221048
221068
221263
221274
221314
221500
221887
222017
222074
222096
222136
222199
222239
222290
222382
222463
222514
222607
222622
222642
222705
222814
222980
222986
222991
223140
223205
223252
223258
223266
223486
223500
223586
223767
223801
223814
224071
224278
224308
224339
224419
224643
224801
224802
224907
224936
224986
225104
225128
225276
225364
225387
225474
225558
225629
225639
225653
225696
225858
225975
226213
226246
226373
226503
226585
226603
226677
226797
226866
226986
227026
227187
227197
227198
227324
227332
227452
227523
227637
227662
227702
227708
227728
227750
227860
227949
227959
227968
228050
228196
228199
228204
228243
228263
228337
228400
228481
228701
228750
228754
228787
228807
228868
228896
228928
228935
229049
229060
229479
229486
229729
230071
230159
230196
230220
230645
230873
230891
230949
231036
231134
231140
231180
231225
231271
231382
231580
231873
232166
232345
232354
232491
232650
232729
232890
232898
232902
233046
233863
234073
234102
234299
234301
234319
234327
234352
234378
234658
234666
234791
234934
235179
235218
235379
235382
235562
235619
235728
235831
235869
235978
236141
236292
236410
236501
236566
236733
236919
236987
237095
237120
237188
237465
237640
237719
237736
237752
237968
238021
238081
238311
238396
238436
238501
238543
238583
238615
238640
238642
238651
238656
238659
238681
238743
239370
239379
239400
239433
239527
239560
239611
239612
239638
239683
239952
239955
240044
240084
240118
240145
240369
240526
240952
241179
241352
241416
241500
241511
241513
241606
241661
241863
242054
242267
242274
242279
242362
242389
242446
242474
242560
242648
242824
242873
242986
243020
243097
243144
243252
243368
243370
243401
243471
243709
243750
243753
243874
244215
244228
244318
244393
244428
244635
244732
244736
244771
244917
244941
244986
245012
245040
245209
245257
245299
245479
245543
245781
245855
246062
246071
246117
246313
246416
246449
246680
246688
246694
246730
246847
246892
246927
247012
247047
247121
247203
247236
247305
247441
247574
247622
247714
247783
247785
247786
248020
248064
248282
248462
248632
248649
248746
248967
249055
249156
249305
249357
249491
249492
249570
249607
249688
249747
249916
249935
250015
250045
250093
250154
250191
250342
250401
250417
250448
250556
250593
250677
250882
250905
250940
251091
251105
251164
251237
251318
251527
251549
251559
251605
251621
251626
251667
251709
251748
251761
251928
252048
252298
252318
252383
252597
252672
252796
252893
253040
253222
253266
253314
253342
253364
253647
253652
253811
253866
253885
254187
254297
254616
254768
254773
254827
254951
254959
255092
255291
255358
255471
255513
255573
255673
255711
255789
255849
255866
255886
256252
256267
256268
256329
256373
256383
256438
256510
256573
256589
256723
256851
256861
256878
256913
256958
256974
257090
257163
257261
257380
257382
257425
257495
257634
257639
257772
257814
257830
257875
257990
258065
258081
258086
258221
258395
258546
258657
258673
258811
258874
259076
259295
259452
259518
259533
259598
259674
259698
259809
259861
259882
259900
259945
260046
260122
260155
260156
260187
260328
260378
260467
260502
260579
260647
260660
260703
260874
260973
261119
261150
261477
261485
261585
261625
261861
262089
262193
262411
262526
262702
262705
262791
262826
262834
262931
263070
263085
263088
263204
263499
263547
263674
263983
264002
264115
264148
264341
264522
264542
264551
264554
264611
264686
264697
264761
264794
264799
264827
264831
264879
264964
265213
265238
265253
265262
265281
265602
265632
265646
265728
265730
265746
265876
265904
265915
265990
265992
266012
266030
266048
266051
266080
266176
266384
266467
266665
266675
266700
266711
266787
266900
266931
267186
267279
267465
267497
267630
267981
268029
268033
268108
268129
268314
268326
268359
268381
268383
268393
268416
268417
268481
268489
268625
268650
268907
268997
269207
269208
269218
269338
269425
269516
269547
269635
269713
269790
269854
269866
269916
270021
270220
270257
270353
270362
270492
270644
270647
270651
270888
270905
270978
271093
271216
271324
271395
271396
271411
271469
271503
271975
272013
272047
272062
272309
272358
272398
272426
272504
272573
272789
272801
272809
272985
273401
273468
273531
273550
273592
273689
273708
273755
273800
273862
273866
273914
273950
273992
274159
274207
274208
274209
274222
274244
274307
274364
274462
274519
274609
274613
274714
274793
274834
274837
274979
275108
275223
275264
275372
275514
275653
275820
275830
275833
275851
276013
276041
276048
276113
276142
276143
276156
276322
276327
276328
276556
276686
276772
276787
276801
277129
277305
277309
277330
277404
277577
277696
277770
277777
277821
278020
278050
278072
278104
278137
278179
278256
278258
278279
278408
278442
278579
278623
