4
6
79
101
131
161
172
183
221
262
302
308
329
382
459
472
483
488
569
612
625
630
660
663
677
705
713
730
731
751
782
861
886
923
926
945
949
954
968
980
983
988
989
990
998
1017
1020
1028
1040
1045
1057
1086
1089
1136
1137
1143
1149
1156
1185
1189
1239
1250
1319
1321
1334
1374
1387
1407
1470
1487
1491
1500
1529
1530
1558
1566
1570
1575
1576
1647
1659
1682
1683
1708
1728
1738
1768
1771
1802
1807
1847
1850
1860
1865
1883
1886
1911
1914
1929
1943
1954
1977
1994
2002
2081
2083
2122
2136
2146
2174
2176
2188
2231
2307
2324
2336
2341
2458
2467
2483
2494
2513
2530
2557
2575
2613
2620
2623
2694
2705
2713
2727
2806
2841
2845
2880
2889
3010
3057
3063
3106
3109
3119
3126
3158
3161
3164
3180
3195
3201
3207
3211
3304
3327
3330
3335
3353
3357
3397
3416
3418
3419
3445
3463
3481
3494
3504
3518
3537
3548
3614
3621
3624
3646
3656
3676
3725
3738
3744
3757
3761
3782
3785
3797
3807
3826
3901
3903
3913
3921
3930
3935
3946
3963
3971
3994
4044
4058
4070
4087
4099
4100
4103
4107
4129
4166
4184
4189
4215
4269
4295
4325
4362
4411
4425
4468
4511
4518
4540
4541
4600
4660
4717
4788
4815
4833
4865
4869
4884
4901
4927
4945
4981
5008
5028
5095
5135
5146
5153
5163
5181
5223
5241
5244
5254
5255
5273
5298
5324
5393
5400
5402
5425
5556
5630
5637
5641
5677
5698
5706
5742
5743
5746
5770
5789
5810
5827
5831
5857
5930
5969
5974
5979
6001
6029
6090
6117
6136
6197
6248
6257
6264
6267
6274
6281
6291
6312
6313
6316
6347
6355
6376
6392
6453
6456
6506
6512
6515
6537
6566
6607
6616
6625
6632
6657
6663
6729
6733
6773
6804
6821
6833
6841
6849
6852
6869
6872
6883
6915
6927
6945
6973
6974
7007
7033
7091
7117
7123
7144
7155
7158
7180
7215
7217
7275
7290
7367
7372
7395
7417
7431
7480
7487
7503
7520
7591
7593
7614
7616
7632
7634
7640
7668
7705
7713
7717
7725
7733
7757
7794
7816
7819
7829
7866
7910
7925
7972
8077
8105
8119
8125
8135
8196
8199
8251
8355
8387
8409
8420
8425
8427
8437
8464
8488
8506
8510
8533
8561
8567
8581
8604
8620
8667
8672
8746
8774
8807
8815
8817
8818
8824
8850
8856
8860
8941
8943
8991
8994
9008
9049
9054
9108
9123
9144
9155
9159
9161
9163
9194
9246
9255
9357
9373
9439
9463
9485
9522
9535
9575
9577
9579
9654
9658
9671
9683
9696
9700
9714
9721
9730
9752
9784
9809
9840
9883
9901
9912
9915
9919
9937
9941
9955
9976
9995
9998
10000
10003
10016
10058
10075
10116
10141
10147
10151
10168
10182
10188
10201
10244
10293
10295
10302
10413
10444
10457
10471
10482
10536
10544
10545
10566
10571
10574
10576
10592
10605
10616
10619
10648
10655
10656
10659
10670
10671
10697
10764
10780
10825
10883
10899
10923
10941
10961
10963
10972
10978
11035
11044
11066
11200
11233
11331
11335
11417
11434
11475
11476
11501
11508
11528
11536
11559
11606
11652
11661
11720
11723
11815
11818
11835
11898
11960
11976
11985
12018
12047
12089
12113
12139
12156
12161
12172
12178
12212
12233
12245
12246
12254
12314
12327
12329
12361
12407
12443
12474
12478
12577
12592
12609
12638
12703
12711
12732
12733
12747
12765
12772
12774
12783
12786
12792
12794
12824
12825
12829
12840
12916
12924
12925
12927
12931
12950
13013
13058
13096
13130
13141
13161
13167
13194
13202
13240
13248
13252
13257
13259
13291
13346
13387
13389
13391
13404
13458
13470
13508
13522
13550
13557
13572
13577
13614
13649
13668
13694
13711
13722
13758
13761
13797
13812
13813
13832
13870
13871
13872
13903
13931
13946
13947
13948
13949
13959
13969
13974
13984
13996
14019
14084
14129
14149
14154
14168
14196
14227
14231
14238
14259
14278
14283
14311
14342
14343
14369
14381
14420
14447
14448
14453
14463
14542
14575
14577
14583
14613
14625
14634
14643
14682
14728
14736
14771
14818
14911
14928
14978
14982
14998
15025
15041
15045
15055
15061
15062
15069
15140
15177
15184
15197
15199
15200
15212
15239
15240
15248
15253
15262
15267
15275
15283
15286
15287
15288
15293
15324
15424
15495
15504
15547
15560
15564
15579
15585
15593
15597
15617
15620
15621
15642
15697
15737
15742
15750
15804
15837
15905
15931
15947
15973
15978
15992
16095
16113
16176
16241
16253
16302
16367
16369
16373
16404
16412
16502
16507
16536
16540
16585
16591
16592
16593
16611
16626
16653
16664
16700
16707
16721
16724
16826
16828
16831
16850
16900
16902
16955
16990
17008
17023
17024
17081
17123
17174
17187
17216
17257
17318
17333
17337
17369
17406
17434
17477
17533
17579
17608
17625
17627
17638
17646
17695
17735
17741
17818
17849
17912
17917
17930
17936
17980
17991
18015
18040
18066
18072
18118
18192
18213
18291
18298
18312
18347
18382
18428
18446
18483
18494
18504
18515
18581
18633
18657
18684
18755
18762
18786
18801
18820
18832
18838
18844
18848
18850
18872
18912
18978
19004
19030
19045
19101
19152
19181
19194
19221
19306
19310
19364
19385
19392
19424
19453
19561
19572
19599
19619
19669
19670
19681
19692
19716
19777
19794
19802
19809
19811
19821
19839
19869
19875
19905
20046
20060
20061
20081
20088
20113
20142
20173
20201
20203
20206
20219
20220
20222
20237
20238
20251
20330
20333
20336
20386
20415
20437
20440
20449
20467
20482
20489
20500
20542
20547
20578
20596
20623
20667
20682
20685
20686
20692
20775
20781
20794
20807
20814
20820
20834
20894
20969
21059
21082
21097
21117
21129
21208
21252
21301
21317
21364
21386
21408
21411
21449
21454
21467
21468
21507
21598
21609
21664
21688
21708
21767
21812
21822
21827
21828
21884
21894
21898
21899
21900
21927
21975
22131
22143
22191
22255
22270
22272
22273
22285
22311
22326
22341
22364
22395
22426
22446
22509
22801
22807
22808
22809
22899
22984
23006
23117
23125
23176
23183
23193
23195
23234
23240
23250
23274
23297
23310
23325
23366
23389
23392
23456
23541
23604
23628
23636
23682
23701
23709
23713
23724
23734
23748
23749
23768
23841
23843
23852
23866
23903
23912
23952
23956
23962
23966
23970
23993
24021
24049
24095
24100
24155
24181
24186
24210
24227
24367
24380
24382
24400
24420
24443
24462
24467
24499
24546
24570
24635
24667
24674
24679
24684
24689
24699
24730
24764
24803
24812
24958
25004
25007
25026
25182
25183
25215
25241
25255
25287
25320
25360
25380
25404
25417
25488
25495
25496
25505
25511
25582
25601
25611
25660
25671
25684
25718
25754
25756
25817
25856
25876
25890
25912
26100
26177
26283
26288
26320
26331
26332
26345
26355
26463
26483
26500
26504
26516
26535
26551
26554
26593
26596
26604
26653
26661
26680
26724
26739
26753
26774
26781
26825
26838
26897
26908
26970
27052
27060
27078
27101
27145
27205
27222
27256
27363
27367
27411
27447
27458
27471
27474
27497
27530
27561
27613
27644
27656
27666
27688
27697
27703
27707
27725
27726
27735
27739
27761
27787
27815
27826
27829
27882
27889
27920
27925
27956
28077
28126
28150
28172
28173
28189
28194
28263
28287
28323
28348
28374
28382
28393
28413
28430
28445
28457
28461
28490
28494
28501
28543
28551
28582
28591
28616
28637
28665
28676
28690
28740
28770
28780
28802
28811
28828
28868
28904
28921
28931
28993
29003
29019
29043
29068
29074
29099
29120
29133
29154
29163
29202
29208
29213
29219
29383
29389
29416
29458
29496
29498
29524
29549
29566
29626
29632
29643
29724
29753
29755
29765
29814
29875
29970
29993
30045
30074
30121
30124
30170
30174
30180
30201
30205
30231
30241
30250
30258
30308
30322
30327
30340
30357
30360
30381
30386
30404
30433
30522
30556
30588
30594
30637
30668
30673
30686
30705
30729
30732
30743
30748
30757
30763
30778
30811
30843
30855
30863
30866
30894
30908
30931
30942
30951
30966
30986
31016
31022
31029
31033
31062
31069
31091
31140
31196
31211
31258
31279
31330
31338
31339
31362
31372
31416
31423
31439
31456
31459
31500
31508
31518
31534
31537
31549
31555
31569
31602
31607
31628
31635
31671
31692
31759
31767
31768
31769
31781
31796
31838
31841
31847
31851
31863
31886
31887
31899
31917
31933
32005
32037
32073
32086
32111
32169
32170
32184
32220
32246
32266
32271
32277
32278
32285
32296
32299
32308
32328
32361
32362
32410
32476
32486
32490
32530
32531
32534
32536
32550
32578
32586
32629
32638
32652
32659
32713
32728
32773
32789
32809
32819
32892
32978
33006
33010
33069
33163
33165
33203
33234
33241
33255
33271
33274
33278
33289
33294
33299
33303
33308
33356
33369
33394
33425
33429
33455
33460
33466
33490
33559
33560
33577
33601
33616
33623
33634
33656
33659
33816
33820
33863
33874
33902
33917
33929
33930
33931
34001
34015
34020
34034
34090
34193
34201
34223
34255
34258
34301
34306
34327
34355
34361
34414
34418
34426
34458
34473
34494
34516
34555
34557
34586
34587
34591
34614
34625
34748
34751
34762
34770
34771
34788
34791
34810
34818
34848
34866
34872
34882
34901
34905
34907
34921
34931
34939
34953
34977
34995
35002
35008
35009
35012
35016
35034
35036
35038
35068
35103
35156
35157
35160
35173
35285
35312
35321
35340
35365
35408
35428
35448
35490
35566
35598
35630
35637
35638
35670
35722
35726
35753
35769
35784
35798
35811
35874
35944
35970
36045
36092
36100
36110
36132
36139
36161
36164
36178
36257
36263
36289
36316
36334
36461
36522
36543
36567
36640
36658
36677
36686
36753
36770
36771
36781
36857
36904
36987
36998
37028
37072
37084
37090
37186
37188
37192
37197
37217
37240
37253
37291
37298
37330
37414
37442
37453
37460
37506
37513
37522
37523
37530
37587
37594
37605
37612
37652
37703
37744
37752
37767
37776
37837
37840
37847
37898
37935
37938
37961
37977
38012
38015
38019
38050
38085
38093
38094
38142
38166
38172
38180
38188
38204
38242
38246
38258
38262
38265
38276
38279
38332
38350
38370
38384
38388
38417
38425
38437
38442
38450
38473
38475
38477
38480
38491
38505
38523
38530
38569
38590
38606
38644
38656
38659
38669
38673
38766
38772
38773
38843
38853
38885
38895
38906
38979
39014
39017
39033
39054
39057
39078
39112
39115
39129
39157
39167
39175
39179
39180
39183
39200
39211
39223
39224
39254
39263
39267
39280
39291
39297
39300
39311
39331
39334
39344
39350
39432
39434
39436
39450
39461
39470
39476
39486
39490
39495
39518
39531
39540
39556
39560
39576
39584
39625
39627
39684
39688
39695
39717
39720
39721
39742
39781
39823
39831
39872
39890
39910
39933
39938
39950
39982
40018
40054
40067
40068
40076
40082
40148
40182
40203
40214
40237
40266
40279
40294
40347
40359
40362
40370
40371
40415
40421
40427
40444
40473
40505
40516
40550
40554
40570
40589
40590
40601
40719
40766
40787
40795
40824
40859
40869
40904
40926
40930
40991
41084
41116
41137
41148
41151
41153
41177
41183
41197
41200
41209
41224
41227
41242
41246
41341
41374
41398
41420
41440
41469
41471
41491
41507
41575
41588
41634
41639
41664
41676
41709
41726
41754
41774
41803
41972
41980
42031
42032
42080
42185
42201
42233
42246
42263
42276
42348
42400
42431
42443
42444
42455
42490
42502
42524
42538
42547
42610
42620
42633
42657
42720
42731
42742
42791
42834
42854
42902
42931
43069
43115
43140
43151
43220
43225
43284
43326
43339
43340
43350
43363
43367
43370
43389
43414
43468
43482
43573
43581
43587
43599
43602
43626
43636
43645
43653
43711
43741
43777
43814
43828
43830
43861
43895
43919
43975
44034
44037
44079
44115
44128
44129
44132
44139
44145
44202
44222
44271
44277
44289
44345
44359
44371
44378
44416
44422
44461
44470
44517
44527
44532
44564
44611
44641
44644
44715
44734
44818
44820
44821
44853
44869
44878
44892
44902
44904
44937
44942
44958
44959
44977
44984
44986
45032
45035
45044
45163
45198
45220
45233
45273
45315
45346
45348
45368
45413
45443
45444
45445
45455
45459
45473
45478
45490
45563
45673
45719
45721
45723
45726
45728
45733
45741
45772
45776
45795
45808
45859
45866
45925
46040
46097
46107
46112
46120
46141
46165
46179
46186
46230
46231
46269
46279
46307
46310
46322
46332
46341
46344
46362
46368
46376
46384
46398
46407
46413
46430
46483
46518
46591
46644
46646
46671
46683
46703
46768
46801
46830
46831
46835
46836
46868
46937
46938
46955
46997
47058
47063
47073
47075
47137
47161
47244
47245
47334
47335
47356
47453
47459
47472
47473
47485
47490
47503
47536
47558
47609
47618
47620
47656
47667
47726
47793
47804
47814
47826
48006
48072
48092
48097
48117
48173
48177
48195
48234
48319
48359
48368
48374
48403
48409
48422
48436
48518
48546
48551
48569
48613
48627
48654
48658
48660
48663
48682
48688
48689
48738
48752
48766
48824
48841
48846
48849
48875
48890
48892
48899
48905
48931
48955
48978
49012
49013
49023
49027
49058
49097
49118
49125
49128
49138
49139
49143
49187
49188
49225
49237
49251
49266
49272
49289
49320
49335
49406
49423
49444
49468
49490
49538
49552
49569
49580
49583
49590
49624
49653
49658
49660
49722
49754
49782
49846
49865
49888
49904
49954
50024
50042
50043
50076
50079
50084
50115
50180
50205
50252
50256
50284
50309
50310
50327
50381
50398
50432
50433
50443
50477
50610
50631
50649
50658
50672
50718
50740
50776
50780
50787
50829
50857
50890
50945
50953
50965
50992
51028
51032
51040
51062
51100
51114
51147
51156
51223
51225
51248
51249
51314
51333
51355
51387
51396
51505
51561
51562
51563
51593
51619
51646
51647
51662
51676
51726
51732
51738
51741
51752
51761
51800
51856
51859
51898
51927
51949
51952
51971
51994
52011
52013
52030
52144
52244
52256
52296
52415
52419
52422
52430
52431
52555
52561
52570
52571
52580
52586
52605
52628
52639
52686
52700
52706
52712
52735
52985
53005
53066
53099
53104
53112
53128
53130
53181
53265
53279
53291
53299
53310
53339
53359
53435
53587
53615
53625
53740
53751
53779
53807
53809
53837
53840
53856
53920
53923
53924
53935
53946
54008
54027
54060
54116
54120
54164
54202
54208
54258
54263
54273
54280
54304
54336
54355
54401
54480
54536
54539
54540
54545
54567
54577
54587
54610
54641
54753
54772
54773
54779
54793
54802
54916
54937
54960
54965
54974
54975
55010
55032
55055
55064
55065
55068
55072
55080
55108
55126
55218
55238
55248
55263
55281
55311
55355
55397
55418
55436
55534
55557
55575
55578
55594
55606
55647
55650
55703
55732
55775
55778
55796
55857
55895
55936
55964
55995
56002
56022
56051
56076
56082
56090
56102
56146
56149
56159
56180
56188
56189
56200
56226
56272
56336
56388
56448
56478
56487
56497
56519
56522
56526
56540
56604
56606
56613
56629
56631
56638
56647
56669
56688
56710
56711
56712
56719
56906
56946
56961
56971
56984
57019
57048
57075
57089
57116
57123
57169
57182
57233
57249
57255
57267
57273
57340
57354
57358
57399
57416
57439
57444
57460
57506
57530
57531
57542
57558
57582
57595
57623
57635
57639
57650
57663
57666
57720
57739
57752
57765
57777
57856
57857
57879
57887
57946
57992
58011
58027
58069
58080
58112
58121
58124
58139
58144
58179
58199
58205
58231
58237
58241
58264
58290
58367
58377
58378
58401
58403
58404
58421
58436
58506
58597
58602
58608
58628
58657
58684
58713
58762
58779
58841
58885
58886
58924
58975
58981
59008
59028
59054
59055
59095
59184
59359
59416
59456
59561
59613
59624
59650
59659
59669
59670
59728
59742
59758
59784
59787
59813
59819
59822
59885
59910
59932
59968
59976
59988
59993
60023
60024
60077
60082
60119
60144
60153
60156
60162
60200
60212
60217
60247
60248
60249
60250
60256
60274
60297
60316
60340
60353
60365
60377
60400
60470
60509
60522
60523
60529
60639
60643
60646
60674
60710
60726
60743
60749
60786
60788
60792
60800
60829
60830
60864
60886
60958
60980
60998
61042
61078
61112
61115
61195
61221
61222
61228
61289
61315
61366
61461
61498
61522
61527
61561
61582
61627
61630
61646
61654
61667
61683
61697
61698
61712
61743
61777
61780
61814
61835
61870
61886
61963
61983
61995
62008
62019
62035
62053
62057
62111
62129
62130
62171
62201
62210
62215
62220
62221
62243
62291
62299
62312
62445
62504
62509
62533
62552
62567
62579
62636
62654
62695
62736
62749
62758
62767
62769
62770
62775
62800
62813
62859
62866
63009
63034
63089
63106
63120
63157
63199
63244
63288
63362
63398
63405
63454
63487
63500
63536
63540
63569
63570
63573
63600
63611
63620
63668
63681
63693
63695
63697
63714
63746
63752
63763
63771
63788
63848
63919
63929
63931
63946
63955
64001
64013
64047
64072
64089
64114
64142
64163
64164
64215
64216
64241
64294
64301
64302
64306
64310
64395
64404
64405
64437
64445
64454
64479
64488
64491
64506
64511
64515
64534
64537
64574
64576
64581
64586
64592
64596
64612
64644
64651
64659
64661
64700
64837
64848
64858
64869
64950
64952
64966
64969
65001
65006
65009
65034
65085
65102
65132
65135
65166
65173
65176
65189
65219
65239
65247
65253
65314
65348
65386
65404
65472
65473
65483
65508
65559
65561
65563
65571
65575
65594
65595
65666
65727
65787
65854
65868
65870
65907
65948
66020
66047
66054
66061
66074
66108
66110
66183
66190
66210
66248
66285
66298
66315
66317
66353
66370
66409
66432
66444
66478
66480
66501
66532
66542
66637
66672
66682
66687
66693
66700
66711
66738
66818
66831
66971
66988
66989
67109
67110
67115
67158
67205
67210
67213
67217
67225
67226
67233
67252
67257
67263
67285
67349
67385
67447
67457
67469
67472
67479
67486
67539
67594
67598
67620
67670
67686
67701
67708
67720
67736
67810
67816
67823
67828
67835
67871
67875
67898
67972
68029
68043
68060
68104
68119
68121
68167
68184
68220
68221
68250
68277
68298
68336
68350
68377
68390
68392
68420
68436
68497
68507
68576
68599
68632
68673
68700
68714
68778
68780
68785
68789
68791
68799
68813
68815
68877
68890
68917
68971
68984
68997
69026
69035
69063
69097
69113
69116
69119
69161
69192
69238
69243
69244
69250
69262
69269
69288
69316
69357
69375
69411
69416
69418
69430
69433
69450
69480
69491
69532
69587
69594
69641
69652
69663
69677
69757
69762
69768
69851
69857
69959
69983
70003
70018
70026
70076
70096
70104
70116
70120
70161
70175
70192
70194
70239
70241
70271
70330
70366
70432
70487
70496
70508
70609
70666
70708
70715
70725
70726
70739
70768
70792
70812
70867
70876
70884
70887
70918
70946
70964
70971
70994
71024
71050
71085
71175
71184
71192
71213
71219
71244
71246
71266
71279
71408
71492
71508
71538
71547
71604
71618
71633
71638
71672
71684
71696
71866
71874
71883
71888
71891
71897
71902
71920
71944
71951
71967
71977
72025
72027
72058
72066
72073
72074
72090
72094
72125
72171
72179
72268
72282
72293
72322
72341
72379
72540
72563
72609
72664
72770
72839
72864
72925
73007
73021
73115
73116
73121
73146
73152
73184
73188
73194
73204
73219
73222
73237
73284
73289
73300
73326
73393
73407
73413
73428
73476
73485
73518
73530
73544
73552
73576
73610
73667
73707
73721
73724
73725
73735
73763
73766
73777
73804
73806
73816
73822
73890
73914
73986
74015
74115
74121
74124
74147
74173
74195
74203
74214
74219
74249
74262
74263
74268
74317
74347
74376
74446
74467
74498
74519
74520
74568
74597
74653
74672
74690
74700
74780
74788
74855
74868
74892
74906
74912
74915
74926
74947
75055
75098
75150
75156
75164
75178
75196
75197
75199
75216
75218
75219
75294
75297
75309
75311
75326
75374
75384
75423
75429
75456
75474
75485
75521
75523
75533
75552
75555
75574
75575
75637
75643
75659
75671
75676
75693
75698
75739
75740
75958
75979
75986
75989
76053
76078
76080
76095
76100
76160
76171
76209
76241
76281
76300
76351
76388
76404
76417
76431
76455
76457
76486
76496
76500
76514
76538
76605
76632
76646
76663
76727
76774
76813
76818
76822
76826
76828
76833
76842
76846
76889
76991
77000
77016
77031
77099
77102
77108
77109
77110
77118
77187
77192
77197
77216
77231
77276
77375
77382
77386
77392
77406
77410
77421
77423
77439
77446
77640
77675
77679
77687
77742
77782
77785
77786
77802
77806
77880
77941
78013
78016
78032
78046
78058
78120
78123
78145
78157
78164
78176
78182
78194
78227
78256
78264
78266
78326
78352
78362
78390
78415
78446
78456
78461
78481
78503
78504
78514
78548
78617
78653
78708
78715
78718
78741
78744
78805
78826
78835
78838
78898
78902
78973
78981
78982
79005
79013
79026
79041
79052
79084
79121
79144
79150
79160
79194
79195
79209
79237
79279
79318
79358
79394
79420
79473
79501
79537
79604
79631
79690
79727
79746
79748
79751
79759
79762
79801
79832
79845
79846
79892
79894
79910
79939
79986
80001
80022
80025
80070
80088
80095
80139
80160
80191
80236
80252
80267
80297
80335
80360
80402
80404
80441
80443
80447
80458
80475
80484
80497
80498
80505
80526
80596
80605
80668
80678
80701
80758
80762
80772
80818
80855
80867
80873
80899
80904
80926
80948
80949
80955
80959
81000
81013
81023
81030
81044
81054
81111
81112
81114
81125
81139
81143
81157
81183
81186
81194
81207
81250
81287
81293
81336
81343
81351
81374
81400
81412
81429
81436
81444
81477
81562
81615
81620
81639
81659
81672
81679
81686
81734
81738
81749
81847
81910
81956
81961
82037
82076
82113
82133
82215
82229
82235
82238
82258
82259
82263
82276
82288
82318
82335
82356
82393
82444
82461
82491
82499
82500
82501
82606
82610
82659
82692
82705
82709
82732
82768
82835
82903
82918
82919
82966
82992
83007
83044
83115
83120
83152
83212
83234
83235
83239
83245
83248
83281
83283
83301
83316
83374
83440
83492
83517
83520
83563
83590
83614
83627
83631
83643
83673
83696
83732
83761
83766
83773
83811
83824
83825
83863
83864
83869
83900
83932
83945
83961
84019
84128
84180
84184
84203
84211
84214
84218
84233
84261
84262
84290
84323
84324
84395
84434
84491
84494
84556
84587
84616
84627
84632
84640
84644
84676
84705
84778
84779
84797
84803
84826
84865
84869
84874
84886
84900
84904
84936
84949
85011
85085
85145
85146
85168
85177
85182
85193
85196
85201
85212
85241
85249
85289
85295
85352
85355
85363
85451
85455
85459
85462
85481
85491
85495
85499
85523
85528
85605
85645
85664
85730
85750
85804
85848
85885
85921
86045
86051
86093
86115
86119
86144
86203
86278
86286
86323
86337
86343
86345
86380
86410
86440
86514
86517
86559
86618
86629
86640
86641
86651
86654
86663
86682
86690
86692
86697
86713
86714
86738
86763
86773
86788
86836
86942
86945
86949
86976
86981
87001
87012
87023
87044
87083
87106
87164
87177
87207
87261
87264
87297
87299
87405
87407
87604
87658
87708
87730
87755
87767
87769
87828
87845
87847
87884
87902
87905
87935
88026
88029
88033
88055
88056
88085
88086
88111
88172
88192
88208
88224
88228
88239
88260
88275
88303
88334
88335
88347
88421
88425
88446
88539
88555
88559
88569
88576
88624
88642
88646
88655
88726
88732
88736
88739
88776
88852
88856
88861
88886
88889
88905
88939
88941
88943
88947
88954
88967
88971
89003
89004
89013
89033
89057
89079
89105
89107
89171
89173
89278
89297
89331
89333
89351
89387
89406
89409
89417
89427
89435
89442
89495
89545
89564
89569
89584
89602
89611
89640
89662
89702
89703
89722
89741
89746
89753
89801
89906
89918
89933
89953
89989
90001
90008
90038
90076
90077
90081
90104
90131
90143
90181
90199
90204
90227
90261
90309
90315
90331
90349
90396
90418
90486
90505
90532
90549
90675
90704
90761
90778
90789
90821
90822
90850
90891
90908
90957
91010
91035
91089
91121
91208
91267
91272
91289
91290
91303
91315
91334
91338
91369
91382
91400
91421
91507
91565
91572
91606
91758
91774
91867
91874
91879
91880
91979
92006
92021
92070
92111
92218
92234
92252
92258
92275
92308
92314
92333
92354
92381
92382
92395
92435
92440
92473
92484
92490
92501
92521
92577
92589
92602
92608
92624
92649
92650
92655
92658
92661
92680
92696
92705
92713
92725
92735
92740
92763
92781
92815
92841
92870
93016
93084
93108
93114
93132
93166
93168
93208
93227
93228
93239
93280
93377
93412
93438
93459
93460
93478
93489
93512
93537
93560
93584
93591
93612
93648
93680
93704
93707
93731
93735
93749
93762
93764
93795
93797
93817
93847
93851
93861
93872
93882
93895
93996
94025
94044
94080
94126
94128
94140
94170
94190
94211
94212
94214
94228
94254
94259
94273
94288
94354
94412
94433
94486
94512
94524
94544
94563
94573
94597
94623
94632
94637
94642
94651
94668
94703
94774
94780
94781
94811
94862
94866
94875
94878
94894
94901
94909
94910
95008
95030
95043
95049
95058
95060
95069
95128
95136
95147
95158
95172
95178
95243
95276
95294
95300
95321
95351
95355
95411
95425
95492
95545
95557
95566
95622
95631
95656
95661
95713
95724
95786
95804
95811
95812
95850
95863
95880
95891
95907
96015
96024
96088
96115
96252
96255
96256
96286
96291
96315
96336
96353
96371
96405
96407
96434
96478
96530
96539
96545
96560
96563
96612
96657
96679
96687
96721
96732
96734
96750
96775
96781
96805
96817
96830
96835
96926
96965
96970
96999
97003
97004
97050
97062
97075
97088
97109
97116
97161
97221
97255
97265
97334
97339
97349
97365
97413
97467
97578
97598
97599
97622
97629
97650
97660
97672
97716
97779
97823
97854
97902
97916
97940
98024
98036
98058
98078
98108
98126
98147
98164
98191
98228
98241
98246
98260
98368
98369
98419
98442
98445
98460
98480
98501
98507
98522
98578
98623
98666
98674
98687
98726
98732
98784
98791
98848
98870
98920
98922
98928
98929
98939
98949
98973
98984
98999
99035
99113
99116
99131
99136
99168
99263
99287
99308
99322
99340
99346
99353
99369
99433
99455
99484
99515
99516
99532
99536
99540
99557
99617
99648
99671
99673
99682
99683
99745
99784
99792
99800
99834
99836
99844
99848
99858
99874
99882
99886
99903
99944
100007
100013
100032
100073
100088
100089
100098
100125
100183
100191
100199
100222
100233
100237
100259
100261
100288
100292
100293
100326
100366
100379
100482
100512
100544
100579
100610
100620
100633
100643
100658
100672
100739
100745
100801
100852
100861
100889
100938
100943
100954
101018
101021
101071
101109
101113
101161
101178
101192
101197
101215
101236
101246
101255
101307
101323
101324
101356
101375
101379
101385
101386
101388
101406
101419
101464
101473
101481
101486
101585
101605
101618
101665
101685
101720
101753
101823
101826
101839
101840
101883
101898
101900
101905
101942
101992
102001
102038
102066
102084
102098
102121
102134
102136
102183
102194
102197
102225
102246
102250
102251
102253
102286
102289
102302
102324
102371
102418
102434
102445
102450
102455
102463
102480
102517
102522
102526
102546
102555
102672
102680
102688
102718
102728
102772
102792
102822
102838
102844
102846
102861
102930
102939
102957
102961
102965
102991
103003
103029
103096
103122
103133
103140
103167
103173
103189
103206
103207
103222
103237
103280
103282
103319
103341
103342
103362
103404
103448
103457
103470
103479
103484
103495
103517
103545
103552
103561
103571
103588
103635
103644
103669
103680
103688
103692
103818
103843
103871
103881
103898
103904
103921
103925
103958
103967
103977
104024
104041
104059
104072
104097
104098
104115
104118
104142
104154
104183
104187
104210
104224
104260
104264
104318
104350
104396
104430
104443
104463
104483
104510
104516
104523
104571
104595
104629
104633
104659
104710
104745
104763
104783
104788
104865
104920
104933
104942
104988
104991
105040
105050
105074
105080
105088
105163
105174
105184
105199
105230
105231
105281
105316
105350
105378
105392
105394
105430
105448
105451
105608
105616
105630
105660
105671
105681
105715
105745
105746
105785
105843
105855
105861
105882
105886
105905
105926
105968
106020
106025
106032
106185
106230
106245
106273
106281
106286
106300
106335
106345
106361
106386
106426
106453
106472
106482
106496
106509
106510
106526
106540
106552
106569
106574
106580
106633
106640
106711
106802
106816
106817
106896
106955
106965
106974
106983
107026
107032
107033
107035
107069
107113
107121
107122
107149
107150
107152
107238
107297
107299
107318
107332
107333
107371
107372
107401
107414
107422
107425
107432
107434
107442
107467
107483
107513
107556
107579
107588
107651
107655
107672
107699
107706
107751
107774
107805
107836
107861
107869
107876
107934
107946
107959
108006
108032
108072
108100
108148
108160
108184
108203
108298
108361
108418
108451
108481
108504
108511
108520
108648
108655
108664
108678
108717
108736
108743
108749
108785
108888
108905
108948
108961
109004
109048
109070
109075
109085
109094
109104
109141
109175
109224
109238
109256
109311
109333
109341
109342
109351
109368
109369
109377
109399
109428
109439
109441
109442
109471
109476
109482
109485
109531
109534
109563
109564
109566
109576
109606
109630
109639
109640
109705
109707
109750
109773
109802
109831
109850
109902
109918
110004
110033
110195
110206
110221
110237
110320
110331
110349
110358
110473
110477
110500
110526
110589
110598
110606
110608
110617
110651
110658
110672
110741
110743
110819
110851
110871
110939
110940
110950
110968
110973
110978
111002
111020
111034
111038
111044
111047
111089
111093
111148
111159
111168
111172
111176
111200
111211
111243
111254
111280
111363
111380
111385
111437
111450
111457
111499
111537
111563
111578
111584
111586
111602
111609
111615
111633
111654
111665
111676
111698
111764
111834
111859
111862
111908
111910
111938
111978
111980
111996
112025
112031
112037
112065
112066
112078
112108
112128
112134
112153
112159
112186
112213
112219
112250
112253
112274
112279
112335
112402
112410
112415
112417
112426
112452
112469
112512
112551
112649
112659
112662
112664
112678
112681
112724
112734
112739
112770
112771
112793
112805
112830
112836
112838
112841
112842
112866
112868
112891
112899
112910
112913
112974
112981
113039
113042
113079
113210
113315
113324
113325
113336
113337
113383
113386
113399
113402
113410
113427
113481
113507
113510
113516
113539
113545
113549
113569
113598
113611
113617
113620
113692
113695
113718
113730
113777
113794
113813
113830
113894
113928
113938
113950
113970
113992
113999
114016
114037
114061
114077
114083
114150
114157
114181
114196
114198
114199
114202
114211
114241
114248
114318
114334
114351
114356
114363
114378
114392
114394
114472
114484
114526
114542
114563
114564
114566
114575
114597
114630
114631
114639
114664
114668
114677
114683
114760
114806
114885
114891
114905
114908
114920
114983
114984
114986
115062
115071
115080
115125
115195
115199
115203
115229
115262
115268
115285
115286
115291
115297
115314
115319
115325
115332
115388
115534
115540
115544
115577
115609
115616
115622
115632
115692
115696
115740
115809
115821
115841
115863
115865
115890
115895
115917
115944
115960
115966
115968
115978
116040
116065
116086
116124
116132
116175
116184
116187
116192
116202
116226
116234
116253
116281
116291
116328
116333
116341
116358
116399
116433
116459
116463
116476
116517
116566
116593
116634
116650
116680
116695
116793
116807
116822
116835
116885
116911
116913
116951
116975
117002
117007
117013
117025
117043
117055
117085
117090
117123
117134
117168
117169
117175
117215
117267
117269
117272
117293
117307
117332
117342
117366
117370
117398
117403
117444
117449
117462
117490
117491
117534
117576
117579
117591
117593
117596
117597
117604
117671
117688
117719
117761
117780
117850
117852
117900
117901
117905
117918
117934
117941
117945
117962
117967
117971
117980
117981
118010
118050
118057
118059
118083
118087
118097
118100
118124
118154
118203
118321
118331
118404
118412
118415
118418
118468
118470
118546
118551
118570
118591
118646
118655
118660
118738
118749
118752
118773
118783
118786
118798
118828
118829
118856
118857
118869
118898
118908
118938
118949
118987
119027
119032
119066
119108
119213
119219
119220
119223
119241
119253
119260
119281
119284
119290
119331
119384
119385
119395
119402
119407
119434
119444
119460
119514
119539
119546
119596
119598
119609
119628
119644
119649
119697
119708
119747
119782
119794
119810
119811
119835
119865
119882
119902
119950
119963
119964
119971
119997
120001
120018
120070
120106
120181
120208
120220
120236
120248
120297
120311
120366
120375
120377
120442
120447
120490
120510
120513
120520
120545
120559
120582
120591
120634
120774
120793
120888
120924
120927
120949
120952
120958
120998
121016
121023
121032
121052
121058
121073
121075
121087
121093
121100
121153
121179
121186
121191
121198
121259
121281
121362
121380
121423
121434
121441
121481
121504
121530
121539
121555
121610
121616
121617
121619
121658
121689
121802
121808
121812
121814
121817
121824
121830
121866
121871
121882
121885
121891
121904
121905
121906
121935
121944
121970
121986
122024
122025
122124
122190
122204
122208
122218
122228
122244
122282
122284
122317
122399
122432
122454
122457
122459
122504
122577
122589
122590
122596
122618
122676
122680
122695
122716
122742
122752
122756
122762
122825
122848
122858
122892
122895
122926
122932
122970
122973
123057
123071
123137
123191
123232
123259
123273
123331
123386
123584
123665
123686
123709
123764
123770
123772
123774
123790
123792
123845
123846
123857
123861
123867
123881
123916
123918
123973
123983
123984
123988
123989
124022
124122
124154
124173
124233
124254
124334
124341
124366
124436
124490
124545
124577
124599
124602
124636
124652
124853
124882
124903
124950
124964
124965
124980
124988
124996
125029
125070
125075
125086
125106
125109
125130
125178
125184
125237
125247
125254
125265
125290
125292
125299
125331
125403
125439
125449
125479
125481
125503
125512
125531
125542
125544
125583
125599
125600
125602
125621
125628
125643
125684
125719
125785
125804
125819
125833
125841
125844
125884
125914
125966
125970
125974
125975
125992
126058
126064
126074
126137
126165
126172
126214
126216
126246
126249
126274
126280
126320
126321
126331
126359
126396
126507
126511
126546
126611
126650
126653
126655
126671
126684
126723
126725
126761
126768
126776
126778
126781
126852
126867
126872
126873
126899
126915
126916
126922
126925
126964
126981
127010
127015
127038
127078
127130
127150
127169
127176
127186
127235
127275
127332
127352
127353
127363
127379
127468
127469
127471
127472
127590
127593
127613
127632
127681
127715
127753
127769
127788
127800
127818
127829
127841
127876
127882
127940
127950
127952
127959
127967
127994
128000
128004
128006
128011
128035
128055
128100
128102
128109
128150
128159
128188
128201
128203
128263
128270
128285
128288
128353
128378
128384
128437
128466
128532
128561
128563
128588
128589
128604
128616
128620
128662
128690
128694
128751
128786
128808
128825
128829
128843
128858
128907
128945
128966
128980
129010
129039
129067
129077
129106
129177
129197
129248
129353
129358
129369
129375
129387
129390
129391
129403
129423
129425
129430
129469
129489
129527
129535
129577
129591
129595
129629
129673
129684
129712
129721
129725
129819
129820
129821
129834
129838
129843
129856
129876
129885
129910
129919
129968
129983
130055
130099
130108
130139
130155
130159
130208
130227
130256
130285
130287
130344
130360
130367
130375
130402
130415
130418
130420
130454
130499
130505
130536
130562
130573
130575
130599
130618
130626
130655
130673
130716
130734
130740
130772
130776
130793
130826
130835
130846
130858
130938
130957
131019
131021
131062
131103
131132
131136
131144
131158
131200
131205
131211
131218
131230
131252
131268
131377
131397
131442
131452
131457
131467
131586
131612
131620
131631
131634
131637
131646
131693
131712
131736
131741
131812
131820
131821
131853
131859
131893
131902
131908
131920
131931
131986
132015
132050
132056
132059
132193
132204
132205
132206
132209
132254
132277
132281
132295
132296
132358
132402
132451
132458
132476
132509
132521
132576
132600
132615
132648
132671
132726
132743
132775
132786
132790
132793
132796
132836
132849
132896
132939
132989
133003
133032
133101
133139
133158
133171
133173
133175
133193
133256
133302
133317
133331
133333
133336
133352
133361
133368
133370
133383
133393
133419
133420
133422
133448
133453
133455
133475
133497
133511
133514
133534
133545
133546
133555
133585
133603
133616
133618
133736
133749
133750
133771
133773
133803
133841
133867
133868
133896
133937
133940
133965
133973
133975
133980
133990
133994
134101
134122
134148
134200
134233
134318
134397
134407
134461
134462
134464
134468
134499
134503
134526
134546
134581
134653
134672
134681
134686
134691
134727
134758
134784
134798
134858
134871
134898
134899
134914
134932
134968
134989
135005
135028
135053
135069
135087
135096
135147
135185
135209
135216
135234
135268
135304
135376
135446
135459
135499
135502
135566
135580
135584
135606
135626
135631
135650
135652
135663
135668
135671
135763
135768
135776
135808
135809
135823
135857
135862
135918
135930
135931
135936
135943
135971
135974
136009
136034
136038
136070
136078
136087
136096
136131
136144
136148
136187
136209
136222
136271
136295
136296
136301
136304
136305
136351
136389
136446
136483
136490
136499
136545
136569
136613
136649
136661
136675
136696
136766
136783
136784
136788
136791
136792
136807
136822
136823
136824
136844
136855
136859
136896
136922
136935
136962
137019
137051
137052
137086
137091
137137
137145
137168
137170
137171
137177
137258
137261
137268
137275
137280
137281
137289
137299
137322
137333
137363
137381
137401
137428
137436
137446
137471
137486
137512
137543
137549
137563
137574
137579
137582
137588
137597
137598
137600
137620
137630
137631
137658
137692
137730
137764
137769
137777
137781
137789
137797
137801
137806
137866
137896
137985
137988
138012
138027
138065
138157
138187
138193
138196
138200
138233
138309
138323
138353
138386
138434
138500
138555
138573
138603
138624
138630
138634
138695
138707
138724
138729
138790
138794
138798
138806
138821
138835
138853
138856
138869
138870
138895
138900
138906
138951
138984
139029
139036
139042
139061
139068
139104
139106
139109
139113
139131
139135
139140
139144
139177
139211
139231
139252
139292
139329
139342
139351
139416
139458
139515
139520
139557
139578
139691
139700
139756
139768
139777
139782
139811
139814
139835
139838
139843
139880
139904
139920
139975
140094
140106
140141
140158
140161
140163
140167
140175
140201
140256
140269
140299
140377
140379
140384
140462
140484
140488
140503
140538
140551
140568
140593
140602
140615
140620
140717
140722
140788
140792
140803
140804
140843
140849
140866
140873
140874
140876
140950
140957
140974
140989
141100
141136
141178
141179
141188
141200
141267
141343
141354
141402
141433
141437
141455
141481
141482
141491
141493
141508
141537
141556
141563
141571
141576
141578
141601
141719
141748
141773
141787
141829
141885
141889
141895
141907
141957
141965
141973
141978
142021
142068
142069
142070
142082
142092
142112
142161
142253
142259
142278
142323
142325
142404
142415
142434
142510
142596
142602
142603
142621
142640
142642
142644
142648
142652
142666
142679
142688
142717
142739
142740
142756
142765
142804
142845
142846
142871
142886
142892
142901
142904
142917
142929
142975
142997
143009
143014
143031
143110
143143
143147
143184
143195
143215
143227
143247
143253
143264
143305
143312
143375
143384
143390
143400
143413
143437
143440
143441
143445
143539
143548
143596
143598
143602
143605
143610
143643
143653
143664
143671
143688
143690
143710
143714
143756
143783
143798
143969
144020
144034
144041
144044
144050
144077
144080
144081
144115
144124
144128
144159
144193
144257
144301
144304
144316
144325
144367
144388
144442
144448
144488
144502
144509
144530
144546
144562
144578
144589
144606
144614
144667
144688
144692
144706
144722
144783
144801
144870
144890
144894
144930
144953
144980
144992
145048
145064
145095
145097
145123
145147
145157
145173
145180
145181
145196
145198
145235
145278
145303
145339
145348
145447
145472
145481
145510
145516
145519
145527
145591
145612
145616
145703
145712
145715
145736
145738
145754
145756
145760
145815
145816
145825
145838
145842
145849
145852
145923
145928
145947
145970
146002
146005
146011
146041
146073
146113
146120
146134
146174
146194
146195
146207
146208
146210
146228
146241
146248
146258
146263
146330
146374
146404
146437
146447
146458
146530
146531
146536
146546
146571
146574
146592
146613
146643
146655
146762
146765
146796
146861
146868
146876
146884
146892
146894
146900
146905
146913
146916
146923
146956
146960
146966
147002
147028
147056
147061
147072
147087
147104
147157
147190
147192
147198
147212
147271
147282
147315
147332
147333
147412
147415
147429
147453
147471
147495
147571
147592
147641
147655
147658
147679
147721
147726
147742
147757
147760
147773
147785
147787
147790
147794
147807
147813
147814
147845
147911
148004
148018
148109
148116
148142
148143
148144
148152
148215
148235
148241
148263
148265
148270
148272
148331
148379
148380
148396
148425
148433
148445
148458
148466
148478
148480
148497
148508
148546
148558
148565
148601
148603
148609
148617
148644
148655
148663
148670
148687
148696
148735
148740
148771
148774
148780
148782
148823
148854
148860
148879
148921
148976
148979
148981
149011
149022
149025
149035
149066
149113
149136
149137
149241
149249
149255
149264
149290
149337
149372
149386
149394
149415
149472
149486
149523
149532
149535
149538
149562
149570
149636
149684
149743
149808
149809
149818
149828
149834
149870
149901
149913
149927
149929
149938
149940
149962
150010
150038
150040
150053
150060
150075
150077
150084
150097
150122
150138
150139
150162
150256
150257
150280
150298
150312
150326
150384
150400
150444
150515
150537
150563
150615
150620
150622
150628
150656
150744
150766
150830
150842
150843
150854
150860
150867
150877
150880
150899
150907
150908
150939
150954
150958
150991
151010
151040
151045
151051
151061
151085
151088
151123
151142
151143
151176
151192
151193
151200
151235
151242
151276
151279
151299
151307
151308
151314
151324
151341
151346
151353
151354
151395
151406
151430
151434
151447
151448
151465
151471
151487
151500
151553
151557
151573
151579
151590
151593
151596
151613
151624
151661
151666
151672
151700
151702
151721
151766
151800
151804
151821
151844
151846
151870
151883
151919
151975
152016
152035
152105
152121
152132
152139
152144
152163
152171
152242
152255
152273
152306
152319
152356
152371
152386
152391
152410
152421
152435
152470
152523
152526
152547
152556
152561
152572
152573
152574
152584
152594
152607
152650
152652
152654
152655
152660
152680
152691
152692
152699
152736
152740
152743
152751
152758
152792
152818
152823
152907
152909
152967
152974
152980
152989
153007
153049
153073
153083
153121
153126
153131
153177
153217
153221
153234
153250
153255
153261
153264
153293
153345
153376
153384
153433
153473
153507
153517
153543
153549
153555
153608
153613
153636
153643
153653
153659
153662
153665
153692
153707
153714
153725
153730
153735
153748
153772
153790
153846
153855
153875
153894
153905
153908
153923
153940
153958
153983
153986
154004
154033
154051
154060
154070
154073
154083
154101
154164
154180
154227
154246
154265
154308
154371
154373
154378
154413
154418
154448
154459
154465
154504
154516
154520
154545
154547
154566
154587
154659
154660
154670
154677
154679
154690
154716
154733
154790
154796
154803
154807
154840
154873
154889
154916
154940
155007
155034
155043
155053
155124
155156
155166
155265
155284
155317
155335
155349
155350
155386
155430
155465
155471
155491
155508
155577
155619
155624
155680
155693
155707
155713
155813
155876
155886
155898
155908
155952
155960
155968
155973
155979
156014
156019
156022
156069
156083
156087
156094
156105
156117
156165
156188
156214
156369
156395
156400
156402
156403
156419
156423
156436
156500
156631
156652
156670
156707
156732
156734
156735
156762
156802
156821
156830
156856
156860
156864
156874
156912
157057
157063
157076
157115
157121
157127
157163
157202
157220
157235
157257
157264
157272
157350
157360
157375
157379
157390
157395
157469
157494
157496
157519
157533
157535
157546
157559
157561
157609
157622
157665
157670
157679
157692
157693
157698
157749
157765
157806
157830
157842
157861
157863
157945
157947
157964
157982
158012
158023
158049
158053
158067
158091
158092
158103
158104
158130
158141
158150
158209
158242
158255
158256
158281
158282
158286
158290
158306
158322
158382
158401
158410
158420
158474
158493
158509
158515
158528
158535
158599
158622
158674
158717
158728
158729
158753
158801
158837
158906
158921
158923
159035
159099
159100
159123
159129
159136
159148
159195
159222
159240
159241
159291
159320
159334
159336
159342
159349
159365
159378
159418
159419
159422
159542
159559
159582
159596
159648
159660
159709
159714
159726
159728
159729
159731
159760
159774
159781
159786
159789
159803
159804
159874
159886
159923
160091
160219
160295
160309
160468
160474
160485
160513
160575
160625
160627
160630
160643
160662
160696
160722
160742
160750
160774
160778
160828
160836
160861
160868
160874
160892
160963
160972
160983
161007
161019
161021
161032
161051
161054
161119
161132
161160
161176
161257
161270
161277
161345
161359
161365
161381
161455
161469
161472
161477
161505
161529
161535
161536
161566
161608
161635
161664
161678
161703
161734
161818
161861
161892
161915
161917
161957
161978
162027
162055
162061
162075
162097
162104
162150
162159
162306
162311
162314
162338
162344
162354
162410
162426
162465
162523
162527
162554
162559
162567
162574
162603
162629
162639
162663
162693
162694
162701
162703
162747
162763
162785
162792
162815
162850
162855
162857
162873
162893
162902
162916
162921
162952
162983
163007
163016
163051
163055
163085
163087
163120
163125
163134
163231
163252
163274
163284
163298
163306
163332
163408
163466
163507
163531
163546
163598
163636
163643
163651
163653
163715
163742
163758
163774
163799
163873
163883
163886
163892
163896
163921
163937
163953
163959
163961
163973
163978
164008
164017
164115
164124
164138
164143
164148
164182
164259
164305
164358
164367
164403
164413
164415
164416
164419
164433
164436
164438
164456
164463
164475
164513
164528
164536
164550
164553
164571
164576
164593
164596
164649
164660
164672
164675
164684
164700
164705
164709
164711
164720
164736
164737
164739
164765
164776
164786
164842
164874
164882
164892
164954
164959
164991
165001
165009
165018
165034
165035
165079
165108
165133
165148
165151
165167
165171
165193
165219
165222
165230
165257
165264
165280
165338
165356
165380
165389
165417
165420
165435
165447
165490
165508
165511
165515
165520
165550
165554
165569
165570
165601
165609
165632
165701
165708
165749
165860
165866
165929
165946
165959
165974
165989
166001
166034
166051
166059
166066
166082
166084
166102
166150
166152
166178
166182
166206
166208
166210
166229
166262
166272
166279
166283
166301
166338
166347
166357
166368
166374
166389
166394
166421
166423
166427
166430
166431
166483
166496
166513
166532
166543
166546
166558
166559
166594
166600
166605
166613
166644
166689
166697
166748
166765
166789
166841
166854
166871
166945
166947
166949
166983
167013
167015
167026
167042
167072
167088
167094
167136
167137
167172
167214
167227
167237
167247
167251
167281
167313
167317
167326
167342
167353
167411
167426
167525
167536
167554
167577
167580
167588
167622
167646
167648
167675
167694
167728
167742
167754
167804
167838
167857
167872
167924
167957
167972
167976
168002
168020
168043
168069
168108
168128
168192
168209
168211
168279
168293
168296
168322
168353
168366
168368
168488
168490
168522
168533
168543
168570
168574
168590
168621
168639
168647
168656
168665
168672
168742
168746
168763
168821
168827
168843
168851
168852
168865
168873
168919
168940
168963
168982
169063
169068
169117
169121
169144
169145
169149
169158
169238
169253
169288
169311
169321
169333
169336
169337
169365
169376
169389
169399
169430
169436
169438
169464
169472
169508
169515
169557
169583
169584
169615
169620
169621
169664
169667
169696
169722
169754
169785
169786
169796
169806
169812
169818
169846
169848
169860
169864
169867
169868
169873
169890
169902
169941
170007
170015
170041
170042
170060
170105
170129
170133
170139
170173
170174
170232
170259
170267
170297
170306
170320
170411
170426
170429
170465
170481
170493
170554
170565
170586
170665
170705
170709
170737
170744
170757
170764
170910
170946
170966
171004
171023
171052
171138
171179
171181
171248
171288
171315
171320
171342
171360
171364
171374
171391
171392
171400
171419
171448
171449
171489
171491
171517
171537
171567
171575
171599
171603
171620
171709
171711
171740
171759
171830
171880
171903
171919
172064
172128
172129
172133
172134
172188
172204
172262
172291
172294
172308
172340
172342
172347
172435
172460
172476
172478
172491
172493
172518
172546
172567
172581
172585
172677
172708
172715
172720
172727
172765
172777
172793
172796
172850
172863
172878
172898
172932
172935
172944
172954
172965
172979
173010
173041
173142
173191
173209
173235
173243
173244
173256
173286
173294
173318
173332
173344
173358
173365
173406
173408
173427
173446
173481
173499
173511
173527
173529
173534
173552
173554
173591
173643
173654
173665
173751
173791
173812
173826
173890
173897
173959
173989
174033
174035
174058
174071
174082
174103
174114
174116
174125
174138
174158
174180
174201
174213
174265
174280
174310
174340
174351
174375
174393
174396
174443
174460
174461
174526
174534
174577
174586
174590
174640
174677
174679
174691
174699
174744
174784
174815
174844
174864
174868
174896
174912
174914
174924
174935
174948
174967
174970
174974
175000
175009
175013
175033
175047
175062
175066
175079
175142
175143
175168
175215
175222
175262
175265
175284
175296
175318
175372
175374
175401
175437
175478
175497
175533
175540
175562
175596
175637
175645
175647
175682
175704
175712
175731
175742
175756
175782
175789
175825
175836
175871
175905
175927
175938
176002
176004
176051
176054
176058
176090
176123
176245
176263
176359
176364
176383
176393
176441
176560
176584
176668
176768
176776
176782
176807
176814
176882
176889
176916
177009
177038
177104
177133
177209
177215
177230
177309
177310
177319
177324
177326
177328
177358
177368
177381
177433
177461
177491
177492
177524
177555
177559
177569
177603
177604
177635
177647
177649
177660
177666
177672
177694
177732
177735
177738
177744
177821
177870
177890
177935
177937
177979
177998
178016
178022
178117
178144
178171
178179
178195
178228
178241
178288
178293
178311
178332
178383
178407
178413
178416
178452
178454
178474
178483
178486
178516
178517
178522
178546
178596
178597
178643
178649
178659
178675
178752
178832
178835
178868
178913
178950
178971
178997
179151
179160
179165
179168
179174
179183
179191
179195
179198
179213
179239
179274
179312
179315
179380
179402
179415
179418
179422
179533
179534
179537
179557
179563
179574
179590
179599
179618
179647
179651
179662
179680
179683
179691
179692
179705
179753
179754
179759
179768
179772
179824
179872
179890
179919
179941
179969
179977
179994
179997
180009
180010
180014
180031
180088
180143
180151
180155
180171
180191
180194
180210
180227
180234
180255
180285
180292
180315
180329
180365
180400
180447
180510
180518
180533
180549
180550
180551
180573
180603
180612
180663
180689
180700
180725
180758
180759
180766
180772
180790
180795
180810
180817
180846
180883
180892
180896
180913
180917
180952
180958
180993
180996
181013
181043
181133
181140
181188
181223
181310
181313
181321
181346
181347
181361
181380
181448
181449
181463
181469
181477
181479
181481
181530
181537
181542
181573
181576
181577
181586
181608
181637
181658
181760
181799
181819
181826
181833
181838
181860
181903
181905
181916
181949
181952
181982
181994
182013
182017
182048
182077
182102
182114
182126
182146
182165
182181
182195
182205
182224
182265
182286
182287
182312
182383
182425
182451
182494
182507
182512
182541
182556
182557
182590
182595
182635
182654
182683
182698
182701
182718
182789
182803
182804
182827
182834
182881
182893
182912
182934
183016
183029
183076
183166
183173
183176
183232
183237
183249
183286
183312
183322
183339
183341
183347
183363
183381
183383
183416
183428
183476
183516
183519
183566
183579
183588
183605
183628
183629
183631
183660
183663
183680
183783
183784
183794
183795
183806
183991
184000
184010
184016
184079
184114
184117
184124
184132
184138
184142
184154
184172
184195
184219
184238
184266
184269
184282
184310
184333
184416
184452
184472
184479
184495
184513
184520
184527
184554
184592
184599
184629
184644
184645
184656
184686
184725
184726
184808
184819
184839
184843
184850
184940
184946
184965
184967
185033
185036
185049
185093
185106
185114
185129
185131
185150
185173
185174
185175
185223
185246
185290
185303
185332
185344
185365
185410
185425
185435
185451
185462
185463
185496
185509
185530
185553
185559
185605
185615
185646
185660
185671
185717
185769
185807
185808
185858
185866
185869
185894
185895
185921
185923
185924
185933
185954
185960
185966
185992
186017
186043
186052
186055
186081
186102
186111
186136
186177
186207
186220
186238
186262
186285
186296
186310
186350
186353
186407
186410
186412
186422
186430
186431
186434
186457
186471
186485
186495
186515
186529
186530
186591
186603
186618
186623
186651
186659
186662
186673
186679
186693
186700
186702
186727
186839
186878
186910
186932
186953
186966
186977
186995
187079
187120
187131
187140
187143
187157
187162
187181
187192
187221
187227
187246
187259
187310
187338
187352
187360
187372
187395
187420
187423
187457
187524
187546
187558
187565
187570
187584
187602
187638
187641
187668
187687
187689
187695
187702
187716
187725
187745
187754
187762
187763
187802
187806
187866
187875
187893
187969
187976
187978
188005
188006
188015
188016
188026
188148
188152
188159
188162
188165
188179
188181
188185
188192
188209
188251
188257
188267
188275
188281
188289
188340
188395
188399
188402
188427
188518
188553
188558
188599
188602
188628
188633
188664
188709
188738
188748
188785
188790
188800
188827
188832
188845
188851
188855
188859
188880
188919
188966
188988
189002
189028
189034
189056
189071
189092
189098
189144
189148
189153
189154
189160
189162
189168
189183
189184
189192
189198
189204
189221
189230
189271
189282
189286
189296
189304
189317
189344
189361
189455
189456
189457
189463
189481
189490
189499
189516
189532
189543
189617
189623
189662
189671
189708
189710
189727
189747
189756
189760
189765
189770
189785
189793
189833
189843
189901
189914
189924
189961
189982
190015
190042
190055
190061
190069
190078
190082
190105
190138
190139
190143
190148
190162
190187
190206
190258
190272
190290
190295
190309
190310
190340
190342
190355
190382
190393
190400
190437
190446
190513
190536
190543
190548
190565
190567
190605
190607
190667
190673
190692
190695
190804
190809
190825
190857
190893
190966
190975
190978
190981
190987
190995
190999
191023
191047
191049
191053
191069
191074
191079
191125
191128
191146
191149
191151
191183
191191
191211
191237
191243
191254
191259
191265
191281
191314
191345
191362
191363
191371
191411
191467
191470
191495
191499
191555
191610
191641
191669
191683
191759
191771
191797
191854
191887
191920
191939
191948
191967
191982
191998
192026
192033
192035
192051
192113
192128
192131
192224
192229
192256
192295
192442
192452
192472
192486
192556
192560
192568
192625
192647
192662
192690
192736
192783
192801
192823
192883
192886
192984
193031
193034
193053
193077
193102
193105
193159
193162
193210
193225
193233
193234
193350
193355
193397
193413
193417
193423
193440
193497
193498
193502
193530
193542
193555
193634
193664
193667
193673
193681
193685
193735
193764
193767
193773
193800
193818
193820
193944
194003
194063
194119
194121
194125
194129
194130
194196
194252
194264
194287
194326
194341
194343
194349
194379
194380
194388
194397
194450
194455
194458
194461
194462
194505
194507
194514
194515
194531
194535
194538
194572
194624
194753
194756
194978
195038
195062
195070
195079
195097
195102
195112
195165
195167
195168
195180
195182
195187
195201
195204
195222
195223
195225
195238
195302
195305
195329
195380
195381
195384
195397
195402
195429
195436
195469
195472
195550
195565
195608
195654
195655
195711
195749
195768
195793
195897
195925
195927
195934
195940
195945
195950
196023
196039
196040
196053
196060
196070
196075
196077
196095
196108
196112
196117
196155
196191
196192
196219
196235
196252
196264
196296
196311
196332
196366
196372
196452
196463
196473
196479
196492
196505
196517
196524
196534
196546
196554
196601
196631
196639
196652
196695
196705
196711
196794
196819
196826
196851
196878
196888
196902
196904
196928
196929
196941
196944
196998
197014
197030
197038
197055
197100
197107
197110
197136
197143
197169
197186
197210
197218
197220
197251
197312
197337
197364
197368
197372
197377
197378
197384
197393
197399
197409
197434
197441
197461
197504
197514
197518
197548
197574
197613
197625
197629
197640
197650
197660
197663
197666
197667
197677
197695
197708
197724
197752
197763
197797
197813
197815
197827
197833
197862
197868
197882
197883
197885
197984
197985
198073
198078
198089
198119
198145
198150
198182
198196
198215
198262
198290
198322
198338
198347
198372
198386
198437
198445
198478
198494
198496
198499
198526
198529
198558
198605
198627
198652
198674
198692
198698
198703
198712
198734
198772
198776
198781
198793
198873
198900
198901
198984
199006
199053
199062
199101
199102
199155
199177
199191
199214
199235
199244
199278
199306
199391
199393
199417
199430
199434
199491
199501
199526
199574
199575
199609
199642
199652
199658
199682
199697
199734
199743
199784
199801
199846
199882
199916
199931
199983
200030
200035
200049
200064
200094
200107
200172
200186
200216
200219
200226
200256
200304
200308
200309
200444
200455
200516
200543
200548
200550
200556
200560
200566
200570
200581
200592
200626
200627
200631
200635
200655
200666
200677
200689
200701
200706
200750
200781
200794
200795
200799
200808
200820
200863
200875
200890
200923
200930
200950
200960
200978
200989
201001
201003
201046
201048
201074
201095
201096
201148
201176
201222
201278
201348
201372
201415
201426
201452
201468
201521
201577
201609
201622
201700
201712
201714
201730
201731
201743
201775
201794
201853
201876
201879
201886
201922
201937
201956
201964
201976
201981
201994
202002
202031
202036
202050
202062
202092
202131
202142
202213
202218
202220
202231
202246
202266
202351
202358
202359
202369
202373
202389
202393
202394
202455
202462
202497
202531
202553
202558
202585
202588
202617
202618
202627
202641
202662
202702
202706
202709
202731
202791
202807
202836
202842
202884
202893
202930
202935
202989
203008
203027
203055
203077
203149
203153
203165
203169
203235
203314
203315
203355
203398
203407
203409
203437
203458
203459
203463
203469
203477
203511
203528
203554
203603
203661
203695
203752
203769
203772
203790
203839
203857
203904
203957
203965
203968
203970
203982
203986
204009
204013
204027
204086
204116
204168
204238
204254
204260
204281
204286
204288
204328
204331
204338
204355
204357
204374
204399
204429
204430
204468
204469
204517
204544
204557
204560
204566
204626
204649
204722
204751
204803
204806
204810
204897
204929
204931
204954
204983
205098
205138
205145
205147
205172
205177
205210
205248
205250
205300
205308
205317
205328
205365
205387
205430
205481
205483
205523
205534
205543
205626
205632
205635
205653
205663
205676
205724
205757
205771
205807
205818
205820
205830
205844
205846
205883
205899
205904
205943
205999
206009
206020
206046
206059
206081
206094
206097
206098
206101
206103
206127
206129
206156
206193
206214
206235
206253
206279
206295
206381
206443
206464
206515
206532
206605
206609
206628
206698
206714
206718
206800
206853
206862
206868
206879
206884
206912
206934
206965
207000
207094
207095
207127
207144
207192
207205
207208
207209
207227
207230
207238
207251
207263
207308
207315
207339
207410
207441
207445
207456
207472
207475
207511
207516
207528
207568
207628
207664
207669
207686
207704
207755
207784
207822
207845
207878
207928
207949
207951
208002
208045
208057
208080
208089
208146
208149
208210
208221
208227
208256
208265
208287
208296
208314
208327
208350
208353
208368
208400
208426
208479
208487
208515
208527
208545
208577
208581
208614
208615
208619
208634
208660
208692
208711
208736
208738
208775
208819
208838
208870
208871
208875
208964
208965
208970
208982
209014
209049
209065
209081
209090
209132
209135
209155
209184
209186
209188
209194
209196
209219
209233
209334
209351
209370
209422
209432
209450
209509
209526
209540
209548
209559
209561
209577
209578
209587
209638
209669
209694
209713
209735
209749
209809
209813
209873
209881
209890
209899
209918
209937
209940
209954
209967
209968
209981
209983
210071
210135
210151
210153
210158
210183
210184
210221
210247
210254
210273
210275
210317
210341
210344
210354
210396
210398
210399
210437
210516
210533
210535
210574
210589
210618
210622
210650
210678
210696
210711
210715
210754
210770
210781
210787
210797
210847
210854
210876
210910
210911
210923
210929
210942
210950
210972
211012
211034
211037
211041
211089
211093
211096
211184
211200
211215
211240
211273
211324
211330
211366
211390
211393
211397
211408
211411
211440
211441
211457
211473
211497
211526
211533
211535
211592
211647
211660
211666
211672
211682
211687
211729
211745
211752
211775
211812
211826
211954
212020
212035
212046
212047
212054
212057
212092
212132
212168
212169
212190
212195
212220
212221
212224
212226
212254
212290
212292
212327
212340
212350
212383
212387
212431
212438
212440
212443
212453
212468
212519
212542
212545
212577
212591
212617
212643
212648
212673
212685
212697
212715
212739
212814
212817
212847
212862
212906
212914
212945
212987
213024
213037
213043
213052
213056
213082
213106
213120
213162
213224
213237
213309
213382
213388
213390
213426
213471
213478
213523
213554
213574
213576
213591
213595
213613
213652
213660
213728
213744
213761
213764
213772
213797
213818
213839
213845
213864
213928
213938
213940
213959
213982
214001
214002
214004
214036
214046
214063
214077
214142
214277
214287
214351
214355
214368
214388
214433
214451
214455
214465
214467
214503
214536
214546
214570
214603
214608
214635
214652
214657
214664
214666
214678
214700
214746
214758
214781
214795
214815
214860
214861
214915
214928
214930
214962
214969
214993
215005
215007
215042
215055
215056
215086
215160
215178
215293
215324
215326
215337
215383
215406
215411
215442
215445
215451
215455
215463
215502
215522
215538
215545
215550
215553
215584
215585
215587
215590
215615
215637
215654
215666
215683
215721
215751
215753
215759
215781
215797
215831
215872
215891
215907
215921
215961
215985
216041
216046
216086
216093
216116
216119
216151
216181
216242
216247
216256
216260
216262
216280
216337
216345
216353
216376
216387
216400
216412
216438
216442
216478
216490
216517
216523
216555
216567
216607
216614
216647
216721
216751
216780
216826
216830
216847
216859
216884
216928
216958
216963
216967
216973
216976
216998
217001
217023
217036
217100
217119
217131
217140
217177
217179
217198
217336
217343
217358
217374
217382
217396
217423
217482
217488
217518
217533
217630
217655
217683
217686
217692
217699
217707
217720
217728
217739
217781
217823
217853
217884
217928
217959
217988
217992
217996
218001
218004
218009
218018
218040
218057
218074
218105
218132
218181
218197
218282
218302
218322
218361
218413
218419
218420
218433
218558
218678
218689
218696
218706
218727
218749
218757
218762
218799
218805
218809
218819
218833
218862
218927
218937
218955
218995
219006
219007
219018
219020
219021
219029
219040
219042
219071
219075
219093
219146
219153
219180
219207
219211
219214
219219
219241
219257
219268
219285
219294
219309
219314
219318
219327
219359
219366
219373
219385
219387
219416
219487
219495
219511
219517
219534
219560
219567
219572
219586
219607
219651
219701
219731
219741
219771
219786
219793
219799
219813
219830
219847
219853
219871
219879
219880
219919
219934
219951
219982
220002
220090
220097
220104
220118
220142
220151
220158
220198
220211
220213
220263
220265
220281
220284
220287
220327
220334
220359
220374
220397
220426
220427
220455
220464
220478
220479
220490
220502
220508
220532
220547
220569
220575
220577
220586
220602
220613
220652
220659
220673
220678
220679
220698
220699
220730
220742
220756
220759
220764
220773
220825
220830
220840
220847
220862
220877
220878
220918
220939
220954
220983
220987
220999
221001
221011
221020
221037
221059
221076
221087
221092
221093
221110
221111
221118
221134
221137
221193
221215
221216
221227
221254
221288
221309
221333
221353
221368
221384
221395
221397
221411
221488
221506
221529
221566
221570
221575
221589
221612
221622
221627
221660
221734
221737
221739
221740
221747
221762
221766
221779
221794
221803
221863
221906
221908
221918
221941
221948
221956
221959
221978
222063
222078
222126
222151
222176
222177
222184
222192
222213
222228
222229
222255
222258
222273
222278
222286
222288
222298
222300
222333
222338
222414
222430
222437
222443
222446
222485
222487
222493
222496
222515
222540
222575
222577
222625
222650
222653
222703
222708
222730
222732
222734
222735
222736
222737
222743
222781
222842
222857
222877
222894
222895
222896
222898
222915
222931
222946
222949
222956
222963
222993
223007
223043
223091
223106
223127
223132
223141
223158
223193
223235
223256
223282
223285
223316
223324
223344
223351
223386
223428
223431
223433
223435
223467
223479
223515
223520
223560
223600
223604
223625
223627
223640
223671
223675
223699
223742
223759
223763
223771
223797
223817
223818
223822
223838
223841
223843
223844
223856
223903
223929
223944
223955
223978
223987
223990
224004
224050
224070
224074
224089
224091
224095
224116
224129
224177
224191
224200
224253
224262
224281
224283
224302
224305
224333
224368
224391
224424
224450
224468
224495
224591
224607
224680
224721
224728
224747
224752
224759
224818
224826
224831
224836
224852
224867
224920
224926
224941
224955
224975
224977
225012
225057
225060
225096
225110
225136
225146
225178
225278
225294
225330
225339
225360
225369
225395
225397
225398
225403
225422
225462
225493
225532
225546
225559
225564
225565
225604
225626
225637
225729
225733
225759
225779
225792
225795
225820
225829
225838
225873
225914
225950
225958
225978
226025
226142
226167
226202
226204
226228
226253
226275
226288
226290
226336
226352
226385
226404
226427
226470
226497
226564
226568
226579
226604
226616
226618
226619
226636
226650
226655
226659
226701
226718
226735
226754
226787
226813
226839
226844
226854
226855
226856
226878
226880
226913
226933
226996
226997
227001
227030
227049
227064
227082
227094
227097
227151
227159
227163
227169
227170
227177
227186
227190
227192
227201
227241
227251
227316
227348
227354
227380
227429
227438
227463
227518
227531
227535
227562
227584
227613
227641
227646
227653
227682
227735
227742
227743
227747
227749
227785
227786
227813
227869
227878
227900
227907
227914
227921
227923
227986
227994
228033
228036
228040
228055
228086
228133
228134
228138
228166
228210
228219
228240
228264
228293
228304
228351
228376
228380
228397
228429
228560
228562
228569
228572
228651
228680
228681
228713
228741
228764
228775
228784
228804
228808
228827
228855
228866
228882
228886
228888
228918
228968
229007
229017
229073
229108
229110
229120
229124
229153
229161
229178
229221
229226
229227
229236
229252
229314
229323
229343
229356
229359
229379
229392
229428
229435
229464
229478
229493
229521
229524
229532
229551
229554
229557
229560
229571
229572
229588
229590
229642
229656
229664
229683
229692
229694
229705
229710
229734
229754
229803
229833
229840
229847
229848
229850
229893
229911
229916
229950
229956
229961
229988
229992
230039
230044
230078
230110
230115
230190
230239
230244
230253
230260
230300
230306
230315
230320
230357
230359
230373
230377
230387
230400
230415
230449
230473
230474
230477
230491
230513
230523
230525
230529
230548
230549
230553
230560
230603
230635
230658
230665
230666
230670
230692
230784
230797
230806
230865
230877
230904
230912
230937
230938
231028
231046
231054
231061
231073
231103
231111
231125
231130
231187
231202
231209
231212
231222
231244
231251
231266
231268
231276
231305
231307
231325
231342
231345
231346
231375
231432
231435
231448
231467
231470
231494
231497
231506
231508
231511
231531
231532
231536
231537
231540
231542
231562
231567
231598
231655
231666
231678
231694
231714
231736
231768
231787
231815
231818
231843
231846
231849
231874
231908
231930
231932
232005
232012
232021
232027
232045
232065
232152
232155
232157
232162
232185
232191
232223
232240
232252
232315
232333
232373
232384
232479
232500
232507
232516
232531
232565
232566
232573
232584
232608
232667
232689
232697
232699
232719
232743
232753
232835
232846
232864
232867
232874
232926
232934
232946
232948
233049
233056
233095
233106
233114
233115
233118
233139
233146
233191
233194
233205
233221
233222
233254
233288
233297
233319
233347
233382
233384
233391
233425
233429
233437
233524
233528
233536
233560
233616
233623
233637
233679
233695
233700
233736
233851
233881
233922
233935
233945
233951
233955
233960
233962
233968
234001
234012
234028
234037
234038
234064
234096
234108
234115
234132
234133
234159
234184
234185
234193
234215
234217
234227
234234
234272
234296
234314
234323
234354
234362
234367
234423
234490
234534
234588
234609
234688
234775
234792
234793
234862
234984
235009
235032
235088
235094
235102
235104
235112
235169
235180
235193
235213
235223
235231
235298
235305
235320
235323
235341
235370
235395
235404
235412
235474
235540
235551
235561
235565
235567
235577
235578
235591
235594
235602
235622
235724
235725
235729
235740
235765
235786
235802
235808
235854
235877
235947
235989
235993
236029
236038
236052
236071
236096
236134
236181
236193
236197
236212
236213
236214
236217
236222
236244
236257
236262
236270
236283
236314
236319
236331
236345
236407
236435
236443
236456
236461
236468
236476
236514
236517
236543
236559
236567
236574
236590
236608
236633
236638
236652
236708
236747
236749
236752
236796
236801
236811
236823
236840
236845
236863
236866
236870
236897
236906
236910
236914
236916
236938
236940
236942
236957
236982
236998
237003
237052
237064
237161
237180
237205
237248
237252
237257
237258
237272
237276
237279
237293
237299
237324
237333
237351
237352
237370
237378
237385
237389
237398
237407
237408
237483
237540
237600
237622
237638
237652
237657
237676
237679
237694
237699
237702
237712
237725
237746
237800
237807
237813
237814
237818
237827
237842
237843
237864
237929
237959
237971
238022
238051
238091
238109
238162
238175
238216
238237
238239
238289
238308
238317
238328
238358
238379
238383
238415
238417
238431
238466
238505
238593
238599
238605
238619
238620
238631
238637
238667
238701
238716
238727
238741
238777
238832
238871
238874
238909
238920
238928
238933
238942
238944
238951
238997
238998
239063
239152
239194
239209
239225
239245
239289
239327
239357
239427
239452
239453
239482
239484
239517
239535
239538
239542
239574
239582
239588
239614
239635
239671
239674
239686
239692
239693
239696
239714
239715
239753
239754
239790
239795
239818
239824
239836
239870
239879
239904
239915
239954
239958
240030
240052
240109
240114
240146
240155
240176
240179
240236
240260
240263
240282
240297
240353
240422
240440
240479
240495
240498
240506
240521
240527
240543
240550
240552
240555
240572
240578
240631
240650
240656
240712
240809
240810
240823
240825
240837
240857
240886
240915
240919
240976
240981
240983
240989
241003
241028
241041
241050
241080
241098
241113
241122
241137
241146
241150
241153
241185
241220
241264
241269
241276
241357
241398
241445
241517
241519
241554
241560
241562
241581
241592
241598
241609
241662
241711
241712
241746
241786
241789
241794
241852
241886
241903
241922
241935
241946
241975
241980
241995
242002
242035
242047
242087
242094
242095
242120
242170
242206
242207
242288
242347
242383
242391
242427
242438
242461
242503
242524
242525
242544
242550
242554
242568
242611
242618
242621
242637
242683
242739
242754
242776
242784
242842
242858
242896
242898
242907
242931
242961
242970
242981
243041
243073
243114
243127
243133
243189
243218
243222
243237
243245
243247
243255
243268
243273
243279
243286
243310
243337
243397
243428
243430
243450
243468
243501
243505
243515
243518
243526
243538
243541
243567
243576
243614
243646
243649
243657
243667
243676
243683
243715
243755
243776
243795
243822
243836
243842
243850
243875
243900
243910
243911
243924
243931
243937
243964
243985
243995
244005
244064
244080
244121
244139
244147
244155
244173
244185
244206
244244
244249
244260
244273
244306
244345
244346
244411
244427
244442
244444
244467
244475
244493
244512
244514
244521
244534
244537
244553
244591
244651
244689
244704
244710
244715
244770
244779
244814
244842
244896
244918
244933
244960
245008
245035
245041
245044
245045
245081
245104
245111
245114
245115
245125
245158
245161
245203
245213
245216
245223
245249
245329
245401
245436
245447
245465
245483
245520
245532
245553
245565
245572
245625
245644
245665
245687
245697
245712
245713
245743
245745
245746
245772
245791
245794
245841
245846
245875
245898
245921
245943
245962
245977
246032
246046
246051
246054
246079
246083
246087
246093
246132
246144
246154
246234
246254
246286
246287
246324
246342
246401
246409
246411
246418
246427
246431
246433
246474
246504
246600
246610
246631
246682
246727
246829
246836
246901
246908
246925
246946
246952
246960
247000
247001
247004
247005
247040
247050
247068
247085
247109
247205
247216
247218
247231
247234
247235
247244
247245
247254
247321
247350
247369
247424
247474
247483
247484
247485
247542
247556
247575
247639
247649
247664
247687
247732
247771
247815
247845
247864
247936
247939
247998
248006
248026
248065
248067
248080
248122
248138
248222
248252
248254
248265
248266
248284
248311
248324
248348
248366
248378
248390
248404
248406
248458
248481
248487
248488
248493
248498
248548
248556
248572
248588
248633
248651
248666
248723
248731
248770
248795
248805
248817
248819
248838
248862
248888
248895
248899
248915
248953
248962
248975
248985
249074
249083
249123
249144
249163
249181
249272
249285
249293
249306
249313
249331
249403
249405
249419
249459
249466
249510
249550
249552
249637
249639
249655
249657
249665
249713
249714
249742
249757
249792
249798
249801
249813
249869
249944
249953
249979
250007
250013
250028
250046
250061
250062
250063
250068
250079
250084
250091
250112
250122
250136
250198
250202
250204
250244
250275
250290
250303
250352
250402
250406
250472
250505
250509
250510
250549
250583
250585
250612
250615
250640
250651
250662
250683
250695
250708
250709
250720
250760
250762
250772
250804
250808
250810
250815
250847
250973
251097
251107
251109
251111
251129
251140
251153
251203
251216
251255
251262
251279
251292
251323
251389
251423
251446
251465
251466
251471
251474
251491
251513
251555
251564
251579
251593
251604
251606
251629
251637
251663
251778
251803
251814
251821
251828
251879
251941
252012
252025
252040
252044
252079
252081
252092
252108
252207
252215
252218
252254
252296
252330
252332
252339
252344
252347
252351
252384
252389
252390
252421
252464
252472
252492
252550
252720
252748
252752
252757
252760
252768
252815
252823
252835
252848
252872
252879
252886
252905
252945
252948
252950
252991
253009
253013
253042
253044
253051
253087
253106
253118
253126
253150
253166
253172
253215
253231
253236
253252
253300
253313
253344
253384
253466
253481
253493
253525
253534
253542
253560
253572
253592
253639
253643
253660
253663
253706
253711
253716
253736
253757
253762
253777
253814
253815
253834
253864
253875
253896
253902
253940
253953
254012
254048
254067
254068
254070
254099
254102
254107
254127
254168
254185
254230
254285
254293
254312
254316
254390
254401
254403
254420
254430
254455
254458
254461
254473
254475
254485
254558
254574
254614
254619
254630
254643
254662
254677
254700
254724
254772
254865
254866
254893
254941
254975
254983
255003
255020
255024
255064
255084
255088
255094
255110
255111
255114
255142
255176
255185
255187
255191
255193
255194
255206
255242
255248
255269
255273
255282
255286
255294
255314
255334
255335
255338
255349
255350
255368
255382
255398
255419
255420
255442
255444
255463
255508
255526
255542
255614
255703
255746
255779
255783
255784
255798
255878
255885
255896
255917
255918
255934
255939
255956
255962
256023
256042
256071
256118
256186
256203
256208
256226
256240
256291
256298
256313
256328
256343
256347
256355
256362
256363
256365
256379
256460
256491
256537
256543
256566
256652
256657
256659
256671
256717
256737
256741
256755
256788
256801
256808
256839
256860
256862
256871
256953
257032
257042
257072
257085
257092
257094
257101
257120
257141
257159
257168
257175
257274
257276
257297
257309
257311
257316
257359
257372
257373
257379
257472
257479
257490
257527
257584
257585
257595
257597
257612
257647
257650
257679
257686
257689
257692
257694
257707
257724
257732
257736
257792
257811
257854
257881
257888
257925
257980
257982
257992
258029
258054
258058
258069
258096
258100
258112
258150
258167
258181
258196
258218
258225
258256
258262
258271
258277
258305
258314
258315
258318
258324
258339
258347
258355
258397
258545
258548
258562
258563
258602
258612
258663
258691
258695
258701
258711
258713
258719
258721
258812
258813
258842
258869
258871
258876
258890
258896
258898
258909
258926
258948
258949
258954
259031
259075
259084
259100
259103
259150
259166
259183
259202
259242
259244
259248
259269
259274
259286
259296
259297
259333
259391
259422
259423
259441
259442
259458
259462
259467
259507
259513
259563
259581
259592
259594
259775
259789
259797
259807
259811
259823
259825
259834
259868
259917
259924
259943
259972
259975
259985
260060
260061
260070
260118
260121
260178
260190
260203
260212
260234
260257
260305
260317
260370
260377
260417
260419
260443
260469
260473
260476
260540
260545
260555
260574
260589
260607
260636
260639
260653
260655
260670
260679
260684
260701
260719
260739
260740
260794
260802
260811
260826
260827
260906
260917
260940
260958
260990
261002
261004
261107
261144
261153
261163
261175
261184
261206
261279
261291
261300
261323
261361
261366
261388
261416
261499
261518
261525
261527
261528
261546
261624
261629
261660
261679
261697
261701
261726
261777
261789
261834
261836
261841
261845
261856
261885
261922
261958
261963
262011
262019
262023
262027
262036
262040
262056
262059
262096
262098
262117
262124
262159
262206
262220
262265
262271
262275
262287
262293
262315
262345
262377
262380
262384
262386
262396
262408
262415
262436
262449
262472
262483
262489
262495
262514
262557
262612
262649
262664
262673
262674
262700
262743
262804
262807
262850
262853
262854
262873
262896
262904
262940
262955
262969
262975
263064
263079
263121
263123
263137
263227
263252
263259
263267
263283
263311
263317
263346
263353
263393
263397
263407
263452
263487
263504
263508
263517
263531
263548
263575
263583
263585
263601
263647
263666
263686
263692
263701
263727
263750
263754
263786
263795
263817
263829
263899
263919
263926
263929
263930
263935
263970
263978
263989
263997
264018
264067
264102
264107
264174
264176
264203
264204
264265
264270
264277
264287
264308
264312
264314
264335
264366
264379
264381
264385
264390
264409
264415
264422
264425
264457
264468
264476
264520
264525
264564
264613
264614
264634
264647
264648
264651
264663
264664
264714
264762
264800
264823
264840
264861
264872
264895
264913
264924
264941
264942
264956
264957
264976
264980
264981
264994
264996
265019
265029
265030
265041
265043
265074
265076
265085
265105
265108
265177
265242
265252
265264
265298
265305
265337
265358
265363
265364
265370
265373
265388
265418
265419
265434
265469
265477
265487
265500
265545
265562
265569
265581
265584
265626
265639
265650
265670
265706
265723
265825
265858
265902
265903
265907
265912
265922
265925
265959
265967
265968
266003
266021
266035
266038
266044
266057
266061
266083
266088
266089
266104
266116
266122
266136
266137
266141
266175
266184
266199
266238
266242
266262
266280
266286
266302
266304
266308
266327
266392
266404
266433
266456
266540
266560
266576
266583
266605
266613
266632
266669
266720
266729
266734
266806
266824
266862
266870
266897
266898
266912
266920
266930
266939
267003
267024
267028
267030
267055
267083
267089
267090
267111
267118
267160
267162
267199
267204
267285
267294
267310
267315
267318
267382
267385
267404
267406
267441
267475
267482
267501
267504
267510
267520
267530
267594
267604
267620
267634
267686
267708
267710
267721
267749
267754
267791
267796
267831
267832
267838
267843
267844
267889
267936
268016
268105
268131
268136
268147
268151
268197
268251
268257
268279
268286
268290
268315
268316
268338
268352
268389
268435
268455
268470
268476
268518
268541
268639
268641
268677
268689
268705
268713
268714
268719
268740
268743
268770
268786
268810
268853
268880
268886
268906
268932
268950
268975
268994
268999
269012
269031
269048
269061
269078
269147
269154
269162
269187
269191
269192
269204
269267
269276
269285
269336
269375
269389
269400
269409
269420
269422
269430
269468
269484
269507
269533
269534
269559
269570
269611
269618
269627
269633
269661
269665
269709
269733
269737
269739
269750
269805
269824
269845
269862
269872
269886
269888
269911
269952
269959
269984
270019
270029
270080
270132
270134
270142
270240
270255
270274
270303
270312
270317
270320
270324
270334
270391
270397
270402
270407
270414
270416
270489
270496
270498
270529
270533
270574
270575
270604
270611
270614
270627
270659
270678
270694
270770
270779
270795
270804
270954
270956
270971
270990
270996
271007
271049
271081
271128
271133
271170
271176
271192
271205
271229
271234
271268
271270
271296
271298
271299
271306
271328
271370
271382
271384
271405
271426
271461
271465
271467
271476
271492
271494
271553
271555
271560
271613
271622
271636
271664
271666
271675
271678
271688
271689
271727
271742
271748
271797
271808
271853
271857
271882
271897
271911
271939
271956
271959
271978
272006
272008
272011
272012
272018
272024
272028
272035
272068
272138
272166
272171
272176
272196
272211
272213
272218
272256
272273
272305
272306
272310
272314
272323
272334
272351
272367
272389
272412
272439
272475
272506
272510
272513
272514
272575
272591
272611
272616
272619
272650
272718
272721
272727
272741
272742
272772
272785
272798
272811
272813
272829
272843
272845
272878
272896
272901
272906
272907
272916
272926
272930
272969
273006
273015
273039
273042
273074
273115
273136
273141
273150
273155
273201
273204
273216
273253
273270
273271
273277
273287
273324
273410
273415
273420
273427
273505
273520
273526
273585
273604
273605
273618
273637
273663
273686
273718
273744
273749
273779
273785
273786
273789
273852
273859
273886
273897
273901
273910
273935
273953
274149
274151
274168
274182
274220
274224
274242
274249
274278
274281
274293
274325
274379
274391
274392
274396
274418
274422
274423
274428
274487
274492
274493
274500
274514
274523
274556
274579
274603
274607
274620
274626
274681
274685
274688
274703
274712
274721
274735
274753
274800
274806
274885
274928
274929
274969
274988
274997
275007
275028
275038
275045
275070
275071
275133
275134
275182
275200
275208
275232
275240
275245
275259
275276
275288
275290
275301
275334
275340
275345
275352
275360
275364
275381
275391
275453
275503
275509
275518
275548
275559
275609
275646
275700
275746
275755
275780
275789
275823
275863
275874
275880
275885
275896
275912
275942
275943
275948
275989
276006
276036
276047
276079
276099
276190
276192
276195
276202
276229
276231
276238
276240
276242
276324
276331
276332
276337
276353
276463
276501
276502
276511
276527
276554
276568
276577
276590
276591
276607
276611
276636
276639
276648
276704
276720
276738
276744
276754
276757
276768
276771
276827
276839
276858
276894
276933
276967
276984
277010
277021
277036
277069
277070
277078
277080
277116
277119
277136
277162
277199
277212
277243
277251
277254
277263
277267
277277
277283
277284
277346
277359
277360
277373
277390
277398
277422
277466
277483
277518
277524
277568
277571
277607
277610
277634
277655
277659
277684
277709
277714
277733
277745
277812
277817
277857
277893
277901
277936
277942
277984
277987
278009
278013
278035
278055
278060
278069
278091
278120
278123
278157
278164
278166
278170
278183
278238
278253
278269
278309
278403
278410
278412
278416
278421
278493
278509
278522
278534
278546
278564
278602
278631
278632
278664
