70
106
362
935
939
1070
1941
1983
2006
2157
2624
2796
3064
3206
3215
3231
3240
3356
3506
3655
3990
4019
4173
4195
4523
5180
5201
5457
5558
5926
5985
5990
6051
6107
6519
6976
7278
7422
7654
7865
7922
8542
9358
9978
10021
10448
10450
10480
10507
10601
10700
10830
11082
11483
11616
11885
11886
12024
12378
12439
12445
12465
12491
12581
13037
13073
13298
13402
13566
13929
14117
14176
14291
14345
14366
14742
14784
15024
15067
15113
15156
15256
15352
15602
16295
16339
16353
16443
16451
16618
16894
16949
17125
17138
17310
17314
17426
17436
17466
17600
17655
17749
18084
18122
18142
18329
18500
18717
18793
19258
19313
20364
20534
20627
20884
20888
20903
21113
21260
21422
21442
21510
21732
21855
21944
22049
22155
22688
22997
23072
23188
23369
23416
23484
23658
23791
24103
24431
24484
24506
24511
24561
24726
24799
24828
25838
26188
26259
26297
26304
26570
26621
26638
26829
27035
27082
27166
27193
27240
27287
27366
27387
27590
27649
27693
27713
27795
28158
28303
28550
28741
28758
28793
29132
29203
29222
29239
29288
29296
29372
29423
29588
29971
30019
30148
30601
30759
30764
30829
30933
30948
30962
30994
31003
31019
31098
31189
31197
31301
31447
31451
31468
31666
31690
31784
32112
32189
32427
32462
32702
32772
32855
32904
32958
33137
33148
33612
33661
33663
33838
34231
34254
34298
34346
34365
34387
34451
34454
34488
34552
34752
34756
34761
35025
35099
35253
35302
35502
35681
35732
36258
36269
36427
36438
36672
37149
37241
37416
37691
37760
37762
37781
37838
37908
37991
38367
38385
38406
38410
38563
38571
38860
38952
39174
39245
39456
39501
39586
39962
39987
40086
40134
40379
40598
40630
40704
40713
40801
40899
41092
41427
41479
41485
41773
41794
43165
43197
43259
43294
43334
43565
43658
43774
43838
43964
44042
44245
44249
44354
44524
44526
44614
44696
44775
44799
44888
45026
45034
45074
45165
45363
45482
45550
45620
45627
45730
46130
46203
46223
46290
46296
46486
46597
46603
46626
47026
47093
47174
47443
47504
47876
47923
47980
48047
48131
48140
48174
48313
48370
48467
48557
48891
48986
48988
49024
49117
49120
49405
49546
49608
50320
50858
50944
51054
51057
51090
51399
51455
51471
51583
51684
51708
51735
51788
51847
51858
52052
52053
52194
52249
52583
53058
53136
53377
54311
54435
54463
54594
54597
54701
54899
54963
55097
55365
55430
55441
55515
56047
56088
56157
56265
56337
56432
56455
56637
56741
56751
57092
57149
57162
57195
57237
57445
57503
57532
57555
57606
57636
57680
57694
57743
57811
57976
58002
58117
58162
58253
58391
58426
58460
58580
58662
58665
59001
59014
59018
59187
59315
59372
59499
60072
60179
60362
60398
60488
60607
60905
61371
61828
61917
62204
62528
62593
62694
62738
62768
63042
63593
63943
64016
64175
64609
64665
64692
64939
65160
65220
65465
65572
65578
65845
66311
66333
66456
66530
66576
66595
66901
67060
67140
67288
67350
67354
67372
67582
67649
67758
67996
68078
68110
68118
68215
68513
68742
68771
68967
68987
69039
69096
69297
69369
69588
69955
70059
70236
70328
70538
70541
70639
70641
70654
70757
70789
70952
71000
71226
71254
71369
71393
71566
71953
72316
72421
72507
72552
73096
73225
73236
73546
73639
73862
74224
74413
74545
74671
74817
75107
75715
75843
75913
76055
76068
76132
76562
76728
76824
77081
77165
77326
77397
77409
77441
77616
77683
77697
77758
77845
77869
78065
78075
78166
78287
78322
78339
78665
78693
79016
79491
79541
79579
79611
79921
80050
80213
80348
80531
80592
80618
80644
80646
80883
80887
80900
80905
81172
81262
81540
81729
82035
82360
82930
83095
83164
83288
83484
83498
83646
83666
83727
84088
84154
84156
84219
84375
84378
84625
84770
84945
84971
85204
85492
85494
85500
85706
85806
85892
85907
86195
86418
86476
86567
86570
87219
87589
87614
87615
87807
88213
88226
88237
88313
88350
88443
88540
88638
88899
89184
89235
89339
89572
89969
89991
90138
90175
90178
90248
90274
90764
90813
90844
90923
90998
91029
91048
91193
91346
91440
91479
91550
91556
91808
92330
92467
92509
93030
93096
93140
93283
93327
93427
93936
93954
94070
94150
94223
94268
94392
94396
94423
94539
94707
94947
95107
95255
95282
95480
95576
95785
96005
96131
96293
96297
96506
96509
96514
96695
96704
96749
96815
96983
97027
97131
97145
97168
97773
97795
98075
98265
98592
98615
98626
98627
98720
99012
99207
99695
99815
99959
99984
99993
100310
100527
100553
100698
100707
100753
100864
101195
101230
101232
101749
102043
102106
102370
102608
102721
102761
102856
102888
102925
103082
103349
103430
103440
103593
103606
103615
103754
103905
103926
103959
103972
104075
104089
104209
104354
104365
104411
104436
104553
104607
104735
104818
104938
105005
105079
105119
105314
105362
105486
105580
105583
105615
105670
105732
105750
105774
105931
106088
106098
106211
106843
106869
107005
107031
107050
107067
107093
107125
107193
107545
107710
107963
108037
108079
108190
108342
108431
108498
108563
108667
108679
108708
108724
108725
108765
108783
108975
109040
109134
109219
109297
109305
109354
109462
109504
109607
109680
109683
109764
109770
109845
109871
109874
109975
110029
110418
110461
110480
110715
111252
111386
111569
111642
111737
111932
111982
111985
111998
112136
112224
112306
112323
112504
112530
112775
112877
113081
113090
113106
113128
113334
113422
113445
113468
113470
113544
113679
113715
113835
113839
113914
113991
114032
114106
114145
114274
115038
115572
115860
115961
116179
116383
117045
117073
117243
117308
117665
117731
117836
118084
118169
118244
118293
118382
118492
118509
118861
118870
118883
118975
118979
119105
119212
119251
119306
119337
119422
119578
119657
119730
120061
120495
120504
120539
120602
120886
120929
121150
121384
121418
121842
121981
122017
122148
122178
122730
122745
123019
123043
123074
123396
123407
123473
123479
123500
123602
123625
123703
123738
123767
123837
123839
123896
123992
124393
124469
124608
124666
124814
124952
125057
125112
125321
125674
125980
126134
126252
126589
127057
127180
127193
127268
127622
127624
127698
127747
127801
127986
128083
128336
128347
128402
128425
128717
129280
129281
129413
129705
129933
130403
130547
130733
130782
130852
131035
131056
131370
131427
131548
131598
131656
131898
132109
132153
133080
133185
133250
133269
133398
133588
133628
133988
134327
134467
134472
134605
134642
134797
134836
135033
135270
135407
135609
135616
135659
135736
135863
135950
135978
136044
136055
136077
136121
136211
136284
136430
136437
136534
136620
136697
136771
136843
136848
137143
137164
137175
137204
137241
137437
137439
137617
137680
137691
137710
137822
137861
138272
138839
138892
138965
139105
139314
139339
139620
139739
139816
139928
139955
139964
140083
140093
140188
140245
140278
140358
140370
140443
140500
140516
140566
140598
140674
140758
140772
141164
141173
141176
141184
141625
141692
141695
141740
141831
141848
141914
141977
141982
141998
142265
142369
142385
142495
142669
142821
142837
143055
143189
143327
143348
143417
143599
144026
144226
144291
144596
144611
144663
145185
145220
145231
145441
145458
145495
145981
145997
146047
146103
146298
146952
147168
147237
147324
147413
147414
147442
147468
147581
147796
147886
147900
148019
148316
148411
148482
148643
148648
148818
148841
149216
149262
149361
149459
149493
149641
149900
149975
150133
150191
150317
150614
150757
150805
150812
151067
151372
151375
151604
151634
151715
151746
152164
152211
152706
152857
153244
153369
153414
153482
153587
153760
153785
153792
153828
153884
153891
153932
154029
154116
154258
154275
154305
154364
154391
154394
154634
154726
154820
154869
155069
155131
155186
155409
155440
155470
155541
155564
155832
155896
155914
156088
156229
156316
156700
156901
157117
157252
157410
157551
157792
157951
157996
158080
158636
158796
158925
159050
159369
159434
159513
159549
159758
160273
160391
160633
160719
160818
160838
160841
160996
161116
161520
161541
161804
162050
162224
162263
162297
162303
162342
162459
162520
162613
162625
162642
162716
162722
163180
163372
163523
163539
163714
163814
163852
163855
163950
163964
164058
164172
164221
164240
164247
164273
164387
165179
165454
165541
165568
165592
165651
165667
165807
165836
165846
165865
165896
165968
166156
166165
166410
166584
166682
166904
166907
166930
166998
167576
167612
167833
167947
168199
168239
168372
168395
168487
168518
168974
169195
169197
169263
169394
169431
169543
169616
169698
169728
169755
169909
170113
170216
170311
170351
170541
170569
170889
171189
171272
171319
171322
171409
171482
171631
171695
172060
172266
172426
172440
172508
172533
172617
172758
173220
173250
173271
173356
173629
174010
174232
174307
174381
174658
174760
174785
174819
174995
175015
175027
175177
175255
175269
175276
175357
175511
175727
175736
175774
176000
176100
176108
176356
176567
176673
176717
176775
176856
176897
176918
176937
176979
177029
177313
177427
177520
177522
177699
177708
178041
178244
178261
178266
178354
178397
178620
178849
179031
179141
179433
179438
179714
179801
179841
180142
180211
180310
180520
180784
180851
180931
181076
181085
181342
181351
181717
181740
181849
182010
182056
182100
182106
182190
182207
182212
182906
183010
183012
183015
183032
183121
183135
183186
183190
183306
183404
183506
183538
183544
183838
183969
183996
184097
184181
184320
184491
184652
184690
184814
185215
185289
185363
185752
185798
185975
186045
186094
186548
186606
186641
186667
186677
186706
186725
186774
186817
186862
186906
186972
187066
187374
187603
187650
188143
188554
188677
188787
188825
188881
188913
188916
188950
189041
189054
189237
189318
189505
189514
189588
189848
190302
190399
190412
190435
190436
190468
190505
190511
190583
190636
190889
191032
191104
191329
191426
191433
191441
191456
191458
191559
191625
191728
191815
191968
191975
191980
192199
192213
192252
192281
192524
192730
193078
193265
193293
193311
193367
193422
193484
193507
193518
193563
193577
193638
193813
193923
193990
194228
194245
194375
194413
194414
194486
194737
194747
194942
195017
195139
195197
195228
195435
195463
195526
195653
195735
195955
196082
196185
196346
196356
196364
196400
196414
196421
196655
196672
196771
196830
196942
197335
197489
197490
197550
197643
197812
198115
198271
198326
198423
198473
198561
198574
198603
198686
198810
199000
199228
199296
199323
199368
199593
199666
199677
199862
200236
200330
200351
200584
200662
200682
200852
200869
201035
201049
201173
201314
201316
202075
202155
202385
202483
202564
202648
202851
202923
202950
203005
203062
203116
203177
203440
203473
203781
203798
203985
204003
204602
204618
204838
204908
205424
205717
205725
205937
205968
206070
206175
206189
206198
206336
206375
206523
206819
206911
207024
207102
207415
207469
207736
207857
207859
207944
208112
208143
208406
208621
208891
208993
209100
209108
209623
209835
209895
209936
210075
210305
210309
210436
210483
210505
210800
211357
211640
211829
211852
211897
212173
212302
212470
212559
212851
213125
213156
213211
213458
213511
213544
213599
213664
213674
213683
213731
213733
213755
213830
213857
214144
214482
214884
214932
214976
214989
215200
215210
215218
215335
215677
215772
215885
215901
215915
216025
216163
216179
216213
216288
216327
216496
216506
216592
216844
216869
216954
217053
217122
217360
217389
217398
217549
217561
217840
218130
218352
218387
218770
218817
218910
218963
219110
219154
219181
219258
219501
219510
219833
219893
219913
220145
220223
220343
220445
220469
220727
220795
220927
220941
221055
221274
221314
221414
221676
221841
221887
222042
222068
222095
222355
222382
222403
222436
222514
222607
222705
222814
222922
222986
223094
223135
223207
223247
223266
223286
223318
223368
223486
223586
223801
223814
224101
224279
224380
224444
224524
224545
224613
224739
224801
224835
224936
225474
225501
225629
225639
225653
226213
226358
226373
226394
226922
226986
226987
227007
227026
227072
227187
227197
227662
227672
227720
227728
227744
227750
227767
227937
227968
228050
228196
228199
228600
228701
228750
228771
229083
229138
229211
229242
229244
229315
229514
229520
229610
229979
230012
230017
230150
230196
230220
230438
230451
230645
230787
230924
230949
230976
231036
231082
231137
231180
231185
231271
231579
231580
231671
232130
232166
232349
232354
232729
232902
232973
233348
233379
233747
233889
233953
234073
234230
234298
234299
234652
234658
234705
234787
234837
234976
235087
235218
235241
235257
235379
235389
235465
235587
235743
235831
236320
236434
236501
236566
236572
236733
236734
236746
236996
237375
237459
237695
237719
237736
237968
238189
238311
238501
238543
238566
238575
238583
238615
238681
238688
238710
238743
239082
239266
239379
239473
239634
239683
240044
240084
240118
240145
240334
240441
240724
240873
241054
241179
241416
241511
241513
241655
241661
241754
241863
241978
242054
242104
242142
242144
242279
242389
242560
242573
243036
243097
243252
243277
243304
243348
243368
243471
243750
244215
244278
244434
244635
244732
244736
244949
245137
245206
245209
245299
245524
245621
245672
246021
246062
246075
246099
246235
246416
246680
246688
246773
246783
246804
246847
247047
247074
247121
247189
247203
247236
247280
247305
247750
248325
248517
248649
248758
248783
249055
249114
249156
249198
249305
249491
249492
249607
249758
249965
250001
250039
250154
250191
250241
250431
250448
250593
250596
250598
250617
250855
250882
250888
250905
251077
251288
251318
251367
251464
251527
251605
251621
251746
251748
251848
251930
252048
252756
252786
252860
252908
252978
253000
253036
253040
253054
253083
253290
253314
253342
253427
253502
253645
253849
254042
254073
254132
254188
254536
254616
254756
254823
254971
255009
255092
255226
255358
255480
255643
255649
255729
255789
255809
256244
256268
256383
256436
256438
256511
256573
256607
256655
256665
256723
256861
256878
256948
256982
257047
257127
257254
257382
257420
257451
257495
257639
257741
257814
257823
257868
257875
257914
258132
258172
258221
258544
258570
258937
259003
259053
259101
259295
259308
259409
259525
259564
259625
259674
260163
260187
260361
260516
260579
260660
260752
260805
260985
261150
261157
261165
261332
261482
261485
261870
262089
262526
262774
262826
263091
263204
263236
263237
263238
263499
263674
263782
263920
263973
264031
264115
264304
264341
264542
264551
264591
264628
264644
264761
264879
264883
264918
265253
265281
265366
265876
265992
266030
266048
266080
266384
266467
266665
266675
266700
266826
267348
267599
267693
267734
267744
267887
267981
268160
268277
268326
268383
268408
268416
268489
268650
268751
268817
268997
269171
269207
269331
269338
269547
269596
269713
269746
269818
269922
270106
270124
270126
270166
270220
270362
270373
270432
270492
270858
270905
270950
271194
271245
271357
271396
271454
271503
271615
271862
272013
272047
272137
272139
272309
272358
272426
272504
272625
272809
272844
273069
273232
273401
273461
273708
273787
273800
273864
273866
273992
274145
274207
274209
274307
274519
274793
274798
274861
274921
275258
275264
275525
275754
275774
275836
276021
276140
276302
276318
276379
276495
276506
276556
276582
276686
276772
276787
276903
277200
277305
277330
277404
277428
277503
277593
277775
277777
277810
277849
278048
278081
278408
278442
278579
