303
460
493
511
541
986
1039
1128
1193
1197
1417
1853
1979
1999
2172
2202
2254
2265
2842
3414
3459
3701
3836
3876
3912
3954
3999
4021
4190
4232
4238
4421
4709
5032
5145
5238
5431
5445
5619
5627
5713
5980
5982
6009
6085
6525
7193
7435
7726
8019
8321
8417
8467
8756
8775
8812
8967
8968
9131
9208
9293
9477
9514
9520
9628
9631
9762
10422
10431
10583
11162
11533
11585
11738
11814
11888
12074
12257
12431
12548
12662
12751
12990
13016
13148
13173
13189
13201
13204
13212
13426
13492
13588
13748
13846
13864
14138
14144
14333
14383
14488
14652
14655
14731
14820
14845
14897
14930
15162
15354
15417
15537
15794
15798
16018
16028
16137
16142
16276
16314
16564
16670
16991
17182
17246
17469
17860
17977
18175
18512
18829
18945
19145
19631
19838
19897
20049
20058
20124
20129
20210
20256
20678
21269
21427
21567
21642
21928
22359
22480
22668
22685
22806
22825
22832
23223
23276
23957
23994
24028
24169
24191
24205
24299
24899
24983
25121
25336
25537
25707
25774
26168
26420
26555
26642
26676
27049
27105
27125
27917
28119
28310
28340
28366
28398
28528
28599
28618
28895
29306
29333
29479
29522
29901
29929
29996
30023
30077
30147
30157
30281
30371
30664
30703
30734
30752
30928
30952
30963
31223
31393
31464
31596
31737
32426
32440
32484
32500
32512
32526
32724
32785
32792
33030
33218
33571
33999
34165
34351
34367
34637
34886
35044
35386
35403
35611
35937
35966
36116
36224
36353
36369
36816
37032
37411
37653
37716
37732
37807
37973
38017
38030
38115
38295
38678
38944
38978
39388
39503
39581
39953
40178
40180
40207
40779
40846
40996
41362
41396
41641
41650
41698
42053
42601
42606
42649
42677
42712
42788
42796
42883
42916
43109
43444
43571
43754
43801
43812
43865
44396
44427
44615
44862
44890
44957
45084
45247
45278
45392
45402
45488
45856
45860
45960
46038
46171
46565
46572
46613
46858
46888
46945
47146
47178
47206
47240
47357
47498
47581
47760
47810
48000
48007
48125
48193
48361
48898
49047
49078
49106
49265
49309
49332
49627
49638
49664
49733
49932
50031
50078
50162
50192
50225
50419
50431
50484
50518
50886
50983
51211
51273
51460
51685
51888
52106
52183
52370
52491
52534
52611
52617
52841
53132
53499
53718
53777
53834
53851
53934
53941
54048
54054
54198
54217
54248
54269
54271
54328
54343
54453
54600
54761
55045
55191
55219
55234
55316
55538
55661
55758
55821
55844
56077
56156
56160
56345
56474
56652
56750
56786
56901
56923
57038
57064
57145
57400
57425
57671
57703
57750
57979
58153
58366
58373
58394
58586
58670
58864
58943
59034
59438
59477
59706
59849
59894
60143
60233
60369
60648
60684
60700
60764
60790
60808
60845
60847
61117
61211
61252
61500
61546
61634
61847
61932
61994
62181
62202
62367
62374
62474
62483
62556
62599
62898
63030
63148
63219
63267
63465
63633
63637
63750
63992
64269
64351
64549
64594
64616
64819
64825
64913
64934
64979
65304
66161
66163
66198
66408
66537
66716
66731
66734
66744
67126
67128
67159
67212
67230
67418
67439
67547
67602
67646
67903
67991
68307
68398
68629
68634
68658
68707
68940
69038
69227
69259
69469
69609
69877
70252
70554
70667
70758
71049
71183
71198
71253
71372
71429
71472
71474
71783
71823
72133
72139
72183
72297
72460
72464
72524
72600
73592
73593
73594
73646
73877
74129
74150
74157
74306
74311
74476
74546
74982
75011
75079
75221
75509
75717
75852
76191
76214
76381
76392
76464
76475
76635
76836
77019
77023
77058
77100
77324
77407
77466
77610
77686
77720
77738
77889
77951
78067
78153
78384
78398
78560
78756
79100
79182
79406
79540
79580
79589
79985
80411
80444
80732
80757
80834
80944
81204
81269
81342
81496
81719
81909
81914
82059
82294
82308
82324
82407
82479
82527
82605
82984
83142
83195
83228
83389
83435
83443
83467
83616
83618
83688
84119
84301
85326
85632
85635
85649
86043
86061
86279
86401
86564
86699
86757
86772
86992
86997
86999
87144
87182
87186
87190
87213
87358
87544
87665
87724
87748
87910
88078
88243
88368
88424
88526
88568
88640
88810
88986
89158
89213
89420
89466
89512
89681
90176
90357
90377
90514
90649
90746
90863
90877
91030
91166
91179
91185
91298
91308
92188
92277
92363
92801
92878
92901
92982
93179
93257
93319
93340
93388
93395
93520
93543
93604
93804
93866
94026
94050
94269
94454
94470
94693
94734
94931
95073
95248
95251
95254
95467
95503
95837
95898
95927
95955
96007
96094
96410
96459
96463
96562
96698
97034
97803
98014
98366
98448
98483
98495
99101
99261
99267
99325
99513
99614
99620
99817
99865
100036
100124
100358
100597
100664
100823
101070
101739
102091
102097
102218
102368
102378
102425
102442
102563
102671
102693
103322
103562
103587
103599
103737
103777
103829
103929
103939
104009
104054
104291
104338
104345
104348
104442
104458
104727
104759
104823
104949
105255
105476
105511
106346
106636
106650
106811
107010
107130
108677
108769
108857
109050
109401
109524
109547
109676
109708
109743
110028
110328
110399
110499
110505
110562
110671
110726
110790
110842
111082
111255
111262
111309
111329
111525
111721
111942
112288
112307
112459
112679
112828
113073
113235
113263
113377
113687
113714
113800
113816
113939
113945
113997
114007
114342
114545
114603
114632
114636
114744
114808
114879
115058
115088
115104
115214
115233
115486
115531
115573
115662
116078
116095
116121
116126
116195
116554
116604
116635
116649
116876
117056
117088
117089
117103
117141
117144
117347
117386
117525
117550
117647
117733
117785
118131
118176
118894
118986
119059
119189
119304
119397
119423
119588
119671
119694
119796
119911
120466
120576
120893
120968
121454
121717
121864
122012
122061
122154
122158
122249
122421
122579
122581
122739
122802
122828
122839
123067
123096
123131
123605
123622
123639
123725
123755
124025
124336
124388
124413
124513
124571
124576
124631
124866
124967
124984
125001
125078
125128
125146
125248
125281
125295
125308
125368
125432
125458
125649
125746
125969
126010
126037
126443
126461
126710
127143
127144
127226
127249
127450
127462
127546
127596
127606
127900
128026
128052
128074
128274
128319
128337
128448
128478
128517
128522
128586
128780
128805
128821
128967
129225
129362
129641
129747
129793
129905
129952
130033
130059
130088
130096
130220
130396
130444
130459
130609
130838
130840
130917
131147
131216
131472
131700
131706
132098
132136
132207
132220
132354
132426
132484
133305
133354
134168
134216
134483
134515
134579
134844
134990
135062
135170
135305
135340
135412
135434
135471
135684
135748
136072
136098
136241
136326
136376
136394
136601
136685
136693
137119
137139
137149
137176
137259
137365
137396
137628
137678
137732
137945
138069
138096
138405
138531
138771
138837
139089
139366
139527
139533
139606
139688
139689
139772
139825
139941
140273
140432
140621
140685
141085
141315
141390
141626
142051
142107
142114
142115
142167
142187
142270
142293
142380
142460
142489
142516
142573
142655
142986
143364
143385
143444
143476
143541
143641
143713
143939
144052
144071
144079
144409
144664
144716
145116
145121
145189
145251
145310
145408
145541
145630
145683
145772
145798
145944
146376
146466
146507
146623
146634
147069
147446
147660
147827
147843
147907
148043
148432
148454
148888
149331
149380
149489
149541
149654
149800
149945
149997
150055
150078
150333
150487
150524
150552
150792
150994
151066
151423
151424
151532
151717
151723
151730
151764
151802
151875
151912
152044
152112
152133
152264
152428
152467
152498
152569
152684
152851
152911
153108
153163
153333
153464
153661
154067
154188
154193
154247
154291
154295
154402
154452
154610
154656
154778
154836
155141
155147
155211
155255
155266
155407
155438
155678
156025
156040
156340
156759
156924
157254
157482
157780
158226
158248
158645
158705
158714
158807
158844
159059
159073
159251
159400
159867
160122
160199
160202
160351
160363
160407
160424
160438
160680
160689
160781
160993
160998
161078
161224
161410
161736
161740
161784
161986
162289
162383
162405
162682
162709
162755
162836
162842
162957
163039
163368
163511
163641
163647
163956
164029
164117
164253
164268
164524
164595
164604
164740
164752
164843
164878
164905
165004
165056
165102
165225
165496
165648
165688
165736
165782
165960
166115
166203
166246
166322
166553
166893
167126
167530
167887
168066
168162
168194
168195
168598
168607
168729
169001
169039
169107
169156
169205
169274
169351
169409
169422
169700
169836
169872
170180
170576
170644
171104
171225
171647
171682
171685
171707
171872
172335
172390
172577
172691
172705
172772
173151
173216
173447
173561
173711
173778
173912
173964
174173
174285
174515
174617
174730
174931
175119
175359
175585
175602
175683
175728
175928
176061
176151
176664
176770
176997
177016
177378
177486
177513
177791
178098
178166
178169
178185
178230
178348
178420
178482
178591
178604
178887
178946
179089
179439
179684
179900
179911
180414
180491
180583
180595
180655
180661
180711
180776
180783
180961
181114
181167
181195
181213
181217
181250
181356
181562
181571
181704
181853
181899
182065
182099
182154
182199
182215
182343
182404
182453
182892
183145
183175
183233
183302
183355
183539
183672
183740
183946
183978
184273
184336
184483
184489
184975
185029
185328
185507
185962
185977
186027
186290
186340
186462
186672
187056
187166
187229
187293
187323
187404
187942
187948
188097
188203
188345
188391
188408
188590
188600
188631
188804
188968
189038
189042
189064
189074
189090
189143
189315
189574
189578
189639
189965
190210
190315
190454
190579
190666
190851
190903
191621
191871
192198
192507
192697
192721
192926
192944
192955
192996
193169
193235
193284
193340
193499
193523
193640
193768
193825
193894
193924
194074
194319
194351
194511
194636
194965
195051
195076
195115
195660
195667
195721
195744
195983
196018
196267
196327
196528
196602
196837
196982
196987
197138
197360
197425
197450
197696
197864
198168
198244
198278
198315
198390
198422
198468
198564
199129
199301
199373
199380
199411
199415
199458
199472
199481
199528
199590
199859
199924
200048
200215
200295
200470
200605
200904
200965
201522
201644
201655
201833
202377
202568
202694
202968
203010
203173
203189
203360
203472
203543
203662
203779
203887
204204
204285
204471
204634
204881
204936
205121
205382
205394
205835
205927
206113
206209
206311
206326
206546
206597
206788
207116
207122
207155
207286
207340
207618
207812
207825
207874
207905
208019
208043
208079
208090
208344
209025
209051
209291
209416
209552
209784
209854
209885
210018
210037
210197
210291
210313
210356
210659
210664
210665
210786
210798
210822
210962
211071
211180
211297
211505
211513
211587
211779
211800
212128
212164
212245
212768
212877
213204
213227
213263
213316
213422
213550
213615
213632
213717
214092
214094
214170
214199
214252
214846
214886
214998
215004
215108
215248
215443
215665
215689
215693
215745
215761
215844
216003
216104
216160
216177
216263
216482
216874
217013
217121
217146
217387
217547
217558
217706
217974
217991
218310
218556
218719
218794
218815
218941
219115
219166
219178
219290
219333
219627
219693
219860
219867
219870
219874
219902
219920
220117
220218
220432
220623
220778
221360
221383
221417
221459
221563
221787
221804
221987
222031
222048
222135
222187
222218
222517
222623
222802
223081
223214
223476
223540
223545
223714
223898
224216
224268
224542
224653
224714
224894
224934
225013
225171
225189
225272
225310
225572
225689
225810
225883
226136
226310
226483
226642
226672
226703
226722
226823
226919
227010
227069
227164
227268
227296
227405
227408
227730
227973
228041
228075
228158
228173
228303
228597
228642
228708
229243
229260
229589
229814
230088
231109
231157
231211
231341
231500
231603
231662
231893
231920
232059
232160
232173
232485
232657
232840
232923
233158
233278
233441
233585
233652
233752
233798
233880
234311
234334
234524
234670
234776
234795
235276
235421
235713
235794
235826
235862
235891
235936
235979
236112
236162
236399
236485
236528
236587
236659
236722
236786
236788
236964
237063
237129
237454
237491
237575
237613
237684
237713
237744
237835
237965
237980
238123
238158
238623
238633
238655
238689
238731
238858
238953
239077
239079
239508
239568
239600
239694
239978
240076
240144
240188
240342
240343
240421
240667
240933
241032
241406
241460
241610
241680
241785
242183
242256
242426
242602
242985
243136
243423
243442
243837
243866
244122
244137
244298
244358
244382
244463
244764
244879
245004
245072
245119
245130
245151
245290
245303
245400
245406
245600
246064
246326
246616
246761
246776
246904
247070
247107
247421
247455
247551
247596
247632
247885
248466
248485
248504
248803
248831
248857
249199
249327
249539
249585
249761
249795
249958
250353
250373
250414
250536
250599
250675
251043
251144
251291
251309
251534
251591
251601
251852
252167
252380
252503
252517
252737
252813
253119
253648
253748
254541
254647
254667
254804
254814
255044
255331
255532
255682
255907
256159
256168
256327
256564
256567
256593
256776
256845
256879
256886
256890
256950
256988
257179
257407
257722
258238
258798
259152
259245
259270
259580
260067
260269
260341
260637
260767
260857
260893
260964
260980
261305
261644
262213
262256
262292
262314
262445
262605
262646
262669
262912
262999
263023
263030
263074
263434
263537
263600
263746
263800
264124
264143
264195
264242
264303
264529
264675
264771
264873
265208
265246
265258
265270
265611
265623
265722
265756
265791
266050
266118
266274
266473
266475
266563
266599
266644
266782
267017
267036
267105
267386
267656
267892
268457
268558
268656
268779
268814
269113
269124
269214
269278
269332
269371
269604
269813
269903
269910
270037
270058
270384
270386
270421
270875
270911
271120
271173
271458
271582
271912
272081
272257
272563
272624
272697
272970
273198
273562
273588
273590
273705
273732
273857
273902
274246
274273
274299
274650
274692
275074
275155
275165
275318
275373
275402
275726
275795
275876
275894
276000
276071
276097
276098
276172
276484
276962
277054
277318
277354
277626
277654
277731
278023
278062
278090
278160
278239
278386
278437
278583
