4
30
79
101
131
302
308
321
329
355
382
452
459
488
491
512
569
625
652
705
731
774
861
886
900
954
968
980
988
989
990
998
1040
1043
1045
1057
1086
1189
1192
1239
1319
1351
1374
1377
1389
1416
1423
1470
1472
1493
1500
1529
1558
1570
1575
1581
1635
1648
1687
1727
1728
1738
1765
1771
1828
1865
1886
1922
1923
1929
1943
2113
2122
2136
2176
2231
2235
2306
2316
2336
2417
2429
2432
2458
2483
2557
2575
2605
2620
2623
2694
2845
2852
2889
2914
2956
2987
2992
3057
3112
3158
3164
3180
3181
3189
3201
3221
3238
3241
3251
3304
3353
3416
3419
3456
3469
3494
3504
3537
3579
3614
3616
3646
3651
3725
3738
3757
3807
3837
3848
3868
3921
3930
3994
4018
4039
4053
4095
4100
4112
4124
4166
4184
4189
4210
4211
4217
4239
4269
4402
4411
4441
4465
4511
4526
4600
4607
4637
4666
4884
4945
5015
5028
5059
5133
5153
5181
5216
5254
5273
5277
5298
5309
5396
5400
5428
5437
5525
5610
5631
5641
5659
5677
5706
5743
5766
5789
5831
5857
5952
5955
5969
5974
6029
6090
6114
6197
6211
6248
6264
6355
6376
6399
6431
6453
6456
6469
6479
6501
6537
6595
6625
6637
6650
6657
6663
6668
6733
6804
6833
6849
6872
6883
6899
6933
7140
7144
7155
7180
7215
7271
7298
7323
7367
7372
7455
7483
7487
7492
7503
7519
7570
7583
7591
7632
7635
7677
7685
7733
7746
7832
7833
7910
7972
8018
8135
8199
8302
8355
8365
8409
8415
8420
8464
8488
8510
8551
8567
8660
8671
8740
8746
8774
8807
8850
8856
8860
8925
8935
8941
8960
9002
9043
9054
9061
9144
9155
9181
9188
9229
9242
9255
9259
9357
9411
9454
9463
9522
9535
9654
9671
9683
9712
9714
9721
9752
9784
9787
9794
9809
9836
9883
9901
9912
9915
9937
9945
9955
9988
9998
10000
10016
10058
10064
10066
10116
10141
10151
10180
10188
10196
10201
10206
10308
10320
10324
10351
10362
10444
10471
10544
10566
10592
10605
10619
10656
10659
10666
10667
10670
10682
10692
10723
10746
10764
10800
10825
10866
10883
10912
10923
10936
10941
10961
10972
10978
11033
11035
11052
11066
11088
11134
11152
11200
11233
11277
11335
11396
11434
11439
11475
11476
11501
11505
11528
11545
11561
11562
11577
11587
11639
11689
11791
11883
11947
12007
12018
12047
12075
12089
12106
12153
12156
12161
12172
12173
12178
12212
12216
12246
12327
12345
12361
12407
12443
12556
12577
12580
12592
12601
12609
12619
12638
12656
12664
12676
12703
12711
12732
12733
12748
12772
12774
12783
12792
12825
12829
12868
12903
12916
12924
12927
12931
12950
12963
13013
13028
13034
13069
13141
13161
13202
13248
13252
13273
13291
13458
13470
13497
13557
13572
13577
13619
13655
13664
13666
13668
13686
13694
13722
13741
13812
13870
13871
13903
13921
13947
13949
13970
13974
13996
14019
14028
14106
14121
14196
14227
14231
14238
14257
14259
14273
14278
14340
14367
14369
14370
14381
14491
14520
14531
14542
14550
14577
14583
14637
14643
14682
14728
14830
14881
14896
14911
14928
14931
14935
14972
14982
14994
14998
15025
15054
15055
15062
15140
15177
15184
15197
15199
15200
15240
15248
15260
15262
15267
15283
15287
15293
15296
15424
15443
15495
15560
15564
15585
15596
15617
15635
15642
15645
15649
15697
15737
15742
15750
15755
15764
15818
15931
15938
15947
15967
15981
16021
16261
16268
16306
16307
16349
16369
16373
16383
16412
16502
16507
16540
16585
16592
16600
16611
16616
16628
16636
16653
16669
16700
16707
16721
16724
16850
16853
16854
16890
16892
16900
16938
16955
16981
16989
16990
17008
17024
17064
17081
17187
17195
17196
17247
17299
17369
17425
17443
17468
17476
17533
17627
17641
17741
17818
17911
17912
17917
17980
18040
18066
18072
18080
18081
18128
18185
18216
18246
18272
18282
18301
18312
18336
18382
18446
18475
18483
18494
18533
18596
18619
18723
18755
18762
18765
18786
18801
18838
18844
18848
18869
18977
18978
19024
19030
19087
19101
19113
19152
19154
19221
19233
19254
19306
19310
19360
19364
19392
19424
19428
19453
19554
19561
19572
19681
19687
19794
19802
19809
19875
19881
19905
19998
20060
20061
20081
20088
20109
20113
20131
20139
20190
20206
20212
20219
20222
20238
20244
20251
20285
20333
20336
20383
20415
20542
20578
20623
20682
20692
20737
20755
20775
20807
20820
20824
20837
20854
20857
20865
20894
21085
21117
21176
21315
21317
21410
21411
21449
21477
21609
21716
21812
21827
21828
21884
21890
21894
21899
21925
21941
21975
22048
22059
22131
22186
22194
22255
22268
22270
22272
22281
22287
22326
22330
22333
22341
22364
22410
22426
22683
22747
22773
22793
22802
22807
22848
22966
22984
23006
23176
23193
23195
23201
23208
23240
23269
23274
23334
23356
23366
23392
23456
23486
23509
23527
23611
23636
23637
23678
23682
23701
23702
23724
23745
23749
23768
23843
23905
23912
23943
23952
23956
23962
23979
23993
23996
24020
24049
24059
24064
24096
24186
24210
24226
24277
24382
24407
24420
24462
24499
24512
24546
24593
24612
24635
24653
24679
24684
24699
24730
24736
24773
24803
24822
24847
24901
24906
24907
24936
24961
25000
25004
25023
25026
25182
25214
25215
25236
25241
25255
25275
25287
25401
25461
25527
25582
25642
25660
25686
25701
25718
25756
25831
25868
25876
25912
26100
26226
26276
26283
26288
26300
26320
26322
26355
26394
26448
26483
26506
26516
26593
26604
26661
26721
26753
26774
26792
26838
26854
26897
26976
27022
27052
27060
27075
27101
27128
27145
27170
27199
27267
27354
27447
27474
27539
27561
27600
27656
27688
27700
27703
27707
27725
27731
27735
27745
27767
27787
27815
27829
27838
27886
27923
27925
28104
28172
28189
28192
28203
28224
28263
28355
28382
28393
28430
28434
28457
28458
28490
28494
28501
28510
28561
28582
28591
28607
28624
28637
28665
28667
28686
28699
28743
28802
28811
28823
28828
28881
28915
28921
28925
28993
29019
29074
29120
29147
29159
29163
29199
29208
29213
29245
29279
29317
29411
29435
29498
29516
29561
29593
29601
29626
29639
29643
29724
29745
29750
29814
29857
29864
29875
29970
29993
30045
30124
30125
30133
30142
30174
30201
30205
30236
30242
30256
30327
30334
30340
30433
30576
30594
30609
30650
30673
30679
30686
30705
30721
30771
30778
30811
30824
30826
30840
30843
30857
30863
30866
30908
30919
30931
30942
30966
31022
31033
31067
31069
31091
31124
31180
31248
31330
31339
31416
31423
31439
31459
31486
31504
31506
31508
31512
31518
31534
31537
31538
31607
31635
31692
31726
31738
31759
31761
31768
31805
31887
31917
32005
32011
32024
32027
32056
32072
32073
32086
32111
32163
32177
32246
32247
32266
32271
32277
32296
32308
32328
32336
32365
32451
32463
32476
32486
32490
32513
32525
32530
32550
32586
32587
32595
32615
32659
32722
32748
32763
32773
32842
32859
33018
33023
33037
33047
33081
33097
33140
33141
33160
33165
33166
33234
33237
33241
33255
33278
33294
33394
33431
33467
33495
33560
33616
33626
33649
33656
33710
33770
33776
33816
33820
33831
33902
33916
33917
33922
34001
34011
34020
34046
34057
34192
34193
34201
34233
34255
34257
34272
34301
34319
34327
34355
34373
34379
34418
34420
34440
34447
34458
34476
34513
34529
34534
34555
34591
34614
34625
34628
34659
34691
34751
34770
34791
34818
34836
34848
34854
34872
34905
34928
34931
34939
34953
34957
34977
34983
35000
35008
35012
35034
35036
35068
35111
35138
35157
35160
35175
35285
35312
35340
35365
35379
35418
35448
35490
35593
35598
35604
35637
35664
35726
35730
35745
35753
35758
35769
35780
35909
35943
35962
36040
36083
36092
36100
36110
36132
36161
36164
36251
36263
36281
36296
36316
36334
36343
36358
36365
36371
36485
36522
36543
36567
36620
36640
36669
36677
36748
36770
36776
36781
36832
36833
36885
36904
36971
37036
37055
37090
37091
37114
37152
37182
37186
37191
37197
37231
37253
37291
37298
37399
37414
37442
37453
37460
37486
37507
37519
37522
37546
37581
37587
37652
37663
37673
37715
37721
37754
37767
37782
37800
37802
37823
37837
37847
37898
37925
37935
37959
37968
37977
37980
37995
37999
38016
38029
38066
38085
38094
38114
38124
38153
38172
38188
38198
38204
38223
38248
38276
38279
38330
38377
38425
38442
38472
38473
38475
38483
38505
38530
38569
38590
38606
38663
38669
38673
38722
38743
38772
38773
38843
38853
38898
38905
38915
38967
39017
39033
39054
39078
39092
39094
39107
39112
39161
39167
39179
39180
39183
39187
39203
39223
39224
39228
39239
39259
39311
39316
39334
39336
39344
39374
39432
39434
39450
39461
39463
39470
39474
39486
39490
39518
39552
39556
39583
39584
39677
39685
39687
39695
39781
39831
39878
39890
39929
39933
39941
39950
40018
40054
40063
40067
40076
40081
40125
40148
40163
40166
40177
40182
40203
40240
40264
40266
40279
40294
40332
40337
40370
40374
40415
40427
40505
40550
40561
40586
40625
40646
40688
40719
40766
40773
40781
40843
40898
40991
41105
41146
41153
41199
41224
41227
41264
41338
41350
41417
41440
41471
41491
41507
41539
41588
41639
41669
41726
41734
41759
41884
41894
41900
41944
41972
41980
42032
42080
42190
42233
42431
42441
42443
42457
42458
42502
42538
42547
42610
42631
42657
42731
42743
42765
42784
42791
42834
42848
42859
42901
42930
42962
43005
43082
43114
43115
43140
43225
43249
43263
43339
43353
43367
43389
43414
43445
43451
43462
43482
43602
43645
43653
43693
43708
43710
43711
43715
43777
43826
43828
43832
43836
43861
43894
43895
43901
43919
43936
43979
44079
44128
44139
44145
44202
44222
44271
44289
44314
44378
44422
44451
44562
44585
44593
44644
44714
44715
44734
44768
44820
44843
44849
44853
44861
44892
44904
44915
44942
44947
44958
44959
44977
44986
45020
45022
45032
45035
45044
45069
45072
45104
45171
45198
45207
45220
45338
45346
45387
45413
45416
45434
45444
45445
45455
45459
45466
45473
45518
45549
45563
45589
45595
45673
45721
45723
45726
45741
45779
45781
45795
45808
45811
45815
45889
45917
46107
46112
46113
46120
46141
46173
46231
46269
46279
46282
46307
46332
46341
46362
46367
46376
46384
46387
46389
46407
46423
46430
46483
46559
46586
46621
46656
46658
46670
46671
46683
46703
46833
46835
46874
46938
46955
46997
47058
47075
47081
47118
47161
47170
47177
47203
47273
47321
47334
47453
47459
47472
47503
47536
47607
47620
47649
47659
47691
47726
47729
47737
47793
47804
47826
47839
47884
47932
47959
48039
48054
48086
48092
48097
48117
48143
48173
48184
48234
48369
48374
48409
48436
48438
48518
48551
48613
48633
48663
48690
48738
48824
48841
48851
48860
48905
48939
48955
48969
49012
49013
49027
49058
49097
49102
49123
49125
49138
49139
49143
49171
49225
49266
49272
49289
49320
49321
49406
49414
49423
49490
49525
49569
49583
49590
49624
49658
49722
49826
49888
49904
49954
49970
50024
50076
50079
50084
50102
50115
50142
50190
50196
50252
50307
50327
50398
50433
50443
50477
50610
50620
50631
50649
50708
50718
50721
50725
50729
50745
50787
50829
50857
50922
50945
50954
50992
51028
51030
51032
51059
51062
51076
51081
51110
51112
51156
51191
51225
51248
51250
51314
51346
51387
51396
51400
51410
51432
51513
51548
51571
51581
51593
51609
51619
51646
51647
51676
51691
51713
51741
51761
51789
51796
51828
51837
51849
51859
51895
51898
52011
52013
52069
52135
52187
52237
52256
52261
52295
52296
52358
52393
52415
52419
52431
52469
52479
52553
52555
52570
52586
52630
52639
52665
52686
52712
52834
52953
53003
53066
53091
53101
53112
53199
53248
53265
53279
53291
53310
53313
53587
53635
53649
53751
53782
53837
53840
53842
53872
53908
53914
53923
53946
54008
54027
54105
54120
54122
54161
54164
54202
54263
54280
54304
54314
54336
54354
54355
54372
54383
54401
54536
54540
54545
54577
54629
54637
54657
54772
54773
54820
54840
54903
54910
54913
54916
54960
54975
54995
55010
55044
55055
55064
55068
55072
55089
55108
55176
55248
55252
55281
55289
55397
55412
55418
55548
55594
55699
55712
55732
55775
55778
55796
55806
55816
55846
55893
55896
55920
56061
56082
56083
56095
56146
56149
56180
56187
56188
56189
56200
56234
56239
56272
56360
56384
56388
56415
56448
56473
56478
56490
56497
56502
56540
56613
56631
56638
56647
56669
56688
56710
56711
56854
56906
56943
56946
56956
56971
56991
57019
57051
57075
57123
57182
57192
57249
57250
57288
57358
57380
57399
57411
57416
57422
57426
57439
57440
57444
57452
57481
57489
57506
57520
57530
57531
57617
57623
57628
57632
57635
57650
57664
57720
57752
57757
57765
57776
57798
57835
57857
57905
57913
57917
57957
57981
58011
58027
58028
58044
58055
58121
58127
58139
58144
58199
58231
58264
58290
58344
58393
58409
58435
58436
58506
58602
58608
58634
58657
58713
58744
58756
58768
58782
58787
58815
58841
58909
58924
58975
59055
59058
59095
59158
59197
59297
59352
59396
59416
59456
59528
59624
59659
59686
59697
59698
59758
59767
59784
59787
59813
59815
59819
59820
59822
59845
59864
59874
59879
59885
59910
59920
59932
59968
59976
59988
59993
60024
60082
60121
60153
60156
60162
60208
60217
60247
60248
60249
60250
60274
60297
60319
60353
60397
60470
60502
60523
60529
60602
60603
60605
60639
60646
60655
60674
60701
60710
60759
60763
60767
60778
60779
60786
60788
60792
60830
60864
60895
60935
61042
61078
61112
61115
61195
61222
61225
61249
61297
61301
61352
61441
61447
61461
61469
61522
61561
61582
61623
61630
61668
61698
61732
61781
61810
61862
61901
61920
62019
62028
62057
62081
62130
62139
62147
62161
62201
62210
62220
62243
62286
62307
62314
62321
62414
62443
62446
62477
62484
62504
62518
62533
62552
62567
62695
62709
62769
62770
62772
62775
62828
62847
62859
62911
62978
63034
63072
63089
63106
63108
63145
63199
63226
63250
63346
63399
63405
63454
63483
63487
63488
63500
63526
63536
63570
63573
63595
63600
63625
63664
63681
63693
63695
63712
63752
63771
63848
63863
63893
63919
63929
63955
63995
64001
64106
64114
64163
64164
64191
64322
64331
64342
64386
64443
64445
64454
64479
64484
64494
64511
64516
64537
64574
64576
64592
64596
64601
64606
64644
64647
64686
64700
64732
64733
64823
64837
64845
64858
64881
64912
64954
64969
65006
65009
65014
65034
65051
65166
65172
65176
65219
65221
65247
65253
65311
65315
65371
65400
65442
65472
65476
65477
65505
65508
65511
65523
65563
65593
65707
65710
65727
65798
65818
65870
65907
65930
65989
66020
66052
66061
66094
66110
66158
66175
66285
66317
66353
66380
66409
66432
66444
66453
66478
66510
66515
66532
66542
66649
66682
66687
66700
66711
66725
66738
66824
66860
66861
66959
66971
66989
67023
67048
67069
67090
67109
67110
67158
67164
67199
67217
67225
67231
67233
67237
67252
67285
67302
67377
67385
67429
67447
67469
67472
67475
67486
67554
67572
67598
67666
67816
67823
67835
67838
67846
67871
67919
67929
67940
67941
67962
67971
67978
67993
68011
68029
68060
68113
68119
68132
68133
68162
68183
68184
68221
68298
68350
68361
68390
68397
68429
68497
68507
68511
68564
68599
68612
68632
68638
68700
68703
68736
68780
68787
68789
68791
68799
68813
68815
68827
68836
68877
68890
68917
68994
69028
69035
69050
69113
69119
69194
69244
69262
69288
69338
69379
69416
69418
69470
69520
69652
69660
69663
69678
69689
69746
69762
69795
69799
69807
69848
69959
69971
69978
69983
69995
70005
70076
70104
70116
70120
70149
70161
70169
70171
70175
70192
70197
70239
70307
70312
70354
70366
70432
70496
70535
70604
70666
70715
70725
70745
70755
70792
70812
70876
70884
70918
70927
70945
70999
71015
71037
71073
71078
71085
71192
71219
71246
71266
71313
71476
71508
71532
71538
71547
71548
71606
71619
71684
71696
71806
71852
71866
71881
71888
71902
71911
71919
71920
71946
71951
71959
71967
72058
72090
72115
72137
72171
72229
72234
72282
72299
72315
72322
72340
72341
72385
72467
72539
72540
72655
72736
72748
72770
72967
73007
73021
73037
73059
73060
73115
73121
73122
73145
73155
73163
73172
73177
73182
73214
73219
73229
73237
73272
73359
73382
73393
73407
73413
73428
73476
73485
73496
73530
73552
73610
73666
73667
73755
73758
73763
73766
73777
73816
73822
73884
73914
74012
74015
74105
74121
74124
74139
74193
74203
74214
74219
74317
74347
74375
74381
74388
74411
74431
74459
74467
74544
74568
74591
74653
74672
74690
74700
74716
74756
74780
74830
74879
74887
74930
74932
75001
75041
75055
75084
75091
75094
75150
75180
75199
75214
75219
75255
75294
75309
75384
75429
75456
75485
75510
75518
75521
75523
75533
75555
75574
75575
75595
75637
75659
75790
75797
75801
75904
75935
76010
76136
76149
76166
76281
76302
76351
76388
76404
76431
76500
76538
76601
76634
76663
76665
76669
76727
76774
76783
76817
76828
76833
76846
76873
76888
76889
76923
76988
77016
77031
77072
77099
77102
77108
77110
77118
77150
77186
77187
77192
77197
77216
77231
77233
77269
77343
77377
77392
77423
77430
77431
77439
77443
77493
77502
77549
77640
77679
77681
77687
77727
77742
77782
77785
77786
77802
77888
77953
77958
78003
78013
78016
78058
78087
78088
78120
78123
78136
78182
78266
78268
78270
78303
78326
78390
78456
78478
78503
78538
78548
78552
78617
78652
78653
78662
78666
78715
78719
78805
78835
78838
78926
78982
79012
79020
79052
79055
79084
79111
79122
79150
79159
79160
79358
79390
79394
79418
79420
79448
79467
79483
79501
79539
79728
79748
79751
79759
79760
79790
79801
79845
79892
79910
79913
79939
80006
80022
80023
80025
80070
80095
80134
80160
80187
80190
80237
80252
80255
80264
80304
80335
80386
80434
80443
80447
80451
80475
80484
80497
80540
80547
80565
80596
80654
80694
80762
80768
80782
80790
80827
80855
80885
80895
80904
80942
80949
80955
80959
80966
81000
81006
81013
81114
81125
81139
81157
81161
81181
81183
81222
81250
81287
81300
81343
81350
81374
81421
81444
81482
81620
81639
81659
81686
81691
81713
81734
81749
81788
81847
81922
82033
82037
82101
82123
82144
82215
82238
82257
82258
82259
82263
82303
82318
82321
82325
82444
82461
82472
82500
82501
82505
82545
82552
82705
82759
82918
82934
82973
82976
82992
83103
83105
83130
83149
83152
83163
83234
83301
83316
83343
83407
83510
83517
83522
83563
83590
83603
83614
83631
83643
83673
83694
83696
83766
83770
83782
83811
83825
83831
83893
83900
83931
83932
83945
83947
83961
83973
84016
84048
84078
84211
84214
84233
84261
84262
84290
84324
84359
84489
84491
84501
84510
84587
84627
84640
84642
84676
84740
84782
84795
84818
84826
84863
84869
84874
84978
85005
85083
85092
85129
85146
85168
85201
85203
85212
85231
85241
85289
85352
85355
85439
85451
85452
85455
85459
85462
85491
85495
85499
85523
85528
85586
85605
85611
85614
85644
85645
85690
85792
85813
85848
85873
85893
85958
85959
86051
86131
86144
86180
86194
86220
86241
86318
86343
86350
86461
86559
86585
86651
86654
86692
86697
86701
86714
86758
86763
86836
86864
86922
86932
86937
86942
86953
86976
86981
87001
87003
87012
87023
87027
87044
87072
87083
87090
87096
87106
87177
87195
87407
87568
87604
87622
87671
87716
87730
87735
87755
87758
87795
87829
87845
87865
87902
87905
87935
88012
88026
88033
88037
88056
88085
88086
88088
88111
88192
88208
88275
88300
88303
88334
88389
88446
88489
88506
88515
88516
88555
88576
88612
88686
88726
88731
88732
88736
88739
88748
88749
88750
88776
88883
88885
88886
88947
88954
89004
89013
89029
89105
89202
89255
89297
89302
89331
89340
89351
89406
89409
89427
89442
89458
89495
89564
89602
89640
89662
89669
89720
89722
89732
89741
89746
89820
89933
89953
89989
90059
90076
90077
90081
90104
90110
90161
90200
90202
90213
90227
90261
90308
90309
90314
90322
90340
90349
90549
90705
90735
90742
90761
90789
90797
90822
90856
90908
90940
90957
91032
91067
91163
91290
91292
91303
91309
91315
91356
91369
91400
91421
91422
91431
91507
91565
91606
91790
91879
91979
92021
92111
92120
92234
92248
92308
92314
92327
92343
92353
92354
92381
92382
92441
92473
92521
92589
92595
92602
92608
92629
92648
92649
92655
92696
92713
92721
92735
92763
92781
92803
92818
92841
92924
93016
93141
93168
93169
93199
93208
93214
93222
93239
93280
93323
93325
93336
93419
93438
93460
93512
93527
93537
93612
93631
93632
93680
93707
93735
93762
93764
93795
93799
93811
93817
93869
93872
93882
93958
93975
93992
93996
94025
94039
94106
94140
94170
94228
94236
94273
94298
94324
94415
94424
94433
94536
94537
94544
94570
94573
94593
94597
94637
94642
94703
94748
94780
94823
94824
94862
94875
94878
94894
94909
94956
95012
95030
95032
95043
95049
95058
95060
95069
95103
95147
95164
95243
95298
95300
95321
95351
95355
95370
95393
95407
95411
95538
95557
95566
95570
95591
95656
95661
95722
95773
95786
95799
95811
95850
95880
95891
95907
95931
96092
96115
96255
96256
96318
96353
96371
96407
96419
96461
96517
96560
96563
96657
96679
96687
96703
96721
96725
96732
96733
96734
96750
96807
96814
96876
96926
96965
96978
97004
97050
97068
97075
97182
97191
97209
97255
97356
97365
97413
97467
97499
97518
97524
97529
97578
97595
97598
97599
97622
97629
97647
97652
97672
97700
97716
97834
97844
97854
97923
97961
98024
98036
98078
98094
98108
98256
98291
98329
98337
98368
98369
98379
98429
98442
98443
98460
98476
98507
98519
98612
98680
98732
98734
98785
98791
98798
98833
98848
98889
98928
98929
98939
98961
98973
99113
99115
99131
99136
99210
99224
99243
99253
99266
99271
99308
99315
99356
99369
99455
99516
99532
99540
99552
99617
99646
99648
99654
99708
99734
99741
99784
99787
99810
99844
99848
99861
99882
99886
99932
99975
100007
100073
100076
100088
100125
100189
100191
100233
100237
100251
100259
100293
100322
100381
100429
100512
100525
100544
100579
100620
100643
100668
100701
100739
100769
100780
100801
100852
100858
100889
100914
100926
100938
100943
100947
100987
100999
101014
101018
101020
101109
101113
101161
101178
101236
101269
101281
101283
101291
101324
101332
101344
101385
101388
101406
101464
101473
101474
101486
101519
101521
101559
101594
101605
101665
101685
101720
101789
101828
101849
101883
101889
101898
101900
101918
101954
101985
101992
102001
102038
102053
102060
102084
102098
102110
102117
102136
102189
102225
102246
102258
102302
102385
102414
102418
102434
102463
102480
102483
102522
102526
102550
102575
102665
102688
102728
102792
102836
102838
102844
102846
102861
102934
102949
102965
102988
102991
102993
103003
103081
103096
103122
103133
103189
103212
103214
103222
103248
103260
103280
103282
103319
103362
103435
103491
103517
103545
103571
103580
103595
103628
103644
103653
103673
103688
103692
103753
103818
103869
103871
103881
103904
103909
104043
104098
104118
104142
104154
104157
104171
104183
104184
104210
104224
104246
104260
104267
104307
104314
104331
104350
104373
104397
104409
104473
104483
104510
104516
104523
104595
104641
104674
104679
104690
104710
104783
104786
104801
104865
104924
104933
104978
104994
105034
105064
105080
105083
105099
105163
105176
105178
105179
105189
105199
105230
105316
105321
105354
105394
105448
105456
105485
105524
105598
105608
105616
105623
105671
105785
105843
105855
105882
105968
106018
106020
106046
106245
106273
106286
106300
106382
106386
106414
106426
106453
106476
106496
106503
106510
106574
106622
106628
106667
106693
106768
106802
106817
106828
106913
106961
106965
106983
107032
107047
107122
107149
107152
107217
107238
107269
107274
107299
107318
107332
107333
107379
107432
107556
107559
107567
107579
107588
107651
107672
107695
107699
107751
107765
107863
107869
107877
107946
107959
108100
108156
108184
108213
108220
108310
108349
108444
108451
108648
108655
108657
108678
108694
108736
108749
108785
108846
108860
108865
108888
108961
108969
109004
109027
109048
109070
109106
109129
109131
109238
109258
109307
109311
109333
109341
109380
109399
109428
109434
109439
109441
109442
109458
109471
109476
109482
109485
109531
109561
109564
109589
109593
109629
109630
109639
109750
109773
109831
109850
109866
109901
109902
109919
109936
110033
110055
110077
110112
110134
110331
110376
110395
110408
110470
110473
110477
110526
110587
110598
110642
110735
110741
110755
110939
110940
110950
110973
110978
111005
111034
111047
111075
111079
111087
111093
111114
111148
111159
111172
111176
111211
111232
111244
111246
111271
111380
111385
111390
111398
111412
111437
111459
111478
111499
111519
111520
111522
111528
111537
111563
111586
111615
111654
111657
111697
111698
111717
111764
111794
111908
111910
111995
111996
112015
112063
112066
112078
112125
112160
112162
112164
112186
112208
112219
112250
112351
112371
112378
112402
112410
112415
112452
112468
112534
112659
112662
112678
112748
112770
112771
112804
112805
112830
112836
112841
112866
112910
112913
112927
112982
112984
112996
113013
113042
113055
113079
113086
113091
113210
113233
113245
113284
113324
113328
113336
113337
113383
113399
113402
113414
113433
113510
113520
113527
113539
113545
113556
113620
113629
113692
113718
113719
113720
113730
113753
113762
113777
113813
113830
113915
113928
113934
113950
113957
113965
113979
113980
113999
114077
114110
114191
114198
114199
114202
114213
114243
114248
114259
114278
114318
114334
114336
114357
114394
114472
114478
114484
114542
114551
114563
114566
114591
114593
114597
114630
114639
114683
114747
114756
114760
114803
114905
114983
114984
115062
115071
115082
115125
115187
115191
115195
115229
115247
115257
115262
115268
115291
115297
115312
115314
115326
115380
115385
115388
115534
115540
115541
115616
115620
115696
115724
115739
115756
115821
115853
115863
115890
115917
115944
115978
115992
116020
116040
116065
116166
116175
116184
116202
116221
116226
116234
116244
116281
116328
116333
116358
116374
116376
116399
116413
116433
116464
116476
116593
116625
116634
116675
116692
116695
116754
116885
116913
117002
117007
117013
117040
117043
117085
117134
117168
117170
117187
117218
117227
117237
117238
117272
117281
117293
117307
117332
117353
117373
117375
117398
117401
117407
117443
117444
117449
117474
117491
117628
117663
117664
117688
117693
117712
117761
117772
117780
117803
117852
117900
117901
117941
117947
117962
117981
117999
118036
118059
118075
118083
118097
118124
118154
118200
118203
118240
118289
118345
118388
118415
118546
118570
118634
118660
118716
118736
118738
118743
118752
118773
118783
118786
118803
118822
118829
118830
118851
118856
118869
118896
118908
118938
119027
119032
119100
119108
119175
119179
119204
119213
119241
119281
119331
119402
119407
119444
119463
119514
119572
119596
119598
119601
119649
119658
119668
119782
119810
119836
119865
119882
119902
119950
120052
120070
120077
120098
120115
120130
120236
120311
120313
120366
120367
120369
120373
120442
120461
120490
120510
120532
120545
120559
120582
120588
120591
120793
120818
120855
120912
120957
120961
121008
121016
121026
121027
121032
121058
121075
121087
121093
121100
121111
121175
121179
121186
121198
121259
121333
121423
121504
121574
121617
121633
121658
121802
121812
121814
121830
121855
121866
121882
121885
121891
121900
121904
121906
121944
121960
121965
121986
122038
122044
122059
122208
122218
122228
122269
122284
122310
122394
122399
122459
122563
122589
122590
122676
122681
122724
122742
122759
122790
122836
122877
122889
122892
122893
122895
122926
122932
122934
122973
123047
123057
123075
123109
123132
123137
123175
123191
123232
123259
123260
123308
123424
123427
123453
123457
123461
123584
123628
123681
123686
123709
123734
123764
123772
123792
123845
123867
123918
123932
123983
123984
124081
124114
124154
124173
124183
124204
124222
124233
124325
124330
124450
124504
124580
124602
124636
124652
124673
124727
124744
124752
124824
124849
124897
124909
124950
124951
124958
124965
125075
125087
125094
125106
125109
125178
125202
125205
125237
125240
125265
125304
125315
125318
125331
125402
125403
125439
125481
125493
125503
125512
125531
125602
125691
125719
125739
125804
125808
125816
125833
125869
125884
125896
125897
125950
125999
126058
126064
126074
126087
126093
126137
126139
126168
126204
126214
126243
126246
126255
126264
126271
126280
126282
126286
126320
126321
126325
126331
126352
126359
126377
126488
126509
126568
126591
126611
126636
126649
126671
126722
126737
126768
126778
126781
126790
126819
126843
126867
126872
126873
126916
126918
126922
126981
126991
127015
127031
127038
127078
127094
127150
127176
127241
127250
127255
127285
127332
127338
127353
127379
127427
127468
127469
127471
127472
127474
127475
127590
127593
127613
127632
127637
127715
127769
127788
127800
127815
127818
127829
127841
127874
127876
127882
127935
127952
127959
127967
127970
127994
128011
128018
128032
128150
128188
128195
128201
128203
128225
128226
128241
128250
128270
128289
128333
128384
128437
128466
128488
128532
128534
128563
128591
128601
128604
128620
128621
128690
128694
128813
128817
128829
128858
128942
128980
129021
129039
129106
129159
129164
129177
129220
129343
129369
129390
129391
129422
129425
129430
129445
129535
129566
129577
129629
129684
129760
129787
129809
129819
129838
129843
129885
129910
129938
129968
129983
130055
130079
130108
130137
130139
130149
130208
130210
130260
130286
130296
130377
130385
130402
130408
130415
130419
130440
130505
130574
130575
130580
130599
130605
130616
130626
130643
130673
130734
130755
130776
130793
130880
130899
130924
130938
130957
130979
131126
131134
131158
131169
131176
131189
131205
131211
131252
131261
131268
131397
131413
131452
131457
131467
131540
131556
131594
131610
131612
131620
131646
131659
131693
131812
131820
131902
131906
131908
131920
132081
132090
132097
132114
132186
132204
132215
132237
132295
132314
132386
132396
132451
132570
132576
132618
132619
132694
132712
132786
132796
132849
132854
132867
132896
132924
133003
133038
133123
133139
133158
133165
133171
133191
133193
133208
133256
133274
133331
133352
133370
133453
133455
133467
133476
133497
133511
133560
133585
133601
133618
133619
133632
133750
133773
133792
133803
133937
133952
133965
134061
134101
134119
134125
134200
134201
134233
134244
134298
134316
134318
134407
134490
134493
134499
134546
134581
134686
134727
134740
134752
134754
134784
134798
134857
134858
134899
134905
134932
134968
134982
134999
135005
135013
135017
135028
135076
135096
135179
135234
135268
135297
135304
135352
135410
135482
135491
135499
135502
135512
135516
135584
135606
135650
135663
135668
135671
135763
135764
135768
135781
135799
135808
135809
135857
135890
135918
135930
135931
135936
135943
135971
135981
135985
135991
135998
136009
136029
136038
136087
136141
136144
136148
136187
136209
136222
136271
136283
136296
136301
136304
136305
136316
136351
136389
136423
136424
136444
136462
136473
136483
136498
136515
136545
136569
136609
136625
136766
136790
136791
136799
136816
136822
136824
136885
136924
136925
136935
136946
136950
137032
137052
137091
137145
137154
137156
137168
137171
137177
137192
137247
137258
137268
137269
137289
137299
137306
137316
137317
137322
137352
137375
137381
137384
137387
137408
137432
137436
137461
137481
137486
137512
137543
137549
137563
137579
137582
137588
137597
137598
137600
137603
137619
137623
137630
137647
137692
137722
137730
137736
137764
137781
137878
137879
138004
138027
138042
138048
138065
138129
138145
138157
138187
138188
138191
138193
138196
138220
138269
138309
138323
138329
138342
138378
138434
138448
138453
138515
138533
138555
138573
138634
138754
138790
138869
138891
138906
139029
139036
139042
139061
139135
139136
139140
139157
139164
139184
139211
139231
139232
139241
139306
139329
139350
139351
139439
139440
139470
139509
139514
139517
139564
139700
139756
139768
139814
139838
140094
140141
140144
140158
140161
140169
140224
140232
140300
140320
140325
140354
140377
140379
140384
140442
140463
140502
140503
140788
140816
140843
140866
140876
140900
140908
140950
140989
140990
141077
141100
141163
141178
141179
141188
141197
141198
141235
141236
141250
141267
141309
141317
141354
141410
141482
141550
141556
141562
141571
141578
141579
141601
141704
141748
141773
141787
141883
141889
141895
141897
141907
141927
141947
141955
141957
142047
142068
142069
142070
142072
142082
142125
142130
142291
142323
142325
142399
142404
142476
142510
142547
142596
142600
142603
142621
142640
142642
142644
142659
142666
142671
142716
142738
142740
142796
142802
142817
142845
142846
142886
142917
142937
142958
142992
143064
143110
143143
143147
143154
143167
143215
143227
143256
143305
143346
143371
143375
143384
143390
143422
143504
143551
143569
143578
143593
143598
143602
143616
143643
143653
143688
143690
143714
143749
143756
143765
143835
143841
143965
143969
144003
144020
144034
144041
144044
144074
144077
144110
144128
144173
144193
144202
144257
144300
144301
144310
144321
144325
144349
144363
144388
144431
144442
144448
144509
144536
144578
144614
144645
144647
144667
144692
144705
144706
144721
144722
144724
144783
144801
144870
144888
144894
144914
144915
144984
144994
145046
145095
145097
145123
145147
145155
145157
145180
145198
145208
145223
145228
145235
145266
145303
145339
145425
145447
145516
145582
145623
145678
145703
145712
145736
145756
145769
145815
145838
145849
145852
145864
145872
145928
145947
145966
145970
145998
146002
146005
146041
146066
146120
146132
146134
146195
146196
146207
146208
146210
146281
146303
146330
146344
146374
146404
146483
146492
146518
146530
146546
146558
146680
146762
146765
146771
146796
146861
146864
146868
146876
146881
146892
146894
146900
146905
146913
146931
146956
146960
146966
147028
147087
147111
147157
147166
147190
147198
147221
147224
147243
147252
147282
147312
147315
147412
147459
147491
147492
147498
147570
147571
147592
147633
147656
147695
147757
147760
147785
147787
147790
147794
147813
147845
147855
147956
148004
148022
148052
148116
148142
148143
148152
148173
148179
148196
148235
148265
148270
148305
148380
148392
148425
148445
148478
148480
148502
148508
148558
148560
148589
148601
148603
148609
148615
148617
148655
148663
148671
148696
148737
148740
148753
148775
148815
148854
148879
148886
148921
148972
148976
148979
148995
149011
149022
149074
149113
149136
149137
149249
149257
149290
149337
149386
149394
149472
149562
149570
149622
149627
149636
149726
149743
149750
149808
149870
149901
149913
149932
149938
149940
150010
150060
150072
150075
150092
150103
150129
150138
150172
150178
150233
150257
150312
150325
150328
150337
150384
150413
150490
150537
150622
150626
150628
150648
150656
150830
150843
150854
150867
150899
150958
151010
151045
151051
151142
151143
151150
151153
151159
151176
151192
151193
151200
151242
151272
151276
151289
151297
151299
151307
151314
151324
151341
151346
151354
151363
151371
151399
151405
151434
151447
151465
151467
151487
151500
151515
151531
151537
151541
151553
151590
151593
151600
151666
151678
151721
151761
151766
151800
151804
151824
151915
151946
151951
152025
152071
152113
152139
152143
152165
152242
152255
152319
152410
152417
152421
152526
152556
152561
152572
152574
152584
152654
152660
152678
152680
152736
152740
152750
152773
152787
152792
152916
152920
152980
152989
153014
153049
153083
153131
153154
153169
153174
153177
153217
153221
153247
153250
153293
153342
153541
153543
153553
153608
153613
153630
153636
153653
153662
153665
153692
153698
153699
153714
153716
153725
153730
153735
153772
153777
153819
153875
153894
153915
153919
153958
153970
153983
153986
153994
154073
154083
154101
154160
154164
154265
154306
154308
154313
154327
154361
154371
154373
154378
154418
154444
154484
154503
154520
154521
154547
154613
154621
154659
154660
154670
154677
154679
154713
154733
154796
154806
154807
154873
154884
154889
154916
154940
154943
155034
155043
155056
155057
155077
155085
155116
155166
155284
155309
155335
155350
155389
155430
155447
155463
155465
155471
155552
155571
155577
155602
155609
155644
155693
155747
155824
155864
155876
155881
155886
155948
155973
155979
156014
156069
156071
156083
156094
156117
156165
156180
156182
156294
156354
156394
156395
156402
156423
156432
156436
156471
156500
156553
156641
156689
156690
156707
156735
156762
156763
156802
156830
156846
156860
156874
156921
156928
156931
156973
156982
157076
157163
157220
157225
157262
157264
157273
157300
157301
157360
157373
157375
157379
157390
157399
157406
157434
157464
157530
157533
157537
157546
157655
157679
157692
157693
157698
157719
157759
157769
157863
157935
157947
157960
157982
157987
157997
158017
158023
158030
158035
158052
158053
158067
158088
158092
158104
158113
158119
158130
158144
158154
158156
158158
158231
158255
158256
158269
158333
158382
158401
158410
158420
158472
158509
158515
158528
158535
158560
158595
158639
158680
158696
158709
158717
158719
158788
158828
158893
158921
158928
158984
159014
159035
159043
159047
159096
159100
159125
159129
159136
159148
159165
159195
159222
159235
159240
159291
159334
159336
159342
159418
159419
159422
159456
159542
159559
159646
159728
159729
159760
159781
159803
159804
159874
159886
160044
160070
160264
160291
160295
160318
160429
160474
160501
160505
160526
160577
160578
160611
160641
160696
160734
160828
160836
160861
160874
160913
161007
161016
161021
161032
161034
161054
161088
161103
161119
161132
161168
161188
161213
161232
161265
161306
161321
161350
161357
161359
161381
161448
161462
161465
161469
161472
161516
161518
161536
161566
161608
161652
161664
161675
161697
161703
161732
161734
161762
161861
161912
161917
162014
162027
162061
162075
162089
162096
162104
162306
162311
162314
162344
162379
162385
162426
162438
162457
162465
162498
162554
162574
162603
162629
162703
162706
162747
162763
162785
162792
162828
162850
162873
162893
162900
162916
162954
162979
163010
163016
163040
163054
163169
163231
163310
163322
163325
163332
163408
163426
163486
163487
163507
163521
163546
163563
163569
163643
163651
163653
163662
163699
163731
163733
163758
163774
163860
163873
163892
163898
163921
163953
163959
163973
164017
164094
164115
164132
164143
164157
164162
164182
164214
164259
164305
164314
164358
164367
164403
164413
164416
164443
164463
164475
164503
164509
164539
164571
164576
164593
164640
164660
164661
164675
164705
164710
164711
164720
164731
164736
164761
164765
164811
164842
164851
164874
164882
164892
164921
164959
164964
164996
165001
165018
165034
165035
165137
165171
165222
165264
165338
165344
165389
165417
165435
165441
165473
165508
165515
165550
165569
165609
165616
165632
165701
165702
165866
165929
165946
165974
166001
166025
166059
166087
166102
166111
166112
166113
166150
166152
166153
166182
166187
166208
166210
166267
166272
166273
166323
166338
166346
166347
166394
166421
166423
166430
166431
166433
166437
166483
166496
166497
166513
166527
166543
166546
166559
166571
166586
166594
166600
166604
166605
166613
166644
166692
166697
166748
166789
166791
166795
166867
166905
166945
166949
166983
167013
167015
167026
167057
167072
167077
167137
167144
167226
167227
167237
167245
167251
167290
167291
167313
167320
167325
167326
167353
167411
167577
167580
167588
167622
167648
167650
167694
167742
167748
167774
167804
167847
167850
167857
167859
167872
167873
167924
167944
167957
167976
168002
168029
168069
168109
168131
168135
168189
168192
168216
168279
168285
168293
168322
168323
168342
168353
168366
168375
168400
168429
168490
168522
168613
168621
168681
168742
168827
168843
168851
168895
168919
168963
168969
169003
169012
169063
169102
169118
169182
169186
169191
169250
169288
169318
169320
169321
169336
169349
169376
169389
169399
169404
169436
169438
169472
169506
169515
169525
169580
169583
169615
169667
169687
169690
169754
169795
169802
169806
169846
169860
169864
169867
169873
169890
169914
170015
170086
170129
170139
170144
170173
170174
170183
170232
170259
170267
170297
170306
170403
170411
170426
170479
170481
170501
170540
170557
170586
170707
170717
170737
170744
170757
170764
170823
170836
170910
170966
171023
171117
171131
171132
171138
171143
171179
171248
171256
171267
171280
171287
171288
171300
171315
171338
171342
171360
171364
171391
171419
171426
171448
171449
171492
171516
171517
171567
171588
171620
171665
171669
171739
171740
171759
171790
171815
171830
171876
171880
171903
171916
171919
172002
172007
172129
172168
172189
172204
172258
172293
172308
172393
172491
172493
172516
172585
172677
172742
172766
172777
172796
172824
172850
172863
172915
172933
172935
172953
173010
173041
173116
173164
173165
173176
173191
173256
173264
173294
173332
173358
173361
173427
173446
173511
173516
173527
173529
173534
173584
173591
173607
173611
173654
173673
173694
173738
173748
173780
173791
173792
173812
173826
173858
173896
173897
173910
173959
173961
173983
174058
174071
174082
174103
174114
174116
174129
174138
174193
174222
174265
174270
174351
174367
174393
174396
174434
174454
174474
174524
174577
174590
174616
174674
174677
174679
174684
174691
174728
174731
174737
174789
174791
174807
174814
174877
174912
174924
174974
174977
174997
175000
175009
175033
175047
175058
175062
175064
175066
175092
175094
175109
175142
175143
175168
175181
175200
175222
175284
175296
175353
175401
175478
175533
175623
175629
175651
175681
175704
175712
175731
175742
175803
175871
175905
175936
175938
175967
176002
176004
176030
176033
176052
176058
176068
176359
176383
176393
176607
176722
176771
176782
176786
176915
176916
176933
176984
177004
177069
177076
177104
177133
177154
177209
177215
177260
177310
177319
177324
177328
177356
177368
177381
177413
177498
177524
177555
177560
177635
177645
177648
177660
177666
177701
177710
177725
177732
177735
177738
177740
177741
177890
177893
177904
177935
177937
177979
178011
178016
178022
178107
178179
178196
178228
178275
178287
178288
178293
178339
178383
178416
178419
178471
178474
178486
178504
178505
178516
178522
178597
178609
178618
178631
178635
178641
178643
178675
178722
178839
178868
178888
178913
178915
178950
178971
178997
178999
179165
179183
179198
179212
179213
179223
179228
179229
179236
179274
179312
179315
179380
179399
179402
179404
179415
179418
179445
179469
179533
179534
179537
179590
179599
179618
179642
179648
179680
179683
179692
179705
179728
179734
179749
179753
179754
179768
179772
179890
179919
179977
179994
180010
180088
180184
180191
180194
180252
180285
180309
180332
180333
180365
180441
180447
180488
180510
180511
180518
180538
180550
180573
180578
180603
180612
180663
180704
180718
180725
180759
180788
180790
180817
180834
180846
180856
180857
180883
180958
180993
181013
181050
181158
181186
181325
181334
181347
181380
181449
181463
181481
181530
181537
181608
181609
181615
181626
181658
181670
181706
181719
181747
181760
181787
181799
181825
181826
181905
181914
181916
181949
181970
181982
181994
182013
182035
182048
182102
182146
182181
182196
182209
182265
182279
182286
182287
182293
182300
182324
182488
182494
182512
182531
182537
182541
182556
182557
182576
182592
182593
182595
182628
182641
182676
182683
182698
182727
182739
182745
182803
182827
182881
182912
182914
182934
182943
182994
183003
183016
183076
183106
183108
183166
183173
183189
183237
183249
183286
183312
183314
183315
183339
183341
183416
183423
183428
183485
183503
183516
183566
183587
183605
183628
183629
183631
183660
183663
183680
183711
183720
183722
183754
183766
183784
183793
183806
183973
184010
184016
184138
184176
184195
184266
184269
184271
184333
184390
184416
184452
184472
184477
184479
184486
184495
184513
184520
184562
184584
184612
184618
184644
184645
184686
184696
184726
184801
184843
184856
184940
184947
184963
185033
185062
185068
185114
185129
185150
185174
185175
185233
185286
185310
185332
185365
185410
185435
185451
185462
185556
185559
185605
185607
185807
185866
185869
185894
185895
185921
185923
185992
186015
186033
186047
186064
186102
186111
186136
186158
186161
186162
186238
186262
186320
186333
186353
186364
186407
186410
186412
186422
186430
186431
186471
186485
186495
186530
186579
186591
186603
186604
186662
186679
186693
186727
186734
186822
186839
186868
186910
186932
186966
187090
187108
187120
187131
187143
187170
187181
187199
187246
187267
187270
187291
187299
187335
187349
187360
187372
187423
187463
187491
187558
187570
187581
187584
187589
187602
187625
187668
187695
187702
187711
187725
187757
187763
187802
187845
187870
187875
187890
187893
187969
187994
188005
188006
188015
188055
188080
188148
188149
188162
188165
188179
188185
188192
188209
188228
188238
188257
188267
188275
188303
188340
188368
188395
188402
188452
188478
188485
188510
188518
188553
188555
188558
188596
188598
188602
188625
188628
188648
188650
188664
188668
188713
188767
188768
188790
188794
188800
188827
188841
188852
188854
188880
188919
188965
188970
188975
188982
188988
189028
189056
189071
189078
189092
189097
189102
189148
189154
189160
189168
189183
189204
189221
189230
189280
189296
189304
189317
189344
189457
189463
189481
189503
189516
189543
189569
189600
189616
189617
189623
189650
189662
189671
189701
189756
189760
189770
189776
189833
189914
189970
189995
189999
190015
190042
190055
190073
190078
190082
190140
190148
190149
190177
190206
190258
190272
190293
190295
190309
190312
190362
190400
190446
190467
190472
190482
190500
190513
190536
190565
190605
190607
190619
190667
190692
190713
190809
190812
190825
190857
190872
190930
190936
190966
190976
190999
191047
191053
191074
191079
191125
191146
191151
191182
191191
191201
191211
191237
191243
191254
191260
191262
191273
191277
191306
191362
191363
191377
191411
191467
191470
191476
191483
191499
191513
191519
191537
191555
191575
191654
191664
191687
191744
191746
191759
191777
191841
191854
191857
191887
191920
191939
191946
191967
191982
191986
192009
192035
192128
192131
192229
192256
192267
192295
192351
192373
192378
192380
192431
192443
192452
192472
192478
192556
192561
192615
192623
192647
192654
192691
192736
192783
192801
192804
192834
192883
192886
192984
192988
192995
193063
193128
193149
193161
193162
193196
193225
193233
193326
193382
193397
193412
193414
193423
193519
193530
193580
193634
193664
193667
193668
193673
193685
193686
193700
193735
193741
193758
193764
193767
193773
193809
193818
193858
193866
193903
193944
194057
194063
194071
194121
194125
194129
194130
194171
194184
194196
194252
194264
194272
194287
194288
194333
194349
194379
194380
194397
194429
194458
194461
194462
194482
194507
194514
194524
194525
194535
194556
194585
194839
194876
195038
195062
195097
195167
195182
195201
195204
195225
195267
195289
195303
195329
195363
195366
195380
195381
195384
195391
195397
195402
195410
195429
195466
195472
195482
195518
195546
195547
195550
195565
195582
195608
195626
195643
195655
195674
195711
195728
195730
195768
195774
195793
195812
195825
195859
195897
195927
195940
195945
195966
196013
196023
196055
196060
196070
196074
196075
196095
196112
196117
196144
196155
196160
196191
196192
196235
196238
196253
196264
196269
196288
196296
196311
196325
196357
196366
196371
196372
196452
196463
196464
196466
196492
196494
196534
196546
196574
196612
196639
196666
196689
196695
196706
196711
196720
196764
196819
196878
196888
196904
196929
196940
196970
196995
196998
197014
197038
197041
197047
197055
197060
197100
197107
197110
197147
197161
197186
197196
197210
197220
197251
197287
197312
197337
197364
197375
197377
197393
197396
197409
197434
197441
197471
197498
197514
197518
197522
197534
197574
197613
197625
197628
197629
197640
197650
197660
197663
197666
197667
197673
197677
197708
197724
197737
197752
197766
197767
197797
197798
197815
197819
197833
197862
197868
197899
197916
197963
197984
197985
198018
198043
198062
198073
198088
198101
198119
198150
198215
198218
198219
198261
198322
198324
198338
198368
198386
198399
198437
198445
198466
198474
198478
198479
198494
198499
198514
198523
198582
198588
198605
198627
198652
198684
198694
198703
198709
198734
198760
198772
198826
198873
198900
198901
198908
198919
198920
198926
198979
198984
198986
199053
199055
199062
199102
199119
199134
199155
199159
199214
199235
199244
199311
199350
199388
199417
199501
199510
199513
199630
199642
199652
199653
199659
199734
199735
199784
199826
199916
200030
200038
200064
200094
200107
200199
200209
200212
200219
200227
200249
200256
200276
200309
200361
200375
200406
200444
200455
200526
200547
200581
200635
200643
200654
200655
200666
200689
200708
200781
200794
200808
200863
200875
200890
200950
200960
200978
200989
200998
201001
201021
201038
201042
201057
201070
201074
201372
201402
201439
201446
201475
201507
201511
201521
201543
201555
201583
201606
201627
201700
201712
201714
201743
201753
201759
201775
201777
201810
201841
201853
201861
201863
201876
201922
201937
201955
201956
201964
201976
201994
202031
202036
202050
202055
202092
202129
202131
202142
202154
202191
202200
202213
202219
202220
202232
202246
202266
202373
202394
202410
202462
202512
202531
202558
202588
202631
202641
202731
202749
202759
202781
202822
202836
202884
202935
202939
202965
202970
202974
202976
202980
202986
202989
202990
202994
203027
203028
203055
203084
203142
203149
203153
203165
203166
203169
203184
203211
203235
203236
203254
203259
203289
203314
203395
203398
203407
203409
203437
203458
203463
203469
203511
203547
203589
203603
203649
203716
203717
203752
203769
203791
203839
203849
203857
203895
203902
203904
203955
203957
203968
203970
203986
204048
204116
204134
204254
204281
204286
204324
204328
204331
204338
204357
204393
204399
204469
204591
204594
204626
204707
204722
204751
204800
204810
204852
204897
204919
204935
204961
204983
205019
205094
205098
205110
205111
205168
205181
205187
205201
205210
205249
205250
205308
205387
205397
205410
205430
205479
205483
205543
205608
205616
205626
205632
205676
205689
205724
205734
205757
205804
205824
205899
205904
205905
205932
205943
205999
206041
206059
206081
206094
206098
206101
206103
206127
206129
206157
206193
206214
206227
206239
206253
206276
206279
206350
206377
206387
206391
206425
206505
206661
206767
206800
206807
206850
206862
206863
206879
206884
206887
206926
206934
206966
206986
207005
207084
207094
207144
207192
207205
207209
207230
207244
207263
207266
207279
207292
207325
207333
207347
207349
207362
207445
207472
207499
207515
207516
207519
207554
207628
207648
207664
207666
207669
207686
207704
207706
207755
207761
207822
207875
207877
207897
207949
207992
208002
208057
208080
208127
208149
208195
208221
208256
208279
208287
208296
208336
208351
208368
208400
208426
208487
208527
208545
208555
208579
208581
208600
208604
208614
208615
208635
208660
208665
208678
208692
208730
208736
208819
208855
208870
208964
208965
208999
209026
209080
209084
209135
209142
209150
209178
209186
209188
209194
209198
209334
209351
209370
209422
209450
209469
209490
209509
209518
209544
209559
209561
209577
209592
209604
209638
209669
209694
209735
209749
209797
209809
209857
209877
209899
209983
210011
210013
210071
210106
210135
210151
210158
210180
210184
210247
210273
210278
210341
210384
210396
210437
210476
210516
210574
210576
210589
210591
210618
210622
210650
210696
210715
210719
210754
210762
210797
210847
210876
210910
210911
210929
210972
211012
211066
211089
211093
211184
211200
211226
211247
211249
211272
211273
211324
211327
211330
211437
211466
211473
211526
211533
211574
211584
211644
211690
211745
211752
211775
211785
211786
211788
211812
211833
211848
211850
211863
211902
211970
212046
212047
212054
212081
212132
212168
212169
212195
212216
212220
212221
212224
212226
212267
212290
212317
212340
212392
212468
212481
212523
212577
212595
212597
212671
212673
212685
212739
212753
212814
212847
212862
212888
212907
213017
213024
213034
213037
213043
213052
213097
213106
213107
213108
213136
213145
213162
213196
213206
213216
213237
213243
213248
213308
213388
213390
213426
213471
213478
213539
213554
213574
213613
213660
213694
213716
213761
213764
213772
213797
213799
213937
213938
214004
214203
214212
214233
214248
214277
214291
214355
214368
214369
214433
214451
214454
214467
214535
214600
214603
214608
214657
214661
214664
214666
214693
214700
214746
214781
214795
214815
214861
214912
214921
214928
214931
214938
214948
215005
215007
215042
215076
215086
215170
215178
215183
215197
215274
215318
215324
215337
215383
215406
215411
215522
215542
215584
215585
215614
215721
215781
215804
215872
215891
215907
215922
215998
216086
216093
216138
216242
216256
216262
216280
216315
216353
216400
216412
216419
216438
216442
216478
216490
216499
216517
216522
216523
216567
216572
216591
216605
216614
216699
216717
216721
216780
216847
216859
216875
216904
216928
216932
216946
216958
216963
216973
216976
216997
217001
217036
217073
217080
217096
217100
217136
217177
217179
217236
217270
217299
217300
217343
217362
217363
217382
217395
217396
217402
217423
217459
217494
217533
217543
217609
217630
217655
217683
217692
217704
217707
217720
217723
217728
217756
217812
217919
217959
217992
217996
218001
218005
218009
218018
218025
218108
218112
218132
218185
218197
218282
218349
218361
218395
218419
218429
218447
218476
218503
218672
218680
218701
218706
218725
218755
218767
218837
218856
218862
218885
218903
218927
218937
218995
219006
219007
219018
219020
219021
219029
219044
219075
219093
219104
219153
219172
219180
219204
219211
219214
219217
219236
219241
219268
219294
219309
219318
219327
219359
219373
219385
219387
219416
219427
219452
219457
219463
219505
219525
219534
219545
219567
219572
219609
219701
219761
219786
219815
219830
219847
219871
219879
219880
219903
219928
219951
220004
220035
220085
220090
220097
220104
220118
220122
220135
220149
220158
220198
220247
220281
220284
220340
220374
220415
220426
220455
220458
220464
220473
220479
220502
220504
220508
220546
220547
220569
220575
220580
220582
220585
220586
220600
220613
220633
220673
220698
220749
220759
220791
220825
220830
220847
220857
220862
220869
220875
220877
220878
220883
220939
220954
220969
220987
220996
221019
221020
221076
221087
221092
221134
221137
221142
221161
221167
221168
221174
221193
221209
221214
221215
221216
221229
221231
221311
221333
221335
221381
221384
221395
221397
221411
221425
221493
221506
221553
221567
221570
221585
221612
221622
221737
221739
221747
221752
221863
221912
221941
221956
221957
221959
221994
222005
222025
222059
222063
222151
222160
222177
222192
222228
222255
222273
222278
222288
222298
222300
222378
222435
222443
222446
222455
222485
222487
222496
222515
222575
222577
222703
222712
222732
222735
222747
222817
222842
222857
222909
222915
222916
222931
222949
222956
222963
223007
223073
223075
223091
223106
223116
223123
223132
223141
223148
223175
223193
223256
223285
223312
223316
223324
223345
223351
223386
223421
223433
223435
223479
223515
223604
223612
223623
223631
223633
223671
223675
223699
223743
223754
223759
223795
223797
223817
223822
223841
223843
223844
223874
223903
223920
223924
223929
223955
223979
223990
223998
224066
224070
224089
224095
224129
224177
224185
224253
224281
224286
224302
224318
224333
224357
224391
224403
224424
224430
224450
224460
224633
224706
224721
224728
224747
224752
224759
224818
224826
224852
224941
225012
225057
225060
225066
225108
225111
225123
225178
225232
225234
225287
225289
225330
225345
225369
225397
225403
225491
225532
225564
225626
225690
225733
225759
225792
225795
225820
225827
225829
225873
225905
225914
225923
225943
226047
226065
226081
226228
226275
226288
226290
226302
226432
226527
226564
226636
226650
226655
226701
226716
226735
226749
226754
226851
226878
226913
226918
226996
227049
227059
227068
227076
227082
227094
227095
227097
227163
227177
227186
227192
227193
227201
227251
227316
227380
227438
227457
227463
227475
227512
227531
227646
227653
227682
227736
227743
227747
227749
227813
227921
227923
227969
227972
227986
227994
228033
228036
228040
228055
228086
228089
228132
228156
228219
228250
228258
228293
228295
228299
228330
228383
228397
228525
228526
228560
228562
228569
228572
228619
228623
228681
228741
228764
228767
228784
228804
228814
228818
228824
228847
228865
228883
228886
228903
228947
228972
228992
229046
229073
229075
229108
229117
229153
229165
229178
229221
229226
229227
229236
229252
229264
229269
229279
229283
229314
229329
229343
229392
229428
229435
229453
229493
229521
229557
229560
229563
229571
229588
229590
229664
229683
229694
229696
229705
229710
229721
229723
229727
229734
229840
229847
229853
229893
229904
229911
229950
229960
229961
229980
229988
229992
230039
230110
230162
230239
230244
230253
230260
230306
230312
230315
230342
230361
230373
230377
230383
230387
230400
230415
230437
230441
230469
230507
230513
230530
230615
230634
230666
230670
230708
230781
230797
230806
230808
230865
230877
230909
230912
230934
230937
231015
231054
231061
231081
231103
231111
231130
231178
231183
231187
231212
231217
231227
231245
231251
231255
231268
231276
231283
231307
231342
231344
231345
231346
231375
231454
231470
231497
231499
231508
231522
231532
231536
231540
231542
231544
231598
231655
231666
231678
231716
231747
231768
231778
231779
231818
231862
231906
231908
231924
231955
231978
232012
232021
232027
232045
232065
232157
232185
232209
232243
232315
232331
232334
232372
232373
232384
232397
232488
232499
232500
232516
232554
232566
232667
232697
232699
232703
232712
232716
232719
232725
232753
232820
232864
232869
232912
232934
232941
232946
232982
233056
233095
233106
233115
233118
233125
233146
233210
233221
233222
233254
233287
233289
233297
233347
233351
233353
233382
233384
233391
233415
233485
233524
233528
233594
233609
233637
233662
233695
233700
233724
233774
233955
233960
233962
233968
234001
234012
234028
234037
234096
234108
234126
234132
234133
234159
234215
234217
234272
234288
234296
234323
234354
234362
234493
234539
234596
234609
234610
234617
234688
234734
234769
234775
234792
234793
234984
234991
235000
235017
235043
235094
235095
235102
235104
235149
235169
235223
235231
235305
235314
235320
235323
235334
235341
235346
235370
235391
235395
235412
235484
235487
235492
235501
235540
235551
235561
235567
235578
235594
235602
235622
235639
235648
235724
235725
235729
235740
235765
235768
235786
235802
235836
235900
235921
235947
235980
235989
236029
236032
236038
236049
236052
236096
236134
236169
236181
236201
236211
236212
236214
236217
236250
236262
236269
236283
236288
236319
236407
236443
236460
236461
236468
236470
236475
236489
236490
236540
236543
236553
236565
236567
236577
236633
236638
236652
236666
236708
236737
236747
236749
236752
236796
236801
236811
236819
236822
236823
236842
236851
236861
236863
236866
236870
236897
236906
236938
236957
236982
236998
237052
237055
237064
237081
237104
237115
237136
237180
237181
237185
237211
237248
237257
237258
237272
237279
237299
237303
237351
237352
237370
237385
237407
237440
237462
237597
237600
237652
237655
237657
237679
237694
237699
237705
237725
237746
237756
237802
237818
237827
237858
237959
237961
237971
237988
238010
238109
238124
238127
238129
238145
238175
238186
238196
238209
238237
238239
238317
238323
238328
238353
238370
238379
238415
238421
238454
238466
238568
238591
238605
238620
238637
238675
238704
238712
238716
238727
238741
238754
238773
238803
238821
238832
238871
238874
238926
238998
239126
239152
239208
239209
239289
239327
239357
239373
239374
239380
239427
239477
239482
239539
239542
239564
239618
239622
239635
239671
239674
239686
239692
239693
239696
239715
239746
239751
239759
239769
239785
239790
239795
239805
239818
239836
239870
239904
239910
240052
240063
240087
240109
240146
240155
240179
240225
240253
240263
240284
240297
240322
240353
240422
240431
240440
240458
240474
240495
240506
240527
240545
240555
240572
240645
240702
240712
240729
240796
240809
240810
240815
240823
240826
240886
240919
240967
240976
240983
240989
241003
241010
241026
241037
241041
241080
241093
241095
241098
241122
241146
241150
241185
241220
241269
241321
241326
241339
241367
241445
241468
241489
241517
241519
241533
241562
241581
241603
241666
241711
241746
241760
241786
241804
241841
241869
241946
242032
242047
242061
242087
242095
242106
242120
242121
242179
242270
242288
242309
242383
242391
242397
242399
242423
242457
242522
242524
242581
242611
242618
242621
242637
242683
242698
242739
242755
242784
242792
242819
242837
242891
242911
242931
242978
242981
243048
243073
243077
243078
243114
243133
243177
243189
243220
243222
243225
243235
243245
243253
243254
243257
243259
243273
243279
243310
243320
243360
243361
243369
243390
243419
243450
243469
243473
243501
243515
243518
243528
243538
243567
243576
243618
243649
243676
243715
243755
243793
243795
243842
243850
243875
243900
243910
243924
243931
243964
243984
243985
243995
244043
244064
244101
244111
244147
244165
244173
244199
244205
244206
244229
244244
244249
244251
244260
244306
244311
244313
244427
244442
244445
244475
244521
244534
244553
244585
244588
244591
244602
244628
244704
244710
244752
244814
244863
244875
244889
244915
244918
244979
245000
245001
245064
245078
245111
245114
245125
245203
245223
245246
245249
245329
245395
245401
245520
245527
245532
245625
245636
245644
245665
245687
245712
245714
245728
245743
245794
245803
245839
245841
245846
245850
245898
245921
245925
245962
246051
246079
246083
246087
246122
246127
246132
246134
246152
246221
246241
246254
246286
246368
246372
246409
246411
246418
246433
246474
246594
246600
246727
246733
246829
246836
246901
246908
246912
246925
246934
246943
246952
246957
246960
246980
246981
246987
247000
247001
247004
247005
247021
247040
247191
247216
247218
247234
247244
247250
247254
247281
247350
247352
247373
247474
247521
247531
247550
247559
247575
247599
247664
247687
247718
247732
247769
247781
247790
247801
247815
247826
247864
247939
247966
247986
248006
248059
248103
248186
248239
248252
248254
248311
248317
248324
248330
248404
248406
248444
248458
248481
248486
248493
248556
248582
248588
248727
248768
248770
248779
248795
248805
248828
248862
248895
248899
248921
248957
248985
249078
249123
249216
249277
249285
249293
249459
249466
249529
249538
249542
249550
249552
249603
249618
249622
249637
249639
249655
249668
249674
249732
249734
249757
249774
249798
249801
249813
249837
249843
249858
249867
249869
249944
249953
249956
249979
249981
250013
250046
250061
250062
250063
250079
250080
250091
250112
250146
250161
250198
250202
250255
250261
250303
250313
250321
250352
250402
250406
250472
250505
250510
250549
250585
250612
250625
250646
250662
250695
250720
250729
250762
250772
250810
250847
250863
250876
250878
250886
250891
250973
251097
251098
251099
251102
251107
251109
251111
251121
251129
251153
251228
251239
251250
251262
251296
251316
251338
251350
251380
251446
251475
251513
251531
251555
251570
251579
251593
251604
251606
251615
251629
251637
251638
251649
251663
251669
251675
251676
251703
251745
251803
251814
251821
251828
251855
251879
252000
252012
252023
252040
252044
252081
252206
252215
252254
252287
252330
252332
252344
252351
252384
252390
252395
252421
252429
252437
252512
252550
252596
252605
252695
252708
252720
252748
252752
252753
252760
252782
252806
252823
252879
252948
252984
253009
253044
253051
253118
253122
253125
253126
253136
253148
253150
253166
253170
253172
253215
253285
253300
253335
253344
253379
253384
253396
253410
253417
253481
253525
253592
253594
253611
253614
253616
253620
253630
253639
253643
253736
253777
253814
253834
253864
253875
253917
253953
254048
254070
254072
254090
254094
254099
254145
254150
254155
254168
254169
254177
254230
254241
254293
254312
254318
254374
254400
254420
254442
254443
254456
254458
254461
254485
254529
254558
254579
254583
254601
254619
254662
254677
254706
254724
254772
254832
254835
254865
254887
254889
254960
254973
255064
255084
255088
255094
255123
255124
255151
255176
255194
255242
255248
255265
255273
255282
255314
255330
255334
255335
255349
255350
255352
255366
255368
255398
255400
255419
255433
255463
255508
255538
255542
255637
255655
255703
255724
255779
255856
255868
255878
255895
255899
255917
255918
255928
255934
255939
255953
255956
256023
256026
256033
256052
256062
256086
256117
256118
256186
256225
256226
256240
256291
256315
256328
256336
256343
256355
256358
256361
256363
256365
256371
256379
256458
256467
256491
256537
256539
256543
256566
256649
256657
256671
256717
256729
256741
256755
256801
256839
256860
256862
256871
257056
257072
257092
257141
257168
257203
257244
257297
257311
257316
257372
257373
257377
257379
257490
257509
257527
257595
257603
257612
257629
257677
257679
257686
257692
257724
257732
257736
257744
257792
257852
257881
257900
257916
257924
257925
257950
257980
257992
258029
258049
258069
258096
258112
258167
258173
258196
258224
258225
258244
258262
258271
258305
258319
258325
258330
258347
258355
258368
258452
258491
258504
258545
258562
258563
258605
258612
258665
258695
258711
258713
258721
258746
258812
258813
258828
258836
258844
258876
258890
258891
258893
258896
258898
258912
258926
258936
258954
259008
259016
259075
259100
259150
259183
259193
259242
259244
259269
259274
259297
259318
259333
259373
259420
259422
259423
259429
259430
259451
259467
259469
259472
259507
259539
259581
259594
259660
259676
259714
259749
259756
259764
259797
259811
259823
259825
259833
259836
259855
259889
259924
259943
259972
259975
260061
260118
260178
260203
260212
260245
260273
260365
260371
260372
260377
260417
260419
260443
260449
260476
260555
260567
260571
260574
260621
260629
260645
260679
260684
260701
260734
260773
260802
260826
260882
260906
260917
260939
260940
260979
260990
261002
261004
261123
261149
261175
261184
261192
261197
261199
261274
261279
261280
261300
261361
261366
261424
261451
261480
261499
261527
261546
261574
261619
261629
261679
261697
261768
261788
261789
261834
261838
261843
261845
261856
261874
261907
261933
261958
261995
262000
262012
262019
262023
262056
262152
262185
262232
262271
262275
262287
262293
262345
262377
262383
262384
262385
262386
262396
262408
262415
262418
262449
262483
262489
262506
262514
262557
262588
262612
262664
262673
262674
262700
262730
262743
262804
262823
262853
262883
262904
262942
262969
262975
263033
263046
263060
263061
263111
263130
263133
263137
263171
263202
263210
263252
263259
263283
263290
263306
263346
263353
263360
263363
263390
263394
263476
263496
263502
263508
263517
263518
263531
263582
263583
263585
263601
263666
263701
263754
263786
263795
263820
263829
263855
263857
263859
263899
263919
263926
263930
263986
263989
263997
264018
264067
264072
264094
264102
264107
264137
264174
264175
264176
264204
264213
264227
264255
264257
264262
264265
264270
264277
264279
264287
264308
264312
264314
264335
264366
264379
264390
264409
264411
264415
264425
264427
264476
264498
264520
264526
264562
264564
264604
264614
264634
264647
264648
264664
264714
264752
264763
264800
264823
264840
264861
264886
264895
264913
264942
264953
264956
264957
264976
265019
265055
265074
265076
265105
265108
265264
265298
265305
265337
265341
265347
265353
265358
265363
265364
265370
265373
265388
265419
265469
265545
265581
265584
265626
265650
265670
265673
265690
265706
265708
265761
265793
265803
265825
265858
265903
265907
265912
265922
265952
265967
265995
266021
266035
266038
266061
266083
266089
266136
266137
266141
266146
266162
266184
266199
266231
266238
266280
266302
266304
266308
266327
266376
266392
266438
266456
266509
266583
266669
266677
266690
266696
266710
266720
266729
266734
266741
266742
266806
266862
266912
266930
266939
266983
266984
267055
267083
267088
267090
267110
267111
267144
267160
267285
267294
267344
267374
267382
267385
267388
267389
267406
267414
267475
267482
267501
267510
267523
267586
267618
267620
267634
267651
267686
267752
267772
267791
267803
267817
267831
267832
267838
267843
267852
267889
267932
267936
267992
268016
268018
268136
268147
268197
268202
268238
268245
268275
268279
268283
268286
268338
268352
268394
268467
268470
268506
268541
268569
268628
268705
268714
268740
268770
268835
268840
268877
268880
268886
268891
268906
268932
268940
268950
268994
268999
269012
269048
269051
269067
269092
269130
269131
269142
269154
269168
269187
269192
269204
269276
269286
269336
269375
269389
269393
269400
269409
269420
269430
269440
269460
269468
269527
269533
269534
269559
269561
269583
269607
269611
269618
269627
269633
269660
269661
269665
269681
269690
269709
269710
269733
269830
269862
269886
269888
269914
269952
269986
270008
270010
270029
270080
270132
270142
270186
270240
270276
270303
270320
270324
270333
270334
270391
270397
270406
270407
270414
270416
270431
270508
270522
270529
270544
270553
270575
270588
270604
270614
270618
270659
270678
270770
270796
270804
270884
270927
270954
270996
271007
271049
271112
271129
271133
271165
271192
271205
271229
271234
271268
271295
271296
271299
271328
271370
271382
271384
271405
271461
271465
271467
271476
271489
271524
271555
271560
271589
271599
271613
271636
271664
271666
271688
271742
271797
271798
271815
271844
271853
271857
271881
271891
271893
271897
271933
271939
271978
272008
272012
272018
272024
272054
272068
272094
272149
272171
272176
272196
272213
272218
272256
272310
272324
272344
272351
272353
272389
272428
272511
272513
272514
272525
272591
272611
272616
272650
272655
272659
272704
272718
272721
272727
272741
272758
272759
272785
272798
272802
272811
272813
272820
272822
272826
272829
272843
272845
272848
272878
272896
272901
272906
272909
272920
272926
272966
273006
273019
273075
273113
273150
273155
273157
273201
273204
273219
273245
273257
273270
273277
273287
273309
273324
273391
273411
273415
273420
273442
273622
273637
273663
273664
273686
273744
273779
273785
273786
273852
273859
273886
273910
273935
273966
274079
274088
274113
274132
274149
274168
274187
274188
274196
274203
274224
274240
274242
274249
274293
274325
274379
274396
274409
274426
274459
274487
274514
274520
274523
274588
274603
274620
274626
274673
274681
274685
274688
274703
274712
274721
274753
274800
274833
274885
274928
274951
274991
275007
275028
275031
275037
275042
275087
275126
275133
275174
275199
275208
275215
275245
275252
275263
275272
275276
275290
275298
275301
275340
275352
275391
275433
275447
275453
275470
275608
275609
275621
275646
275695
275700
275740
275789
275823
275882
275896
275912
275943
275962
275989
276036
276047
276190
276192
276195
276202
276229
276231
276324
276332
276353
276461
276501
276502
276511
276530
276554
276568
276603
276611
276648
276704
276738
276754
276757
276763
276768
276771
276795
276834
276839
276856
276894
276933
276951
276967
276984
277036
277048
277051
277070
277078
277093
277097
277116
277119
277136
277151
277199
277210
277224
277243
277249
277251
277267
277272
277277
277283
277284
277304
277312
277346
277359
277360
277369
277396
277398
277420
277422
277441
277466
277478
277490
277543
277556
277571
277634
277655
277658
277670
277684
277709
277714
277733
277740
277817
277833
277893
277926
277952
277957
277972
277987
278008
278009
278013
278035
278055
278060
278091
278138
278154
278157
278164
278170
278183
278208
278253
278269
278283
278309
278314
278343
278403
278409
278410
278416
278419
278421
278493
278508
278522
278534
278546
278552
278602
278621
278664
