118
129
143
174
963
1060
1249
1624
1684
1762
1941
2201
2688
2731
2735
3028
3080
3479
3798
4289
4868
5001
5180
5321
5714
5847
6165
6552
6700
6882
7348
7524
7707
7950
8052
8216
8239
8270
8639
8790
9166
9325
9978
9996
10079
10221
10475
10615
10828
11124
11314
11462
11483
11504
11515
11665
12171
12575
12978
13279
13309
13456
14410
14689
14876
15059
15138
15728
15881
16688
17147
17314
17496
17590
17655
17712
17946
18522
18683
18712
18717
19258
20073
20611
20669
20759
21138
21204
21328
21561
21632
21740
21757
21782
22175
22688
23159
23416
23658
23920
24089
24133
24799
24846
25694
25706
25838
26297
26330
26441
26629
26638
26941
27366
27689
27733
27799
28305
28627
28952
29132
29394
29759
29787
30230
30363
30764
30962
31098
31161
31175
31259
31301
31331
31381
31594
31614
32189
32702
32715
32855
32917
33098
33497
33821
33836
34108
34451
34613
35253
35302
35502
35606
35963
36258
36283
36541
36556
36663
37543
37572
37867
38001
38007
38245
38647
39555
39586
39629
40134
40367
40560
40684
40784
40940
40950
40969
41479
41773
41854
41979
42267
42336
42339
42430
43094
43342
43469
43646
43658
43670
43873
44042
44287
44292
44413
44424
44496
44799
44888
45125
45769
46052
46601
46611
46762
47278
47862
48174
48336
48370
48468
48609
48665
48684
48936
49553
49713
50075
50634
50692
51788
52196
52368
52660
52798
52831
53185
53401
53729
53818
54113
54392
54435
54701
54900
55057
55441
55686
55721
55744
56009
56416
56883
56983
57206
57471
57619
57655
59203
59411
59553
59827
60463
60905
61641
62204
62390
62420
62528
63054
63166
63186
63779
64011
65015
65465
65801
66011
66848
67175
67536
68073
68513
68609
68662
68846
68921
68955
70243
70538
71254
71406
71768
72012
72079
72421
72639
72730
72813
73225
73660
74221
74686
75117
75636
75752
75895
76020
76326
76987
77120
77326
77689
77758
78389
78726
78953
79033
79170
79238
79293
79429
79563
79579
79917
80287
80754
80897
81819
81946
81984
81985
82019
82035
82531
83079
83095
83157
83638
83646
83727
84088
84094
84103
84112
84471
84770
84892
85012
85072
85399
86968
87474
88212
88681
88828
89095
89443
89874
90248
90259
90274
90556
90764
90979
90998
91281
91285
91500
91775
91804
91808
92467
93096
93628
93682
93813
93888
95170
95190
95255
95478
96306
96704
97163
97246
97264
97405
97416
97470
97684
97714
98012
98080
98209
98530
98627
98749
99102
99173
99211
99825
100555
100697
101036
101365
101588
101749
102685
102749
102797
102926
103057
103199
103433
103440
103441
103779
103832
104091
104343
104365
105314
105580
105816
106098
106163
106508
106670
106687
106814
106848
106925
107646
107647
107951
108037
108852
109077
109126
109134
109234
109253
109624
109647
109874
110307
110522
110714
110715
111218
111418
111596
111997
112006
112224
112240
112297
112304
112632
113465
113643
113839
113865
113956
115646
116069
116229
116346
117247
117686
117863
118455
119325
119391
119704
121140
121338
121418
121557
121753
121763
122247
122406
122704
122844
123808
123887
124814
125455
126036
126389
126792
127175
127193
127320
127349
127592
127932
128093
129376
129608
129818
129987
130063
130475
130928
131099
131273
131298
131656
131938
132925
132932
133029
133080
133250
133588
133775
133981
134021
134044
134067
134391
134947
134992
136325
136410
136430
137242
137437
137570
137946
138668
139141
139737
139859
140093
141119
141816
141855
142495
142607
142689
142851
142868
143248
143372
143473
143576
144164
144936
145441
145452
145570
146026
146059
146475
146657
147409
147503
148058
148174
148316
148592
148649
149530
149719
149856
150774
150944
152076
152850
153161
153474
153568
153587
153895
154116
154150
154505
154629
155004
155083
155151
155186
155189
155442
155809
156147
156169
157034
157524
157927
158048
158137
158364
158562
159310
159724
159825
160067
160084
160667
160693
161780
162221
162342
163516
163800
164037
164133
164221
164501
164607
164657
164781
164856
164897
165197
165363
165398
165495
165597
165968
166682
166721
166904
166925
166935
167168
167242
167338
167412
167514
167576
167591
167630
167663
167837
167879
167993
168239
168529
168830
169033
169414
169762
169875
169977
170494
170879
170889
171188
171250
171691
172304
173220
173250
174275
174282
175276
175615
176102
176167
176200
176627
176695
176795
176948
177029
177055
177455
177522
177614
177642
177644
177794
178243
178354
178397
178729
178866
179791
180403
181163
181471
181780
182649
183015
183032
183497
183939
184103
184341
185027
185439
185470
185804
185900
186863
187169
187504
188138
189414
189477
189848
189851
190058
190182
190461
190495
190700
191158
191391
191751
191756
192464
192620
192693
193078
193461
193477
193577
193931
193935
194026
194205
194487
194634
194640
196183
196830
197635
198326
198401
198899
199153
199207
199295
199925
200682
202363
202385
202754
202844
202874
202912
203112
203473
204158
204344
204412
204467
204602
204701
204980
205586
205656
205959
206147
206204
207024
208557
208898
209207
209246
209288
210483
210540
210961
211251
211289
211382
211391
212178
213755
213834
214014
214198
214216
215677
215767
215885
216179
216350
218352
218817
219596
219897
220297
220308
220795
222068
222436
222555
222705
223135
223140
223870
223883
224248
224308
224545
224739
224801
225364
225474
226461
226708
226981
227278
227421
227860
227948
228426
228659
230086
230159
230472
230873
231097
231137
231584
231671
231794
231866
231873
232491
233973
234404
234787
235218
236037
236183
236689
237095
237251
237312
237719
238865
238901
239261
240084
240369
241178
241384
241416
241709
242362
242402
242648
243065
244291
244736
244949
245012
245123
245479
245531
245568
245971
246099
246535
246677
246696
246773
247622
247984
248130
248251
248632
248717
249594
249842
250003
250055
250412
250417
250430
251048
251709
251761
251848
252071
253266
253769
253859
254457
254790
254828
255290
255358
255480
255805
256436
256583
256607
257167
257382
258081
258668
258889
259518
259533
259625
260911
261625
261828
262746
263091
263237
264148
264576
264667
265253
265904
266048
266176
266665
266900
267249
267982
268029
268355
268756
269207
269511
270015
270021
270124
270167
270751
270758
270793
271395
271511
271832
272062
272625
272949
272961
273057
273186
273238
273709
273755
273992
274201
274760
274921
275302
275525
275806
275820
275873
276080
277129
278104
278231
278258
278354
