4
119
130
321
391
465
657
713
774
787
811
835
879
900
926
964
1007
1151
1183
1192
1201
1275
1397
1429
1560
1595
1727
1748
1810
2060
2286
2328
2393
2432
2483
2717
2772
2845
2868
3050
3118
3407
3418
3526
3643
3789
3807
3868
4018
4044
4095
4099
4141
4175
4256
4501
4731
5526
5672
5742
5761
5766
5831
5936
5948
5974
6019
6197
6235
6262
6264
6418
6518
6664
6689
6722
6806
6851
7141
7225
7323
7327
7616
7640
7733
7923
8020
8044
8114
8171
8302
8430
8523
8558
8559
8598
8817
9092
9535
9590
9763
9784
9976
10245
10351
10406
10411
10418
10592
10670
10930
11272
11434
11599
11815
11906
12091
12162
12295
12297
12303
12346
12355
12367
12484
12492
12601
12656
12676
12680
12703
12734
12786
12817
12916
12924
12958
12963
13022
13034
13040
13240
13387
13463
13482
13949
14079
14121
14209
14257
14380
14569
14818
15192
15260
15272
15460
15560
15818
16042
16227
16233
16249
16463
16610
16612
16615
16884
16890
16926
16955
16960
17014
17049
17468
17477
17557
17642
17720
17775
18246
18755
18786
18812
18846
18905
19125
19277
19297
19368
19376
19509
19669
19794
19862
19926
20075
20270
20398
20482
20613
20623
20824
20894
20972
21672
21941
21950
21954
22001
22173
22273
22326
22426
22446
22448
22450
22524
22636
22661
22675
22848
22977
22978
22990
22992
23020
23063
23288
23505
23637
23640
23800
23896
23903
24033
24161
24203
24635
24644
24784
24788
25151
25206
25320
25401
25803
26151
26288
26400
26476
26494
26516
26803
26986
27143
27383
27644
27731
27811
27879
28077
28175
28392
28410
28445
28447
28458
28501
28502
28621
28622
28652
28828
29070
29170
29176
29213
29626
29745
29765
29815
29828
30102
30123
30304
30509
30629
30690
30831
30870
30997
31140
31240
31339
31486
31495
31537
31628
31708
31767
31851
31939
32046
32177
32181
32299
32386
32463
32513
33060
33079
33378
33460
33492
33524
33544
33558
33579
33643
33954
33992
34046
34130
34156
34331
34361
34524
34534
34784
35024
35035
35045
35124
35628
35970
36255
36329
36371
36461
36475
36485
36488
36519
36642
36707
36919
37044
37226
37229
37291
37430
37506
37561
37594
37614
37715
37979
38089
38136
38142
38225
38370
38475
38504
38517
38579
38656
38863
38906
38926
38927
38967
39224
39243
39320
39463
39478
39531
39556
39743
39863
39982
40177
40287
40304
40521
40530
40625
40798
40864
40886
40897
40987
41002
41065
41137
41164
41624
42196
42324
42400
42419
42441
42550
42629
42633
42720
42897
42901
42964
43040
43044
43069
43074
43364
43370
43396
43530
43596
43619
43656
43728
43770
43811
43914
44300
44570
44692
44704
44821
44878
44950
45467
45687
45726
45746
45804
45921
46071
46368
46731
46835
47118
47324
47473
47496
47551
47667
47721
47769
47781
47790
47840
47884
47957
47983
47996
48057
48072
48135
48413
48597
48631
48968
49037
49083
49140
49237
49329
49583
49661
49797
49844
50432
50532
50566
50651
50695
50834
50850
50888
50941
50945
50951
50991
51114
51124
51180
51205
51223
51249
51340
51535
51578
51666
51701
51737
51741
51767
51789
51837
52011
52135
52237
52295
52373
52422
52444
52636
52686
52737
52931
52950
53015
53313
53323
53713
53823
53881
54204
54263
54267
54296
54308
54357
54446
54568
54610
54908
55032
55281
55290
55327
55436
55467
55647
55888
55899
55925
55992
56083
56240
56360
56491
56537
56956
57019
57081
57189
57422
57693
57751
57757
57835
57870
57884
58170
58287
58344
58386
58683
58981
59146
59555
59675
59689
59755
59803
59815
59869
60060
60141
60200
60202
60208
60408
60474
60704
60778
60984
61205
61274
61289
61325
61327
61408
61648
61654
61814
61983
62028
62042
62346
62400
62472
62675
62832
62946
63026
63068
63222
63405
63504
63620
63667
63962
64000
64191
64250
64315
64359
64389
64644
64659
64813
65172
65247
65286
65316
65468
65798
65818
65956
65961
66078
66460
66568
66693
66969
67188
67268
67280
67336
67377
67477
67509
67633
67694
67838
67864
68011
68291
68300
68505
68507
68511
68838
68997
69085
69113
69238
69273
69320
69410
69426
69450
69617
69666
69732
69795
69931
69972
70007
70042
70085
70131
70142
70153
70416
70485
70709
70771
70866
70896
70917
70992
71037
71055
71219
71434
71835
71906
72160
72179
72278
72334
72379
72409
72490
72495
72609
72748
73036
73102
73177
73232
73252
73308
73382
73545
73777
73831
73881
73890
73974
74139
74219
74268
74368
74393
74459
74571
74596
74684
74868
74878
74892
74932
75041
75297
75308
75311
75402
75603
75649
75654
75710
75722
75778
75790
75853
76002
76149
76272
76295
76306
76417
76480
76919
77030
77307
77325
77353
77467
77614
77617
77681
78003
78108
78164
78715
78954
78977
79124
79128
79135
79184
79269
79304
79551
80187
80230
80607
80772
80818
80881
80904
81054
81112
81114
81358
81408
81495
81620
81882
82245
82257
82388
82723
82831
82993
83071
83105
83163
83215
83226
83246
83711
83766
83770
83811
83931
83948
84145
84462
84633
84657
84867
84978
84979
84994
85003
85005
85073
85152
85196
85289
85361
85379
85624
85945
86060
86130
86185
86193
86517
86585
86721
87001
87027
87151
87187
87452
87737
88052
88085
88160
88217
88239
88298
88700
88822
89079
89316
89732
89885
90110
90161
90331
90465
90779
90836
90994
91275
91415
91681
91805
91872
92366
92474
92536
92595
92735
92804
93141
93169
93198
93201
93228
93235
93325
93377
93380
93459
93515
93529
93655
93799
93847
94025
94043
94065
94080
94131
94192
94481
94536
94668
95025
95138
95201
95252
95298
95300
95435
95529
95610
95812
96465
96510
96530
96657
96725
96727
96745
97028
97270
97531
97705
97834
97916
97920
97981
98100
98107
98188
98375
98379
98442
98447
98460
98545
98565
98796
98939
99109
99146
99158
99253
99255
99263
99266
99274
99356
99471
99681
99877
99932
99966
100170
100238
100248
100251
100288
100772
100889
100947
101238
101292
101334
101346
101386
101424
101476
101753
102225
102349
102429
102631
102774
102861
102983
103078
103133
103149
103231
103280
103525
103595
103834
103869
104055
104101
104171
104185
104322
104327
104499
104503
104525
104538
104552
104756
104783
104788
104994
105074
105171
105313
105361
105375
105828
105886
105974
106020
106185
106382
106496
106674
106711
106830
106896
106915
107034
107129
107274
107299
107519
107612
107959
108167
108366
108383
108390
108412
108444
108465
108717
108723
108846
109016
109238
109633
109802
109854
110237
110278
110584
110806
111232
111352
111390
111493
111519
111536
111621
111794
111848
111906
112015
112079
112183
112208
112232
112447
112479
112521
112609
112659
112714
112868
113321
113325
113481
113611
113614
113619
113736
113762
113928
114086
114248
114326
114356
114413
114431
114536
114583
114630
114645
114819
114941
115083
115121
115170
115617
115739
115896
115956
116025
116261
116316
116500
116797
117085
117087
117346
117579
117612
117673
117688
117800
117869
117905
118082
118467
118682
118709
118752
118823
118857
118875
118945
119033
119080
119222
119405
119463
119504
119861
120130
120230
120248
120374
120464
120544
120582
120849
121002
121042
121122
121281
121283
121296
121360
121640
121836
121852
121891
121899
121922
121970
122051
122153
122190
122290
122454
122605
122741
122752
122875
122933
122934
123063
123593
123610
123679
123706
123744
124039
124081
124325
124346
124363
124436
124634
124667
124838
125075
125237
125365
125418
125430
125461
125586
125775
126118
126339
126368
126438
126449
126546
126918
127004
127124
127346
127570
127908
127965
128159
128355
128487
128488
128494
128611
128737
128942
129111
129220
129292
129422
129489
129621
129712
129929
130021
130054
130079
130224
130254
130385
130405
130419
130580
130608
130618
130716
130915
131248
131292
131594
131619
132070
132071
132077
132151
132786
133141
133193
133277
133370
133372
133531
133585
133618
133816
133873
133892
134081
134200
134468
134621
134636
134666
134807
134877
134905
134984
135165
135240
135379
135441
135516
135588
135625
135668
135867
136070
136148
136154
136166
136240
136411
136491
136988
137056
137074
137170
137257
137309
137633
137658
137789
138046
138164
138187
138196
138390
138451
138556
138603
139032
139136
139252
139312
139476
139515
139615
139710
139715
139756
139806
139880
139919
140023
140295
140369
140379
140550
140592
140603
140620
140646
140957
140989
141357
141421
141535
141871
141904
141952
141993
142100
142251
142389
142390
142688
142715
142717
142886
142929
143112
143253
143428
143539
143711
143831
144155
144377
144397
144503
144536
144642
144667
144688
144692
145143
145155
145160
145170
145249
145258
145353
145415
145493
145760
146078
146165
146185
146204
146223
146276
146344
146499
146534
146543
146666
146680
146707
146788
146801
146937
147452
147781
148065
148260
148349
148596
148621
148666
148689
149045
149217
149501
150172
150275
150332
150656
150893
151035
151120
151150
151272
151297
151400
151497
151691
152005
152061
152066
152268
152659
152695
152745
152828
152976
153105
153247
153323
153428
153521
153591
153659
153719
153894
153901
153986
153990
154001
154083
154192
154231
154244
154464
154729
154803
155048
155077
155094
155095
155124
155156
155309
155350
155389
155430
155463
155778
155834
156019
156083
156182
156286
156403
156423
156432
156436
156584
156653
156949
156973
157095
157144
157152
157237
157266
157301
157375
157430
157537
157654
157831
157929
158052
158240
158286
158292
158358
158756
158815
158928
158991
159273
159349
159360
159596
159760
160203
160309
160587
160625
160836
160868
160891
160971
161239
161351
161405
161406
161483
161534
161598
161652
161664
161802
161819
161976
162035
162136
162278
162379
162384
162531
162724
162976
163022
163040
163074
163105
163353
163486
163869
163965
163973
163978
164136
164171
164190
164472
164597
164707
164910
164959
165125
165151
165222
165245
165318
165492
165502
165509
165708
165948
166275
166338
166435
166546
166557
166581
167247
167255
167326
167479
167547
167774
167850
167924
168131
168169
168189
168403
168424
168499
168574
168919
169003
169336
169367
169427
169450
169476
169529
169584
169657
169719
169815
169883
169902
169922
170061
170093
170135
170144
170202
170474
170568
170874
170897
171105
171132
171405
171465
171487
171588
172411
172475
172521
172607
172711
172719
172733
173462
173546
173605
173896
173967
174116
174175
174310
174622
174650
174675
174718
174982
175018
175139
175215
175374
175580
175648
175742
175852
175903
175991
175997
176400
176424
176560
176817
177038
177413
177707
177710
178006
178205
178287
178452
178474
178623
178649
178680
178778
179051
179411
179748
179839
179916
180095
180143
180372
180641
180674
180766
181238
181341
181508
181577
181687
181825
181850
181985
182287
182333
182425
182461
182512
182739
182776
182983
182995
183133
183189
183213
183263
183503
183520
183521
183768
183827
184079
184230
184235
184747
184797
184899
185233
185286
185313
185324
185553
185701
185810
185895
185934
186032
186125
186165
186187
186213
186284
186285
186333
186386
186536
186618
186910
187077
187181
187195
187345
187510
187994
188027
188042
188075
188080
188126
188673
188747
188859
188997
189026
189242
189427
189471
189582
189594
189662
189832
189911
189983
189999
190227
190352
190362
190374
190460
190467
190500
190504
190540
190543
190627
190667
190716
190891
191490
191575
191627
191779
191805
191932
192000
192073
192215
192221
192283
192315
192351
192441
192445
192478
192728
192871
192988
193102
193224
193575
193603
193827
193887
193900
194003
194529
194919
194936
195063
195165
195201
195217
195276
195698
195702
195966
196001
196013
196044
196144
196242
196272
196325
196343
196404
196464
196554
196572
196574
196621
196768
196826
196858
197030
197161
197208
197301
197408
197411
197461
197517
197548
197581
197613
197718
197720
197763
197766
197811
197984
198339
198503
198684
198687
198956
199095
199189
199282
199617
199837
199917
200089
200115
200276
200326
200327
200375
200493
200677
200781
200890
201001
201372
201426
201479
201521
201592
201635
201649
201712
201716
201807
201822
201985
202031
202100
202394
202594
202678
202706
202938
203086
203234
203241
203254
203414
203445
203446
203540
203644
203768
203849
203860
203881
203898
203922
204260
204275
204387
204419
204594
204800
204833
205027
205172
205308
205343
205672
205780
205935
206244
206266
206367
206696
206774
207227
207371
207446
207689
207702
207720
207722
207813
207880
208127
208188
208311
208368
208540
208678
208888
209378
209526
209592
209629
209801
209811
209984
210041
210110
210127
210555
210598
210719
210749
210762
210863
210923
211066
211146
211153
211185
211240
211366
211388
211441
211542
211713
211788
212092
212290
212324
212493
212530
212671
212900
212987
212994
213107
213136
213142
213296
213308
213424
213547
213589
213620
213656
213659
213864
214147
214291
214308
214320
214505
214651
214704
214746
214934
214948
215075
215226
215254
215753
215964
216181
216298
216354
216417
216477
216489
216922
216966
217009
217049
217080
217204
217243
217259
217270
217607
217609
217723
217931
217962
218040
218059
218185
218227
218324
218394
218433
218727
218757
218985
218993
219036
219195
219270
219387
219410
220080
220085
220151
220574
220580
220582
220657
220804
220895
220919
220930
220969
220992
221011
221092
221164
221167
221331
221368
221627
221748
222081
222184
222233
222319
222384
222504
222650
222676
222736
222781
223037
223072
223073
223132
223175
223296
223312
223345
223673
223691
223782
223822
223874
224116
224333
224475
224607
224633
224893
224987
225096
225297
225375
225457
225566
225587
225796
225982
226093
226153
226275
226290
226328
226385
226388
226432
226918
226931
227241
227360
227524
227613
227666
228067
228113
228219
228351
228358
228658
228758
228791
228903
228970
228988
229046
229073
229133
229183
229283
229345
229554
229590
229743
229904
229916
230018
230019
230102
230300
230383
230527
230704
230925
231530
231544
231925
232088
232157
232500
232576
232640
232965
233114
233464
233623
233785
233806
233837
233881
233978
234340
234354
234509
234542
234687
234931
235005
235009
235064
235191
235366
235455
235648
235725
235986
235989
236779
236950
237028
237037
237108
237158
237203
237229
237245
237293
237352
237622
237690
237705
237952
237958
238103
238124
238450
238677
238760
238821
238920
238926
238970
239000
239159
239334
239427
239528
239539
239551
239570
239588
239714
239781
239818
239824
239910
240001
240213
240422
240426
240431
240745
240823
240937
241051
241070
241077
241137
241280
241380
241501
241708
241841
241924
241927
241980
241995
242125
242596
242835
243048
243116
243204
243320
243469
243759
243799
243836
243888
243900
244080
244456
244517
244607
244653
244692
244814
244896
245033
245054
245213
245609
245643
245697
245872
245881
246093
246270
246374
246601
246619
246722
246799
246875
246994
247227
247245
247328
247347
247740
247767
247840
247846
247872
247883
247988
248278
248353
248582
248666
248867
249036
249039
249063
249208
249245
249529
249555
249618
249946
249956
250026
250218
250334
250397
250413
250485
250853
250886
251053
251086
251216
251260
251269
251277
251472
251573
251604
251715
251716
251772
251855
251879
251925
251939
252050
252400
252655
252818
252824
252924
252932
253013
253295
253336
253398
253614
253740
253857
253993
254010
254330
254355
254400
254407
254537
254558
254650
254765
254787
254818
254849
254896
255164
255466
255474
255557
255904
255911
256237
256477
256491
256562
256709
256727
256775
256808
256931
257101
257359
257494
257585
257650
257668
257694
257696
257746
257770
257850
257997
258031
258055
258261
258291
258319
258456
258476
258628
258721
258898
258912
259036
259077
259084
259166
259191
259539
259579
259614
259676
259897
260306
260406
260462
260540
260546
260610
260629
260814
260845
260920
261118
261214
261478
261583
261681
261802
261836
261995
262040
262228
262265
262638
262730
262857
262899
262904
262920
263000
263110
263452
263531
263582
263612
263754
263820
263857
263900
263928
263986
264085
264094
264185
264205
264213
264220
264354
264414
264458
264526
264634
264658
264740
264938
264980
265194
265247
265252
265386
265557
265644
266157
266219
266220
266234
266471
266674
266728
266785
266961
267176
267225
267548
267620
267826
268041
268117
268262
268295
268404
268441
268474
268565
268628
268629
268803
268853
268950
269006
269194
269284
269377
269418
269481
269714
269872
269914
269917
270000
270129
270147
270299
270537
270565
270575
270768
270907
271078
271133
271159
271239
271247
271330
271364
271415
271466
271467
271553
271679
271872
272042
272175
272232
272314
272423
272439
272575
272611
272659
272748
272759
273042
273184
273259
273494
273711
273877
274029
274079
274220
274261
274499
274577
274728
274729
274913
274928
275124
275232
275250
275333
275342
275391
275461
275559
275724
275778
275842
275863
275885
275926
275989
276022
276222
276416
276461
276511
276577
276754
276781
276951
277021
277072
277075
277280
277314
277378
277668
277700
277759
278273
278326
278444
278472
278524
