119
427
459
625
835
867
878
900
998
1101
1126
1343
1487
1847
1865
1870
1877
2038
2113
2207
2267
2328
2342
2393
2571
2717
2725
2868
2947
3010
3102
3143
3220
3279
3291
3304
3354
3407
3419
3526
3548
3559
3560
3578
3583
3738
3757
3882
3918
3976
3994
4039
4066
4411
4501
4744
4956
5028
5038
5071
5146
5355
5437
5659
5726
5948
5962
6031
6155
6166
6168
6188
6262
6418
6456
6488
6682
6851
6873
6945
6965
6973
6980
7141
7155
7195
7289
7355
7445
7613
7614
7668
7674
7987
7999
8020
8044
8114
8196
8305
8447
8522
8523
8665
8817
8856
8960
8991
9221
9303
9481
9555
9696
9784
9801
9828
9836
9961
9976
10403
10471
10627
10648
10655
10723
10748
10827
10883
10899
10941
10977
11072
11475
11525
11587
11777
11873
11947
12106
12144
12156
12162
12169
12172
12178
12280
12297
12346
12357
12484
12621
12632
12732
12766
12831
12963
13307
13373
13387
13458
13483
13615
13664
13833
13870
13897
13949
14209
14217
14340
14553
14565
14569
14575
14577
14602
14693
14804
14818
14935
15192
15197
15504
15818
15992
16070
16074
16126
16247
16479
16616
16640
17008
17012
17023
17054
17174
17187
17195
17333
17337
17381
17476
17477
17557
17642
17720
17780
17785
17818
17823
17840
17899
17953
17971
18011
18475
18545
18563
18575
18684
18713
18755
18816
18905
18912
18914
19014
19017
19113
19242
19282
19409
19490
19617
19624
19681
19701
19877
20113
20145
20190
20467
20477
20482
20573
20587
20610
20624
20626
20869
20910
20972
21059
21163
21176
21233
21240
21272
21279
21290
21506
21648
21954
21977
22042
22252
22255
22256
22273
22308
22310
22349
22361
22364
22380
22426
22446
22494
22536
22588
22676
22698
22807
22848
22883
22990
23012
23127
23177
23228
23271
23274
23301
23435
23640
23661
23800
23809
23816
23837
23852
23856
23866
23885
24033
24049
24186
24203
24213
24302
24454
24472
24473
24546
24603
24605
24644
24666
24667
24671
24695
24699
24756
24948
24954
24957
24958
25013
25138
25206
25520
25719
25756
25803
25824
25948
25953
25982
26016
26017
26167
26179
26227
26255
26305
26332
26391
26398
26411
26412
26439
26459
26481
26483
26535
26582
26672
26803
26847
26854
26976
27143
27263
27382
27384
27421
27547
27548
27607
27703
27707
27731
27745
27811
28049
28055
28224
28320
28326
28347
28472
28501
28503
28524
28607
28621
28622
28702
28710
28744
28765
28780
28850
28962
29120
29143
29161
29170
29202
29208
29213
29217
29243
29245
29359
29629
29745
29750
29828
29864
30130
30140
30438
30441
30509
30566
30629
30748
30771
30831
30879
30886
30951
31166
31177
31195
31227
31306
31330
31399
31512
31537
31538
31620
31635
31796
31844
31886
32037
32041
32046
32200
32386
32415
32428
32434
32483
32486
32513
32530
32540
32587
32607
32824
32889
32991
33037
33097
33100
33160
33163
33234
33270
33386
33421
33429
33460
33467
33495
33524
33579
33656
33816
33935
33992
34015
34413
34513
34625
34666
34810
34852
34878
34885
34913
35045
35160
35220
35530
35578
35593
35657
35769
35839
35965
35982
36037
36120
36139
36231
36334
36385
36443
36475
36488
36542
36639
36642
36677
36748
36770
36885
36886
36971
37197
37228
37300
37354
37430
37563
37614
37906
38016
38027
38188
38220
38225
38330
38340
38377
38442
38569
38580
38669
38906
38926
38927
38940
39010
39017
39094
39344
39474
39486
39514
39599
40163
40177
40184
40215
40287
40303
40311
40415
40517
40521
40570
40864
40944
40974
41003
41065
41544
41734
41900
42161
42196
42209
42215
42221
42228
42233
42261
42295
42355
42443
42528
42538
42610
42652
42657
42730
42735
42765
42879
42901
42963
43044
43121
43123
43321
43343
43359
43367
43414
43464
43529
43667
43861
43917
43919
44202
44229
44359
44365
44378
44382
44663
44672
44711
44723
44768
45173
45265
45445
45467
45565
45799
45815
46113
46173
46182
46308
46384
46387
46518
46615
46745
46756
46757
46868
46993
47073
47100
47233
47273
47403
47420
47444
47536
47552
47643
47654
47662
47790
47804
47884
47945
48117
48197
48233
48282
48307
48318
49134
49187
49306
49580
49701
49727
49822
49850
49888
50045
50306
50365
50376
50398
50414
50467
50546
50695
50834
50957
51028
51081
51180
51191
51250
51432
51515
51553
51666
51752
51772
51795
51796
51869
51898
51917
51941
52000
52295
52373
52380
52418
52771
52780
52882
53163
53248
53259
53272
53375
53585
53713
53749
53823
53842
53924
54011
54116
54122
54204
54267
54296
54475
54828
54878
55176
55327
55376
55436
55469
55539
55640
55685
55704
55846
55928
55992
56029
56061
56360
56491
56530
56537
56616
56710
56789
56950
57034
57181
57189
57212
57416
57422
57426
57639
57677
57693
57752
57780
57856
58044
58127
58264
58419
58752
59125
59246
59675
59680
59847
60060
60106
60153
60182
60208
60373
60400
60408
60509
60597
60612
60643
60726
60749
60766
61112
61144
61147
61170
61203
61257
61274
61485
61697
61781
61889
61975
62022
62042
62264
62314
62346
62387
62400
62455
62464
62565
62659
62665
62828
62906
62946
62972
63068
63120
63124
63226
63336
63392
63454
63463
63500
63536
63570
63602
63666
63667
63687
63693
63771
63793
64130
64326
64342
64479
64593
64644
64700
64813
65051
65052
65327
65734
65838
65915
65948
65992
66072
66078
66154
66240
66343
66517
66540
66568
66621
66651
66721
66779
67023
67048
67143
67180
67311
67317
67491
67589
67670
67694
67701
67761
67864
67919
67923
68060
68100
68113
68138
68162
68179
68202
68238
68300
68361
68403
68577
68599
68635
68660
68820
68876
69262
69273
69628
69641
69686
69904
69972
69984
70003
70042
70069
70096
70866
70884
70969
70986
70991
71015
71155
71248
71335
71387
71409
71543
71755
71784
71794
71804
71806
71906
71919
71951
71959
72141
72160
72268
72272
72273
72278
72409
72563
72655
72962
72971
72982
73036
73047
73048
73189
73214
73237
73252
73300
73398
73408
73452
73485
73545
73682
73724
73782
73804
73881
73891
73893
74052
74094
74139
74214
74393
74434
74459
74544
74653
74703
74755
74758
74878
74926
74932
74947
75023
75084
75089
75091
75094
75182
75311
75580
75603
75621
75638
75673
75680
75892
76106
76107
76149
76211
76665
76922
77030
77150
77157
77204
77307
77351
77387
77587
77593
77595
77655
77726
77931
78096
78136
78157
78352
78557
78617
78627
78666
78954
78976
79159
79231
79237
79336
79390
79418
79454
79551
79678
79728
79790
79812
79824
79871
80006
80443
80692
80695
80712
80744
80776
81112
81125
81162
81259
81287
81400
81408
81444
81450
81495
81686
81763
81787
81805
81847
81922
82076
82077
82288
82388
82457
82500
82934
82948
82993
83246
83316
83345
83407
83691
83714
83759
83772
83785
83786
83789
83803
83811
83931
84085
84089
84290
84318
84415
84446
84587
84633
84657
84759
84778
84779
84826
84856
84947
84979
85013
85020
85087
85088
85110
85124
85126
85140
85196
85289
85295
85495
85710
85831
85958
85972
86130
86225
86318
86721
86835
86933
86965
87023
87037
87061
87177
87187
87188
87305
87343
87536
87733
87735
87737
87760
87923
88010
88037
88159
88217
88239
88462
88539
88655
88700
88723
88731
88745
88761
88837
88885
88939
89105
89106
89112
89127
89141
89201
89302
89316
89427
89457
89732
89885
89918
90059
90104
90110
90240
90466
90756
90761
90859
90891
90994
91103
91149
91213
91261
91264
91275
91415
91681
91758
91904
91920
92244
92250
92691
92692
92765
92988
92992
93025
93161
93201
93313
93333
93412
93419
93489
93498
93632
93648
93655
93794
93887
93905
94006
94065
94125
94286
94311
94497
94570
94573
94667
95156
95205
95243
95260
95686
95766
96012
96036
96288
96351
96556
96560
96679
96685
96703
96732
96750
96775
97016
97022
97234
97339
97672
97700
97723
97824
97834
97854
97912
97935
97961
98024
98100
98116
98329
98335
98341
98375
98397
98460
98518
98519
98604
98973
99115
99146
99243
99255
99266
99461
99776
99877
99907
100184
100238
100251
100314
100457
100464
100577
100668
101236
101281
101474
101476
101490
101574
101889
101905
102057
102225
102349
102536
102628
102720
102838
102866
102927
102983
103033
103167
103248
103262
103404
103407
103435
103436
103457
103503
103534
103571
103783
103785
103794
103795
103818
103881
103898
104055
104101
104183
104184
104210
104267
104314
104322
104331
104503
104600
104633
104642
104756
104783
104788
104896
104924
104969
105001
105313
105553
106286
106382
106496
106737
106816
106955
106965
107113
107217
107253
107274
107299
107356
107876
107939
108040
108072
108334
108629
108664
108678
108804
108919
109027
109129
109135
109143
109392
109633
109714
109721
109747
109749
109754
109774
109817
109943
110008
110010
110085
110087
110096
110237
110278
110471
110476
110700
110706
110755
110768
110783
110784
110806
110943
111078
111093
111263
111519
111695
111700
111753
111906
112078
112086
112268
112452
112601
112850
112927
112981
113055
113284
113321
113603
113762
113842
113911
113934
113950
114110
114180
114213
114276
114394
114583
114584
114593
114596
114723
114812
114910
114936
115062
115100
115121
115268
115291
115404
115417
115622
115739
115756
115853
115896
115944
116015
116041
116047
116183
116221
116234
116261
116333
116527
116625
116634
117002
117087
117090
117346
117373
117417
117457
117664
117800
117923
118238
118467
118596
118629
118709
118773
118857
119027
119165
119179
119281
119289
119338
119395
119598
119706
119846
119861
119882
120230
120367
120375
120464
120817
120818
120855
121002
121122
121773
121782
121796
121808
121882
121899
122031
122051
122153
122186
122190
122605
122816
122934
123025
123057
123063
123081
123191
123276
123453
123706
123727
123774
123835
123914
123922
124076
124140
124204
124256
124265
124363
124603
124621
124623
125348
125398
125418
125430
125439
125573
125630
125684
125896
125966
125979
126178
126438
126441
126488
126671
126723
126811
126837
126992
127004
127038
127239
127241
127285
127297
127322
127370
127456
127474
127570
127681
127950
127965
128487
128646
128829
128907
129064
129150
129177
129220
129337
129374
129422
129446
129624
129684
129712
129757
129773
130116
130159
130260
130360
130755
130787
130862
130871
130899
130943
131044
131062
131084
131134
131300
131395
131712
132009
132070
132188
132205
132310
132397
132438
132610
132766
132953
133202
133401
133546
133598
133618
133633
133656
133707
133816
133975
134103
134195
134201
134339
134608
134636
134778
135219
135402
135413
135511
135625
136070
136126
136154
136166
136205
136247
136491
136530
136536
136609
136657
136707
137170
137177
137192
137216
137247
137371
137446
137454
137589
137988
138008
138027
138325
138390
138403
138441
138451
138520
138522
138548
138754
138802
138930
138951
139070
139200
139312
139394
139487
139514
139691
139700
139710
139782
139976
139998
140003
140144
140165
140218
140377
140379
140440
140509
140603
140693
140710
140770
140781
140803
140810
140816
140976
140993
141197
141208
141235
141343
141410
141741
141812
141850
141993
142021
142125
142141
142190
142291
142323
142621
142809
142917
142952
143161
143247
143353
143375
143390
143471
143593
143714
143831
143948
144145
144442
144503
144511
144591
144642
144662
144982
144994
145127
145160
145170
145179
145258
145293
145510
145739
145824
146021
146195
146233
146374
146554
146558
146680
146850
146892
146894
147081
147119
147124
147221
147224
147280
147282
147284
147293
147306
147491
147570
147641
147700
147807
148022
148031
148130
148144
148260
148433
148467
148520
148578
148799
148819
148885
148979
148995
149079
149082
149137
149217
149248
149290
149356
149366
149386
149408
149495
149562
149789
149799
149809
149867
149925
150053
150332
150615
150741
150750
150764
150781
150890
151102
151463
151467
151497
151610
151800
151824
151848
151883
151915
151943
151975
152153
152268
152290
152375
152493
152578
152636
152659
152705
152743
152782
152907
152920
152976
152998
153054
153073
153126
153174
153250
153323
153517
153521
153540
153555
153735
153846
153923
153970
154085
154303
154340
154388
154528
154533
154613
154803
154870
155094
155108
155279
155309
155569
155587
155603
155693
155747
155834
155890
155928
156143
156275
156376
156423
156446
156490
156584
156846
156927
156949
156973
157142
157194
157202
157237
157256
157530
157563
157595
157831
157842
158092
158154
158266
158382
158439
158646
158648
158831
158916
159035
159043
159089
159228
159239
159281
159360
159686
159938
159980
160085
160089
160143
160180
160194
160203
160291
160526
160560
160587
160685
160861
160868
160891
160895
160948
160963
161047
161257
161776
161900
161902
162035
162136
162200
162278
162330
162350
162438
162450
162511
162517
162574
162719
162753
162916
163120
163134
163169
163507
163579
163613
163742
163813
163873
163921
164055
164115
164136
164181
164190
164291
164382
164421
164433
164472
164528
164536
164539
164597
164731
164910
165021
165034
165152
165222
165262
165280
165395
165508
165702
165860
165946
166145
166158
166182
166331
166605
166789
166871
166912
166914
167200
167226
167428
167547
167622
167771
167845
168258
168499
168749
169118
169238
169408
169450
169508
169544
169614
169702
169765
169797
169873
169914
170007
170060
170065
170093
170426
170474
170479
170586
170737
171300
171315
171342
171400
171620
171815
172099
172204
172406
172447
172475
172505
172548
172711
172715
172723
172733
172850
172890
172915
173117
173233
173235
173286
173313
173427
173654
173685
173691
173791
173848
173858
173896
173983
174158
174175
174263
174362
174501
174577
174608
174622
174689
174718
174795
174877
174982
175304
175648
175693
175866
176158
176245
176554
176957
177002
177326
177469
177524
177596
177676
177701
177732
177905
178006
178049
178339
178452
178483
178623
178888
179008
179039
179051
179224
179242
179768
179977
180095
180151
180165
180443
180477
180632
180674
180917
181321
181341
181346
181542
181560
181567
181576
181577
181592
181624
181747
181799
182013
182585
182617
182634
182737
182827
182934
182951
183294
183312
183391
183520
183720
183827
184230
184269
184308
184333
184459
184478
184562
184581
184726
184940
185106
185235
185290
185324
185398
185646
185694
185717
185810
185879
185921
185934
186213
186274
186346
186579
186822
187073
187222
187349
187420
187441
187445
187457
187551
187558
187636
187668
187745
188213
188997
189148
189344
189423
189497
189594
189797
189810
189886
189911
190150
190252
190280
190462
190638
190840
190891
191090
191125
191168
191411
191552
191922
191939
191955
191986
192229
192283
192577
192624
192662
192691
192733
192869
192871
192988
193313
193350
193564
193584
193738
193744
193840
194333
194379
194507
194572
194728
194775
195035
195063
195187
195189
195238
195381
195571
195698
195702
195749
195753
195768
195793
195841
196192
196235
196288
197014
197313
197394
197548
197797
197984
198478
198698
198716
198956
199011
199617
199735
200227
200276
200375
200510
200566
201380
201592
201823
201824
201841
201853
202224
202261
202266
202460
202468
202494
202542
202594
202893
202938
203084
203219
203235
203270
203273
203355
203395
203881
203898
203937
203968
204266
204281
204419
204594
204751
204762
204791
204800
204983
205044
205201
205343
205349
205545
205602
205641
205761
205826
205905
206030
206056
206138
206341
206377
206443
206520
206609
206736
206934
207266
207347
207371
207722
207817
207877
208527
208545
208558
208579
208999
209001
209009
209056
209152
209393
209570
209640
209801
209968
209994
210007
210036
210071
210135
210456
210591
210622
210678
210771
210863
210876
210910
210915
211140
211146
211184
211377
211387
211441
211698
211713
211849
211946
212046
212057
212081
212087
212226
212308
212320
212350
212493
212524
212648
212685
212705
212715
212740
212888
213072
213097
213142
213233
213295
213296
213318
213660
213695
213728
213937
213938
213972
213974
213998
214053
214203
214291
214447
214688
214693
214712
214911
214915
215042
215390
215480
215585
215792
215798
215891
216353
216595
216670
216963
216966
217018
217025
217089
217329
217402
217607
217739
217756
217931
218005
218232
218263
218277
218696
218720
218993
219036
219268
219525
219617
219650
220045
220547
220580
220895
221006
221087
221216
221254
221303
221311
221382
221393
221794
221951
222025
222026
222151
222164
222286
222384
222394
222615
222640
222650
222673
222676
222715
222781
222916
223037
223106
223111
223296
223312
223522
223673
223831
223846
223874
223937
224050
224066
224159
224198
224333
224475
224706
224721
224920
225066
225186
225232
225289
225369
225375
225566
225792
225999
226077
226353
226432
226618
226650
226771
226796
227082
227192
227193
227361
227378
227583
227907
227986
228113
228267
228304
228321
228614
228619
228658
228902
228903
228969
228988
229267
229283
229308
229323
229379
229711
229769
229992
230784
230877
230925
231073
231648
231980
232003
232108
232584
233055
233086
233118
233146
233232
233623
233694
233724
234132
234150
234242
234542
235947
235986
236283
236319
236419
236443
236460
236514
236806
237028
237037
237043
237059
237203
237205
237215
237224
237229
237293
237384
237638
237712
237738
237862
237930
237953
237971
237999
238391
238454
238727
238754
238760
238867
238998
239000
239242
239342
239570
239615
239767
239785
240019
240506
240555
240626
240645
240733
240810
240919
241051
241210
241367
241380
241392
241501
241519
241617
241666
241673
241979
242242
242288
242549
242637
242858
242880
242931
243114
243416
243418
243701
243715
243931
244034
244101
244165
244199
244206
244363
244442
244445
244504
244506
244512
244517
244607
244842
245064
245089
245105
245110
245115
245643
245760
245841
245977
246009
246132
246247
246504
246601
246798
246799
246812
246875
246938
246994
247001
247004
247281
247328
247474
247740
247771
247840
248237
248278
248330
248404
248455
248664
248895
249037
249455
249583
249682
249707
249941
249946
250026
250135
250198
250485
250605
250695
250923
250958
251244
251260
251276
251383
251389
251609
251944
252050
252203
252286
252719
252824
252924
252932
253335
253336
253766
254057
254230
254267
254537
254567
254855
254880
254896
255334
255444
255508
255917
256266
256640
256643
256686
256808
257056
257347
257490
257746
257755
257838
257924
257979
257997
258277
258335
258453
258651
258801
258836
258876
258912
258924
259077
259248
259539
259581
259611
259756
259858
259868
260070
260245
260306
260365
260454
260814
260845
261118
261199
261203
261214
261472
261505
261583
261789
261800
261836
261845
262275
262638
262673
262857
262904
262969
263267
263335
263728
263776
263995
264221
264227
264354
264614
264627
264752
264940
264978
265076
265105
265396
265545
265670
265779
265875
265883
266327
266410
266455
266471
266564
266587
266912
267110
267260
267403
267752
268018
268041
268295
268404
268474
268536
268541
268550
268692
268746
268803
269052
269264
269418
269889
270008
270082
270226
270324
270496
270768
270956
270987
270996
271159
271239
271270
271355
271384
271415
271494
271679
271891
272042
272115
272334
273075
273259
273270
273288
273604
273637
273722
273779
273877
274088
274293
274499
274667
274681
274911
274913
275208
275250
275329
275333
275340
275548
275740
276022
276094
277021
277078
277199
277422
277450
277621
277827
278326
278416
278451
