26
156
195
371
438
505
518
567
572
578
590
632
666
904
967
1036
1068
1077
1109
1128
1166
1219
1285
1384
1417
1603
1678
1731
1853
1965
1979
2032
2115
2129
2172
2211
2251
2254
2265
2579
2761
2838
2976
3087
3222
3292
3296
3414
3459
3556
3701
3786
3836
3876
3899
3915
3954
3983
3999
4125
4168
4232
4238
4421
4709
4946
5009
5137
5238
5388
5454
5548
5644
5658
5713
5798
5799
5803
5820
5864
5921
5980
6009
6035
6172
6345
6370
6375
6409
6433
6436
6455
6459
6500
6525
6545
6597
6744
6797
6855
7079
7129
7193
7196
7292
7326
7360
7411
7454
7554
7620
7643
7648
7824
7860
7935
8019
8026
8051
8093
8160
8194
8218
8384
8440
8467
8571
8644
8648
8812
8921
8939
8986
9055
9065
9111
9158
9301
9308
9477
9514
9551
9758
9762
9818
9865
10018
10024
10148
10242
10252
10281
10384
10422
10474
10563
10583
10613
10766
10846
11062
11081
11107
11113
11221
11346
11361
11828
11951
12038
12041
12072
12074
12290
12395
12476
12694
12751
12762
12880
12989
13009
13099
13189
13204
13283
13368
13441
13492
13516
13520
13551
13622
13643
13732
13765
13788
13816
13864
13868
13912
13915
14118
14138
14190
14406
14423
14488
14652
14655
14680
14811
14905
14953
15001
15110
15162
15333
15354
15417
15440
15478
15501
15537
15613
15654
15799
15802
15827
15831
15839
15949
16115
16137
16142
16222
16270
16314
16543
16881
16886
17000
17120
17242
17246
17329
17389
17420
17612
17765
17787
17803
17850
17860
17954
17977
18045
18105
18190
18337
18507
18604
18632
18675
18697
18742
18829
18831
18857
18920
18938
18945
18999
19078
19138
19147
19218
19230
19294
19326
19550
19551
19592
19662
19838
19890
19897
19961
19997
20049
20087
20124
20172
20198
20256
20259
20266
20281
20390
20395
20569
20678
20740
20763
20765
20774
20851
20960
20975
21269
21367
21370
21392
21427
21597
21642
21703
21748
21762
21799
21809
21837
21888
22359
22493
22610
22668
22669
22806
22832
22933
22946
23124
23223
23276
23368
23412
23468
23583
23587
23590
23609
23639
23677
23687
23688
23715
23743
23760
23770
23808
23853
23893
23944
23957
24028
24110
24159
24191
24205
24299
24309
24314
24330
24469
24549
24770
24817
24823
24852
24885
24904
25075
25121
25237
25267
25336
25553
25638
25668
25708
25721
25737
25774
25864
25866
25941
25986
26102
26103
26168
26184
26262
26267
26302
26519
26584
26676
26707
26713
26853
26925
27053
27111
27125
27142
27484
27520
27549
27582
27652
27895
27900
27937
27996
28073
28132
28144
28159
28170
28241
28310
28317
28340
28398
28441
28528
28581
28599
28681
28689
28883
28924
28967
29009
29233
29277
29370
29464
29470
29479
29522
29572
29619
29660
29833
29929
30023
30109
30154
30194
30371
30402
30451
30477
30625
30626
30645
30703
30722
30773
30895
30925
30965
30990
31337
31464
31523
31596
31734
31893
31974
32048
32103
32113
32123
32249
32321
32333
32426
32436
32440
32512
32523
32724
32785
32861
32951
32980
33004
33011
33031
33053
33131
33189
33218
33220
33246
33457
33644
33745
33763
33766
33768
33781
33789
33893
33999
34003
34113
34178
34205
34219
34249
34304
34367
34386
34438
34544
34573
34605
34637
34861
34886
34975
35105
35235
35390
35395
35439
35440
35482
35508
35602
35611
35614
35679
35694
35698
35728
35870
35895
35937
35966
35987
35989
35997
36009
36016
36099
36206
36215
36224
36238
36272
36276
36369
36457
36675
36728
36759
36889
36945
36961
37032
37184
37411
37469
37505
37684
37716
37732
37758
37759
37801
37825
37942
37970
38030
38115
38307
38322
38376
38404
38497
38522
38559
38604
38699
38704
38745
38749
38799
38901
39002
39028
39124
39197
39249
39257
39424
39716
39752
39808
39936
39942
39953
39992
39998
40029
40151
40180
40202
40230
40300
40433
40448
40600
40691
40788
40793
40854
40872
40901
40957
40996
41018
41027
41087
41309
41316
41383
41396
41400
41492
41579
41650
41656
41823
41827
41868
42007
42053
42210
42251
42287
42487
42501
42587
42619
42635
42712
42733
42789
42839
42916
42940
43073
43104
43149
43181
43312
43358
43425
43444
43500
43754
43778
43817
43834
43862
43962
44225
44252
44309
44318
44321
44332
44384
44427
44500
44600
44615
44633
44890
44957
44990
45063
45084
45172
45193
45243
45266
45282
45370
45392
45402
45489
45555
45579
45616
45770
45782
45818
45856
45877
45919
45964
45969
46034
46078
46159
46177
46547
46565
46650
46763
46872
46888
46952
46975
47032
47066
47145
47169
47180
47206
47357
47429
47432
47440
47452
47474
47498
47584
47615
47629
47673
47675
47760
47831
47870
48000
48079
48125
48171
48188
48300
48345
48361
48536
48783
48795
48865
48958
49265
49269
49276
49309
49332
49482
49514
49627
49646
49733
49756
49763
49835
49880
49896
49906
49932
50006
50071
50078
50085
50116
50122
50192
50202
50225
50226
50318
50340
50484
50504
50506
50586
50635
50901
51025
51094
51259
51273
51283
51320
51326
51364
51373
51398
51415
51420
51430
51460
51490
51679
51722
51723
52106
52188
52198
52209
52250
52251
52264
52370
52417
52423
52534
52674
52789
52808
52841
52856
52908
52927
53038
53124
53182
53302
53499
53593
53718
53793
53795
53825
53934
53941
53985
53988
54048
54051
54084
54108
54178
54205
54217
54218
54244
54248
54287
54365
54375
54467
54479
54482
54647
54771
54812
54950
54982
55018
55045
55191
55212
55224
55316
55338
55455
55466
55477
55493
55494
55599
55660
55661
55723
55809
55819
55970
56107
56126
56160
56175
56190
56197
56205
56255
56311
56323
56345
56458
56646
56675
56695
56756
56786
56811
56901
56904
56931
57038
57045
57064
57067
57144
57424
57425
57462
57510
57574
57625
57634
57671
57875
57926
57947
58236
58245
58272
58281
58356
58366
58395
58566
58578
58654
58670
58675
58685
58863
58864
58992
59066
59149
59174
59205
59296
59307
59454
59569
59620
59646
59653
59849
59877
59952
60006
60008
60041
60045
60122
60138
60183
60233
60350
60369
60410
60450
60550
60577
60595
60604
60622
60634
60636
60648
60700
60723
60764
60808
60827
60994
61008
61073
61099
61141
61142
61302
61344
61393
61449
61500
61634
61658
61681
61906
61914
61932
61999
62011
62020
62202
62295
62367
62368
62374
62388
62411
62419
62450
62474
62491
62526
62542
62599
62756
62762
62839
62940
63065
63111
63179
63202
63219
63223
63233
63267
63311
63312
63428
63465
63516
63563
63576
63585
63618
63633
63637
63640
63750
63958
63991
64094
64131
64158
64171
64218
64245
64259
64261
64268
64269
64353
64474
64549
64553
64594
64616
64749
64782
64799
64819
64994
65013
65098
65111
65278
65352
65487
65617
65664
65748
65899
65969
66163
66198
66249
66618
66671
66734
66869
66995
67022
67159
67212
67219
67242
67284
67408
67424
67464
67535
67547
67553
67595
67646
67732
67770
67790
67791
67797
67903
67991
68050
68066
68229
68244
68331
68360
68367
68398
68539
68634
68658
68893
68931
68936
68940
69107
69140
69261
69294
69345
69469
69541
69592
69601
69667
69784
69877
69880
69889
69935
70196
70216
70238
70356
70357
70421
70433
70537
70554
70611
70728
70740
70761
70830
70831
70832
70947
70955
70983
71183
71205
71283
71307
71316
71372
71426
71429
71783
71787
71823
71854
71954
72001
72105
72183
72185
72271
72297
72348
72354
72413
72464
72524
72600
72625
72653
72696
72712
72854
72872
72922
72963
72972
73063
73175
73267
73448
73570
73602
73603
73613
73657
73716
73827
73852
73864
73877
73896
73954
74023
74149
74157
74201
74238
74275
74311
74357
74391
74476
74509
74547
74617
74687
74701
74836
74901
74958
74982
74989
74997
75005
75011
75031
75079
75102
75221
75383
75438
75484
75517
75598
75612
75699
75726
75730
75787
75852
76327
76353
76392
76399
76560
77054
77058
77094
77297
77452
77466
77649
77650
77669
77692
77720
77721
77762
77799
77996
78015
78067
78068
78073
78153
78241
78321
78419
78428
78521
78528
78559
78621
78767
78960
79100
79117
79294
79382
79406
79408
79470
79487
79510
79717
79750
79761
79808
79901
79945
79979
79985
79991
80045
80149
80259
80261
80284
80339
80372
80448
80637
80688
80690
80732
80757
80944
81005
81244
81269
81303
81342
81496
81503
81610
81638
81719
81822
81860
81914
81957
82004
82022
82308
82324
82361
82381
82385
82407
82519
82535
82538
82577
82602
82605
82695
82727
82834
82858
82902
82913
82949
82960
82972
82984
83073
83112
83142
83170
83208
83223
83298
83326
83351
83437
83443
83616
83618
83658
84119
84129
84163
84196
84197
84286
84307
84464
84643
84781
84813
84841
84954
84966
84976
84980
84991
85268
85351
85372
85381
85391
85513
85516
85585
85606
85789
85906
86159
86165
86401
86411
86438
86469
86667
86790
86972
86992
87136
87182
87186
87323
87351
87358
87429
87583
87595
87643
87674
87690
87712
87748
87882
87961
88221
88492
88694
88727
88960
89089
89189
89386
89465
89475
89480
89514
89550
89629
89675
89708
89784
89833
90074
90171
90263
90271
90350
90560
90659
90712
90783
90824
90834
90851
90863
90877
90953
90992
91030
91046
91179
91280
91327
91447
91515
91723
91876
91966
92187
92191
92261
92277
92347
92355
92363
92405
92513
92576
92642
92799
92807
92877
92982
93257
93268
93316
93388
93473
93520
93543
93589
93604
93947
94007
94026
94147
94162
94269
94454
94621
94734
94778
94931
94992
95021
95122
95135
95188
95251
95254
95312
95371
95463
95471
95503
95517
95521
95600
95655
95721
95837
95868
95888
95903
95955
96035
96094
96262
96271
96348
96380
96410
96427
96470
96598
96644
96648
96698
96864
96945
96992
97034
97146
97201
97374
97659
97664
97666
97717
97790
97875
97886
97991
98007
98008
98014
98033
98084
98167
98187
98201
98206
98221
98258
98262
98366
98386
98448
98450
98451
98483
98490
98673
98682
98717
98738
98751
98758
98844
98917
98959
98988
98996
99030
99048
99064
99078
99085
99105
99206
99261
99267
99325
99344
99382
99394
99511
99655
99705
99785
99884
99891
99974
100036
100111
100141
100270
100349
100358
100371
100399
100446
100597
100664
100677
100901
100910
100973
101028
101043
101134
101152
101326
101328
101340
101440
101582
101602
101609
101617
101624
101677
101695
101697
101760
101859
102005
102075
102091
102108
102164
102218
102238
102245
102256
102296
102378
102443
102557
102558
102564
102610
102615
102707
102783
102810
102902
103072
103089
103124
103147
103208
103236
103334
103398
103587
103699
103732
103781
103792
103929
103950
103979
104028
104237
104275
104283
104321
104338
104414
104458
104547
104574
104699
104716
104727
104741
104759
104782
104823
104839
104940
105193
105196
105200
105234
105253
105318
105453
105511
105614
105638
105650
105748
105821
105836
105851
105869
105978
105990
105993
105995
106016
106116
106130
106169
106343
106346
106374
106458
106536
106585
106650
106806
106969
106971
107143
107168
107203
107210
107287
107313
107355
107418
107439
107540
107701
107907
107937
107970
108035
108094
108282
108324
108353
108421
108496
108623
108635
108642
108666
108699
108901
108916
108927
108959
108979
109007
109173
109206
109288
109425
109515
109547
109650
109664
109810
109890
109905
109954
109984
110011
110059
110148
110171
110447
110467
110505
110543
110576
110618
110671
110726
110745
110789
110790
110852
111013
111082
111123
111158
111217
111236
111259
111266
111287
111328
111424
111454
111494
111506
111525
111538
111678
111721
111885
112288
112407
112556
112644
112675
112773
112825
112828
112870
112890
113064
113070
113073
113119
113131
113263
113377
113618
113699
113714
113740
113800
113816
113870
113997
114027
114042
114133
114146
114184
114221
114273
114328
114395
114399
114424
114464
114469
114603
114632
114636
114713
114736
114744
114879
114887
114904
115058
115088
115214
115222
115226
115233
115299
115399
115415
115491
115500
115508
115531
115573
115662
115719
115722
115726
115790
115834
115847
115856
115932
116056
116116
116121
116122
116123
116126
116150
116182
116195
116204
116224
116369
116401
116495
116514
116604
116645
116649
116653
116684
116696
116706
116780
116827
116884
117022
117034
117069
117103
117141
117144
117306
117327
117356
117525
117550
117582
117620
117647
117666
117705
117721
117730
117736
117777
117778
117998
118477
118687
118693
118699
118712
118796
118906
118927
118986
119029
119070
119189
119270
119320
119329
119344
119375
119465
119474
119543
119588
119694
119737
119796
119892
119908
119910
119977
119995
120040
120048
120096
120326
120343
120458
120466
120576
120624
120765
120840
120843
120870
120894
120914
121149
121219
121220
121224
121264
121344
121376
121431
121454
121491
121517
121580
121605
121816
121821
121823
121864
121923
121979
121980
122061
122101
122107
122110
122123
122147
122158
122239
122263
122281
122401
122482
122509
122700
122777
122802
122890
122898
123034
123079
123092
123096
123151
123176
123206
123292
123310
123373
123524
123705
123954
123962
123981
124017
124025
124053
124090
124386
124676
124930
124967
124984
125132
125192
125235
125248
125266
125281
125283
125368
125459
125516
125563
125634
125746
125840
125969
126010
126037
126110
126381
126443
126453
126548
126644
126703
126732
126900
126949
127037
127054
127060
127126
127163
127249
127321
127342
127449
127462
127514
127651
127663
127719
127761
127792
127823
127900
127945
128048
128052
128114
128126
128181
128319
128321
128332
128386
128448
128572
128586
128632
128726
128780
128799
128821
128849
128974
128995
128998
129202
129225
129498
129551
129614
129641
129675
129714
129759
129764
129869
129871
129882
129905
129958
129989
130070
130088
130096
130141
130220
130265
130365
130457
130500
130675
130749
130917
131006
131106
131159
131386
131387
131414
131466
131542
131639
131700
131704
131706
131790
131947
132012
132149
132178
132217
132220
132390
132442
132511
132551
132628
132745
132764
132776
132780
132926
133179
133244
133285
133354
133364
133406
133593
133875
134051
134070
134072
134156
134168
134197
134216
134240
134247
134299
134313
134323
134463
134471
134515
134579
134771
134844
134852
134876
135002
135029
135140
135170
135196
135199
135226
135315
135329
135340
135435
135462
135561
135577
135653
135679
135748
135827
135942
136000
136011
136083
136157
136172
136241
136326
136601
136706
136748
136776
136777
136778
136798
136849
137053
137067
137105
137132
137134
137139
137141
137174
137276
137318
137347
137355
137396
137531
137565
137768
137820
137908
138022
138040
138096
138112
138115
138248
138281
138316
138318
138351
138366
138388
138405
138406
138481
138521
138531
138538
138619
138694
138837
138889
138931
139089
139170
139174
139233
139250
139261
139477
139527
139533
139561
139599
139606
139607
139688
139689
139867
139941
139984
139991
140098
140206
140257
140273
140383
140528
140630
140681
140945
140972
141199
141213
141273
141384
141401
141512
141600
141626
141646
141734
141799
141803
141837
141863
141960
142115
142148
142167
142200
142270
142293
142294
142380
142420
142460
142501
142531
142599
142655
142865
142919
143021
143027
143090
143155
143337
143444
143514
143541
143560
143571
143581
143611
143621
143657
143658
143666
143689
143800
143875
143901
144004
144052
144079
144092
144112
144147
144166
144207
144262
144284
144360
144361
144384
144500
144540
144795
144804
144834
145081
145116
145284
145316
145330
145388
145391
145408
145461
145471
145526
145541
145549
145630
145669
145683
145888
145954
145955
145999
146020
146111
146130
146142
146171
146227
146254
146287
146309
146376
146466
146487
146623
146767
146769
146849
146904
147051
147069
147096
147142
147208
147216
147310
147396
147477
147660
147797
147827
147837
147843
147869
147942
148059
148220
148282
148366
148431
148454
148721
148778
148794
148868
148888
148926
149061
149070
149118
149120
149178
149391
149409
149441
149458
149475
149489
149572
149654
149861
149945
149997
150287
150341
150417
150426
150443
150519
150661
150792
150919
150964
151001
151066
151134
151162
151195
151220
151390
151433
151532
151545
151717
151755
151764
151802
151852
151875
151912
151937
152133
152262
152445
152467
152476
152498
152563
152569
152601
152684
152803
152896
152902
152934
152987
153108
153159
153308
153333
153464
153583
153623
153661
153727
153733
153750
153766
153798
153838
154082
154104
154217
154247
154277
154291
154369
154529
154656
154760
154770
154778
154824
154836
154895
154911
154933
154949
155011
155019
155107
155109
155144
155168
155211
155266
155433
155438
155446
155450
155536
155678
155699
155701
155788
155791
155990
156023
156191
156197
156314
156340
156427
156586
156746
156906
156938
157118
157125
157157
157232
157290
157358
157366
157439
157482
157565
157569
157701
157761
157838
157840
157907
157911
157980
157981
158021
158066
158074
158109
158162
158176
158188
158226
158234
158473
158501
158531
158602
158630
158645
158781
158807
158830
158832
158968
159004
159059
159073
159091
159124
159197
159209
159251
159295
159362
159516
159519
159520
159539
159545
159668
159672
159684
159793
159835
159867
159986
160002
160049
160113
160122
160133
160199
160202
160438
160551
160678
160680
160689
160703
160816
160860
160993
160998
161093
161139
161195
161256
161263
161318
161329
161344
161385
161429
161458
161478
161540
161543
161567
161648
161736
161740
161766
161784
161888
161927
162087
162157
162172
162260
162281
162383
162562
162616
162620
162646
162682
162692
162709
162755
162831
162836
162842
162890
162957
163172
163234
163395
163442
163633
163750
163801
163811
163901
163956
163984
164013
164029
164087
164096
164187
164253
164304
164326
164422
164423
164425
164428
164430
164444
164455
164493
164604
164611
164627
164689
164730
164740
164748
164752
164788
164800
164872
164933
164972
165004
165056
165060
165102
165182
165225
165271
165317
165343
165349
165357
165364
165381
165412
165448
165482
165496
165510
165688
165719
165736
165737
165787
165858
165920
166010
166173
166186
166204
166211
166282
166322
166330
166407
166409
166417
166438
166616
166660
166768
166833
166836
166861
166895
167000
167126
167142
167154
167180
167332
167481
167497
167530
167541
167557
167716
167955
168066
168188
168195
168341
168390
168485
168500
168527
168565
168579
168587
168598
168607
168638
168659
168701
168729
168758
168815
168932
169019
169039
169062
169107
169156
169167
169242
169255
169274
169351
169409
169420
169422
169538
169646
169727
169776
169780
169836
169872
169990
170029
170120
170187
170265
170289
170360
170420
170472
170552
170561
170576
170601
170636
170732
170934
171027
171069
171177
171329
171443
171446
171773
171939
171988
172173
172198
172227
172230
172335
172379
172390
172636
172684
172691
172695
172772
172786
172900
172937
173039
173057
173102
173134
173151
173192
173267
173269
173308
173443
173458
173465
173503
173580
173789
173821
173834
173852
173912
174007
174024
174032
174078
174086
174161
174285
174338
174515
174516
174552
174617
174730
174755
174779
174931
175014
175067
175105
175108
175113
175226
175306
175359
175492
175520
175597
175609
175671
175683
175762
175777
175928
175954
176009
176019
176061
176151
176152
176190
176222
176244
176381
176541
176557
176564
176592
176758
176840
176846
176854
176924
176941
176992
177094
177152
177239
177283
177316
177391
177495
177513
177516
177566
177612
177623
177714
177723
177820
177871
177879
177888
177982
178098
178129
178166
178169
178206
178227
178230
178232
178406
178564
178689
178720
178766
178821
178887
178946
178961
179094
179114
179187
179284
179305
179356
179366
179387
179437
179440
179643
179652
179664
179670
179684
179701
179703
179711
179763
179851
179875
179902
179912
179957
180168
180243
180387
180393
180451
180473
180491
180583
180600
180606
180655
180657
180712
180717
180783
180800
180902
180961
180989
181064
181066
181105
181217
181278
181299
181307
181405
181474
181492
181500
181585
181643
181647
181686
181832
181958
181978
182007
182037
182099
182166
182192
182280
182404
182405
182431
182453
182560
182758
182790
182840
182892
182946
182961
182981
183101
183145
183160
183332
183421
183539
183653
183685
183726
183772
183903
183914
183978
184004
184174
184190
184340
184392
184413
184483
184617
184636
184890
184930
185059
185200
185291
185299
185342
185445
185474
185497
185498
185767
185783
185882
185932
185952
186012
186039
186290
186330
186340
186427
186526
186540
186595
186608
186654
186816
186873
186886
186898
186903
186915
187124
187141
187142
187156
187185
187214
187278
187324
187404
187502
187527
187707
187767
187784
187799
187919
187933
187948
188068
188097
188239
188357
188358
188382
188385
188410
188450
188523
188524
188600
188631
188804
188892
188978
189003
189008
189074
189143
189283
189478
189544
189574
189585
189689
189690
189735
189737
189769
189774
189965
190085
190168
190238
190248
190264
190315
190354
190361
190396
190404
190454
190558
190579
190618
190645
190666
190702
190709
190749
190801
190851
190853
190950
191221
191226
191279
191301
191491
191571
191668
191697
191782
191787
191865
191871
191897
191957
192024
192050
192058
192084
192135
192139
192274
192420
192469
192563
192571
192617
192619
192661
192697
192912
192991
193036
193082
193096
193109
193138
193139
193199
193207
193279
193389
193524
193525
193597
193600
193640
193680
193797
193852
193881
193924
194113
194178
194319
194325
194330
194419
194428
194459
194465
194498
194792
194803
194837
194987
195083
195296
195374
195508
195520
195541
195660
195721
195795
195857
195872
195905
195908
195913
195973
196042
196046
196078
196084
196139
196158
196305
196327
196528
196592
196602
196696
196730
196800
196806
196829
196834
196963
196968
197006
197010
197059
197351
197376
197524
197661
197711
197740
197757
197787
197826
197864
197948
198021
198077
198081
198085
198168
198224
198229
198251
198278
198310
198315
198384
198426
198564
198565
198583
198677
198832
198843
198904
198944
199029
199082
199301
199305
199348
199373
199407
199504
199528
199536
199555
199582
199585
199603
199651
199675
199800
199850
199918
200215
200343
200427
200432
200514
200534
200535
200605
200729
200758
200792
200904
200945
200947
200965
200967
200969
201045
201076
201086
201101
201149
201162
201261
201263
201304
201327
201408
201515
201557
201570
201652
201655
201801
201833
201859
201920
202044
202054
202254
202505
202515
202543
202548
202733
202756
202809
202861
202877
202983
203126
203157
203269
203385
203472
203512
203564
203646
203647
203662
203887
203916
203921
203987
204057
204077
204089
204119
204174
204186
204187
204208
204262
204343
204436
204519
204634
204661
204709
204802
204936
205121
205149
205185
205352
205466
205503
205590
205633
205711
205835
205869
205871
205872
205891
205927
205950
206004
206062
206095
206134
206136
206172
206184
206206
206288
206311
206498
206519
206546
206597
206622
206683
206728
206750
206788
206808
206880
206991
206992
207104
207122
207155
207296
207299
207332
207429
207498
207535
207632
207794
207812
207952
207991
208090
208101
208107
208113
208170
208205
208237
208257
208362
208429
208514
208522
208550
208551
208799
208841
208857
209136
209271
209433
209436
209488
209537
209560
209607
209618
209652
209680
209758
209760
209784
209832
209854
209885
210002
210079
210086
210189
210226
210256
210301
210353
210356
210385
210443
210665
210769
210786
210798
210823
210853
211013
211024
211159
211164
211231
211413
211513
211565
211654
211686
211739
211763
211796
211800
211814
211854
211906
211986
212003
212128
212164
212198
212234
212312
212318
212356
212379
212381
212419
212423
212622
212623
212669
212681
212725
212754
212768
212812
212877
212913
212917
212979
213015
213189
213204
213260
213316
213359
213483
213494
213506
213512
213522
213575
213632
213634
213717
213782
213788
214064
214092
214199
214260
214752
214756
214846
214998
215016
215026
215120
215177
215386
215410
215460
215506
215607
215844
215858
215864
215994
216003
216018
216049
216070
216091
216148
216160
216482
216548
216574
216615
216619
216672
216687
216824
216874
216914
217146
217305
217479
217559
217582
217606
217636
217646
217706
217757
217794
217799
217828
217880
217891
217933
217954
217976
218079
218095
218165
218219
218225
218303
218367
218385
218450
218493
218556
218589
218629
218634
218652
218883
218928
218932
218941
218970
219059
219198
219237
219310
219328
219345
219462
219538
219881
219931
220117
220131
220175
220185
220212
220218
220225
220232
220363
220391
220400
220430
220548
220683
220779
220990
221004
221201
221262
221305
221349
221360
221433
221487
221635
221765
221787
222051
222093
222133
222154
222187
222218
222222
222361
222417
222421
222510
222517
222594
222651
222810
222856
222961
222970
223168
223184
223209
223391
223401
223476
223506
223558
223571
223643
223836
223976
224031
224087
224175
224203
224210
224343
224383
224399
224451
224461
224542
224608
224629
224669
224714
224776
224788
224854
224934
224947
224961
224982
225013
225142
225168
225250
225275
225319
225519
225596
225765
225810
225813
225836
225850
225987
225995
226017
226108
226136
226168
226193
226339
226350
226372
226379
226423
226437
226483
226511
226672
226929
226955
226983
227032
227069
227137
227164
227296
227308
227406
227408
227478
227504
227592
227609
227617
227688
227768
227888
227933
227953
227962
227971
227988
228012
228096
228100
228102
228183
228366
228431
228444
228523
228666
228687
228765
228805
228811
228905
228987
229062
229111
229246
229259
229367
229487
229492
229613
229624
229628
229807
229808
229968
230076
230109
230349
230365
230411
230422
230434
230456
230522
230625
230642
230722
230831
230874
230941
230997
231004
231043
231060
231098
231136
231200
231211
231248
231341
231373
231566
231741
231753
231793
231893
231920
231969
232082
232160
232205
232217
232338
232346
232489
232525
232559
232560
232587
232687
232692
232694
232728
232840
232844
232879
233291
233306
233390
233400
233544
233567
233585
233630
233634
233642
233798
234042
234120
234331
234350
234439
234518
234546
234620
234708
234776
234812
234863
235075
235239
235262
235265
235267
235276
235317
235375
235396
235399
235405
235421
235431
235450
235518
235524
235711
235712
235800
235817
235862
235875
235891
235929
236018
236023
236112
236114
236140
236162
236248
236366
236373
236399
236421
236463
236464
236589
236698
236704
236773
236788
236874
236912
237082
237114
237219
237259
237454
237491
237569
237613
237684
237739
237836
237873
237965
238001
238014
238061
238123
238261
238278
238416
238520
238528
238554
238601
238606
238685
238728
238858
238869
239008
239041
239072
239079
239108
239119
239171
239186
239315
239492
239508
239572
239595
239600
239607
239670
239694
239721
239743
239873
239878
239900
239935
239973
240065
240067
240188
240200
240244
240255
240304
240342
240343
240376
240425
240468
240487
240500
240517
240549
240606
240667
240696
240770
240903
240918
241005
241032
241158
241298
241302
241330
241498
241706
241759
241823
241914
242089
242091
242098
242100
242116
242154
242182
242183
242199
242334
242335
242363
242364
242405
242425
242497
242675
242930
243101
243110
243174
243205
243216
243298
243359
243406
243423
243521
243615
243849
243867
243930
243962
243992
243993
244031
244083
244137
244202
244252
244283
244296
244358
244440
244463
244482
244524
244597
244662
244725
244792
244864
244935
244954
245026
245062
245072
245082
245090
245119
245122
245130
245134
245162
245263
245345
245384
245539
245795
245797
245852
245888
245899
245958
245964
246030
246058
246064
246171
246349
246365
246440
246461
246463
246473
246519
246616
246707
246757
246761
246830
246869
246895
246902
247015
247070
247392
247438
247486
247522
247552
247587
247596
247632
247678
247680
247697
247748
247852
247885
247957
248009
248144
248411
248528
248554
248565
248786
248803
248810
248831
248857
248866
248877
248927
249008
249068
249073
249113
249137
249199
249317
249326
249327
249399
249401
249543
249554
249569
249581
249585
249646
249702
249705
249723
249729
249759
249787
249795
249884
249958
250016
250173
250187
250373
250414
250434
250523
250609
250675
250783
250787
250850
250964
250986
251019
251144
251161
251291
251299
251304
251418
251490
251583
251618
251806
251807
251813
251864
251868
251919
251945
252145
252152
252308
252319
252482
252503
252577
252591
252595
252732
252802
252813
252836
252947
253026
253055
253101
253165
253255
253265
253357
253391
253452
253520
253748
253754
253812
253931
254006
254093
254176
254223
254396
254402
254495
254633
254760
254804
254814
254878
254923
254934
255063
255078
255113
255324
255376
255501
255586
255749
255816
255857
255884
255898
255907
256063
256066
256133
256169
256238
256287
256299
256337
256344
256499
256608
256706
256807
256853
256898
256907
256920
256923
256950
256978
257088
257264
257466
257467
257480
257546
257565
257697
257753
257768
257857
257920
257954
258095
258141
258231
258242
258343
258620
258653
258671
258764
258798
258800
258850
258950
259051
259070
259113
259195
259239
259241
259246
259273
259329
259407
259437
259463
259511
259516
259544
259546
259720
259870
259871
259875
259964
259991
260064
260077
260170
260177
260199
260278
260324
260341
260353
260356
260420
260487
260538
260561
260630
260632
260637
260641
260650
260666
260687
260696
260724
260765
260930
260997
261012
261042
261062
261129
261186
261204
261252
261326
261444
261541
261591
261592
261644
261706
261859
262237
262240
262256
262292
262394
262445
262486
262503
262509
262646
262648
262719
262752
262779
262815
262839
262868
262912
262928
262953
262999
263001
263011
263023
263025
263041
263058
263078
263092
263193
263241
263250
263351
263434
263440
263459
263536
263600
263618
263619
263673
263708
263719
263785
263818
263825
263856
263898
263923
264119
264178
264181
264214
264349
264380
264426
264440
264464
264503
264594
264622
264720
264771
264778
264804
264825
264839
264868
264873
264881
264984
265196
265258
265417
265473
265534
265572
265611
265643
265682
265720
265756
265811
265841
265844
265871
265981
266020
266102
266118
266198
266235
266260
266360
266385
266475
266508
266516
266539
266563
266638
266644
266679
266707
266715
266747
266871
266876
267017
267135
267238
267244
267354
267461
267483
267579
267656
267722
267867
267960
268037
268077
268109
268250
268263
268266
268363
268395
268468
268499
268734
268926
268983
269073
269113
269165
269323
269330
269365
269404
269421
269491
269503
269537
269543
269586
269588
269620
269753
269793
269847
269910
270045
270064
270207
270259
270268
270347
270352
270367
270380
270384
270386
270478
270641
270657
270829
270854
270952
271063
271072
271083
271099
271120
271141
271198
271259
271300
271332
271343
271366
271429
271439
271444
271490
271498
271504
271510
271846
271976
272098
272104
272165
272243
272249
272279
272374
272454
272456
272467
272522
272571
272586
272601
272717
272761
272910
273164
273176
273294
273356
273405
273434
273483
273518
273532
273562
273590
273674
273688
273693
273732
273754
273816
273888
273958
273973
274218
274251
274255
274277
274438
274460
274524
274553
274600
274679
274692
274713
274725
274789
274817
274845
274905
274962
275055
275074
275253
275255
275280
275318
275377
275389
275402
275443
275499
275516
275624
275694
275855
275876
275946
276071
276073
276107
276172
276180
276282
276300
276392
276407
276483
276538
276589
276594
276596
276756
276797
276898
276953
276997
277007
277063
277112
277353
277445
277513
277531
277565
277594
277598
277654
277786
277914
277919
277921
277948
277954
277968
277975
278068
278200
278252
278272
278363
278386
278398
278418
278484
278488
278490
278491
278650
