113
118
129
143
174
304
850
931
963
1060
1110
1249
1445
1624
1684
1689
1762
1941
2688
2731
2735
2890
3028
3080
3752
3798
4009
4289
4703
4713
4868
5714
5847
5877
6552
6700
6882
7278
7524
7707
7950
8216
8239
8639
8790
9325
9978
9996
10221
10475
10615
11124
11314
11379
11462
11504
12171
12378
12575
12847
12978
13279
13309
13456
13518
14410
14876
16104
16688
16701
17147
17314
17496
17590
17712
17946
18558
18683
18712
19031
19258
19308
20611
20669
20759
20898
21138
21328
21561
21632
21729
21740
21757
21782
21938
21944
22175
22586
23159
23416
24089
24133
24561
24846
25332
25606
26159
26188
26259
26330
26441
26629
26638
26941
27019
27689
27733
27795
27799
28305
28627
28952
29394
30764
31098
31175
31259
31301
31331
31381
31386
31594
31614
31730
32189
32702
32715
32770
33098
33225
33497
33661
33663
33821
34108
34451
34613
35222
35591
35606
35681
35963
36283
36541
36663
37440
37543
37572
37867
37989
38001
38007
38245
39555
39586
39629
40012
40134
40141
40560
40684
40713
40784
40940
40950
40969
41479
41612
41794
41854
41974
41979
42305
42359
42430
42785
43094
43165
43342
43646
43670
43873
44136
44287
44292
44413
44424
44496
44775
44799
44888
44978
45125
45324
45352
45450
46052
46217
46601
46611
46762
46922
47053
47278
47862
47876
48336
48370
48468
48609
48684
48936
48980
49553
49668
49713
50075
50598
50634
50688
50692
51627
52196
52368
52450
52575
52583
52798
52831
53185
53401
53729
53818
54113
54200
54392
54421
54678
54701
54900
54997
55057
55635
55686
55721
56009
56416
56883
56983
57149
57206
57471
57619
57648
57655
58930
59411
59553
60142
60463
60905
61641
61863
62390
62420
62528
62838
63166
63186
64011
64018
65015
65103
65160
65486
65572
66848
67175
67536
67977
68073
68242
68513
68609
68662
68846
68955
69039
71406
71768
72012
72079
72507
72639
72730
72813
74221
74686
75626
75636
75752
75895
76020
76326
76987
77326
77689
77771
78389
78414
78452
78594
78693
78726
78791
78953
79153
79170
79238
79293
79563
79579
79917
80287
80754
80887
80897
81564
81946
81984
81985
82019
82353
82531
83079
83157
83638
83842
84094
84112
84471
84892
85072
85399
86197
86594
86968
87167
87474
88212
88681
88828
89095
89221
89443
89735
90248
90259
90274
90391
90979
91281
91285
91475
91479
91500
91533
91775
91804
92467
92588
92937
93096
93628
93682
93813
93888
93922
95170
95190
95255
95760
95975
96306
96704
97163
97244
97246
97263
97264
97405
97416
97470
97714
97952
98012
98080
98088
98209
98388
98530
98749
99102
99173
99211
99825
100555
100697
100845
100877
100989
101036
101365
101588
102106
102685
102749
102755
102797
102926
103199
103433
103441
103779
103832
104365
104767
105314
105486
105580
105816
106095
106098
106163
106670
106687
106703
106814
106848
106870
106925
107260
107646
107647
107951
108037
108285
108852
108975
109077
109302
109624
109647
110163
110307
110522
110714
111218
111306
111418
111596
111997
112006
112224
112297
112632
113164
113465
113643
113667
113956
113991
115038
115085
116069
116229
116346
117243
117247
117686
117863
118348
118455
118652
119325
119391
119704
121140
121312
121338
121557
121763
122406
122436
122704
122844
123808
123887
123924
124167
125792
126389
126589
126792
127320
127349
127592
128093
129376
129608
129800
129818
129987
130063
130131
130630
130928
131099
131150
131271
131273
131298
131938
132932
133029
133080
133250
133775
133981
134021
134067
134391
134617
134947
134992
135742
136055
136077
136325
136410
136853
137242
137398
137437
137570
137946
138668
139437
139737
139739
139821
139859
139955
140588
140772
140817
141119
141816
141855
142369
142495
142607
142689
142851
142868
143348
143372
143473
143576
144164
144777
144936
145441
145452
145570
146475
146657
147074
147503
147554
147862
148058
148174
148255
148411
148590
148592
148649
149719
149856
150094
150774
152076
152164
152850
153161
153284
153474
153568
153587
153691
153895
153932
154116
154150
154505
154894
154973
155004
155083
155151
155189
155415
155442
155809
156147
156169
157034
157413
157478
157524
157549
157872
157927
158137
158216
158364
158786
159053
159070
159101
159310
159513
159724
159831
160067
160084
160691
160693
161780
162221
162342
162613
163800
164037
164501
164607
164657
164781
164856
164897
165197
165363
165398
165495
165597
166366
166682
166721
166728
166925
166935
167168
167242
167338
167514
167591
167630
167833
167837
167879
167993
168239
168830
169033
169762
169875
169977
170329
170494
170765
171188
171250
172304
173220
173250
173759
174275
174740
175276
175990
176102
176174
176200
176372
176627
176662
176937
177055
177329
177455
177522
177614
177642
177644
177794
178243
178729
178866
180066
180403
180971
181163
181471
181780
182649
183015
183032
183121
183497
183939
184097
184341
185027
185900
186641
186863
186904
187169
187504
187564
187735
188138
188347
189414
189788
189851
190058
190174
190182
190461
190495
190700
190776
191751
191756
192299
192464
192565
192620
193293
193461
193477
193594
193638
193679
193931
194026
194205
194415
194487
194640
196183
196281
196830
197635
197706
198401
198899
199153
199207
199295
199890
199925
201903
201995
202363
202754
202844
202859
202912
202944
203112
204158
204171
204344
204467
204701
204980
205586
205959
206147
206838
207024
207217
207313
207560
208302
208361
208499
208648
208898
209207
209246
209288
209700
210309
210540
210961
211195
211251
211382
211391
212178
212252
212851
212953
213834
214014
214198
214216
215517
215767
215885
216179
219510
219596
219897
220297
220308
220332
220795
221300
222325
222555
222601
222607
222705
222755
223135
223140
223767
223870
223883
224248
224308
224545
225364
225392
226135
226708
226981
227278
227421
227860
228426
228659
228742
228896
230086
230159
230472
230873
231097
231137
231584
231794
231866
232491
232676
233973
234145
234404
235271
236106
236183
236310
236689
237095
237312
237719
238436
238651
238865
238901
239261
240369
240483
240679
240952
241178
241416
241824
242362
242375
242402
242446
242560
242648
243065
243709
244291
245012
245123
245479
245531
245568
245781
246535
246677
246696
246773
247189
247622
247984
248130
248251
248632
248717
249594
249842
250003
250191
250412
250417
250430
250556
250882
251709
251761
252071
252383
253266
253769
253859
254457
254790
254828
254910
255358
255805
255886
256269
256583
257167
257382
258081
258464
258668
258889
259518
259533
260911
261157
261625
261828
262746
263091
263392
263983
264148
264576
264667
265253
266176
266254
266665
266900
267249
267982
268029
268355
268393
268756
268811
269100
269510
269511
270015
270021
270124
270167
270751
270758
270793
271395
271454
271503
272949
272961
273057
273186
273238
273550
273573
273709
273755
273913
273992
274201
274760
275302
275806
275873
276041
276080
276943
277129
277173
277309
278020
278104
278231
278258
278354
