113
118
129
143
963
1060
1249
1624
2201
2688
2731
2735
3080
4009
4868
5180
5321
5714
5847
7707
8052
8216
8270
8639
9166
9978
9996
10079
10828
11124
11462
11483
11504
12171
12575
12978
13279
13456
14410
14685
14689
15059
15680
16104
16353
16701
17496
17590
17655
17712
18683
18712
18717
19258
20611
20759
21328
21632
21740
21757
21782
21938
22175
23416
23658
24133
25606
25706
25838
26159
26330
26441
26629
26638
26941
27689
27733
28455
28741
29394
29759
30230
30363
30764
31331
31381
31614
32189
32564
32702
32770
33307
33821
34108
34451
35253
35963
36258
36283
36427
36541
37543
37572
37867
38001
38245
38647
39555
39586
39629
40134
40560
40684
40940
40969
41249
41427
41854
42336
42430
43342
43658
43670
44413
44424
44496
44775
44888
45324
45769
46052
46486
46601
46611
46762
47278
48370
48468
48665
48684
48822
48936
49553
50075
50598
50634
51788
52070
52368
52575
52660
52798
52831
53169
53185
53401
54392
54678
54900
55057
55243
55302
55635
55686
56009
56416
56883
56983
57206
57471
57648
57655
59001
59203
59411
59553
59827
60463
60905
62528
63054
63166
64006
64011
65015
65465
65486
66848
67536
68073
68609
68662
68955
69130
70243
70328
71254
71393
71406
72012
72079
72569
72813
74221
75752
75895
76020
76987
78953
79170
79238
79293
79563
79917
80754
80897
81564
81946
81984
81985
82019
82035
82603
83079
83157
83638
83646
83727
83728
84088
84094
84103
84112
84471
84734
85012
85072
87474
88828
89095
90248
90259
90855
90950
90998
91775
91804
91808
92189
92558
92623
93096
93682
93813
93888
95190
95436
96704
97163
97168
97246
97264
97405
97416
97470
97714
97952
98012
98209
98530
98627
98749
99102
99211
99825
99894
100555
101365
101588
102685
102749
102797
102926
103199
103433
103440
103779
103832
104091
104365
105314
105663
106163
106508
106670
106687
106848
107260
107646
107647
107963
108037
108852
109077
109126
109134
109624
109764
109845
109874
110307
110522
110595
110714
111218
111306
111418
111596
111997
112240
112297
112304
113465
113956
116069
117247
117686
118455
118652
119325
119337
119391
119704
121312
121338
121418
121557
121753
121763
122247
122436
123808
123887
126389
126792
127193
127320
127349
127592
127932
128093
129800
130063
130131
130475
130928
131099
131273
131938
132925
132932
133029
133588
133775
133981
134044
134992
135114
136055
136410
136430
137151
137242
137570
138417
138668
139141
139859
139955
140093
140598
140817
141119
141816
141855
142607
142689
142851
143372
143473
143576
144164
145441
145452
145570
146026
146475
146657
147409
147862
148058
148255
148592
148649
148967
149641
149719
149856
150774
152076
152850
153161
153474
153568
153895
154116
154150
155004
155083
155151
155186
155189
155442
155809
156147
156169
157034
157549
157927
158048
158364
159310
159513
159724
160084
160601
160691
160693
161780
162221
163516
164133
164221
164501
164657
164781
164856
164897
165197
165363
165398
165495
165597
166682
166721
166925
166935
167168
167242
167514
167591
167630
167663
167837
167879
168239
168529
169033
169762
169875
169977
170889
171188
171250
172848
173220
174275
174282
175276
175615
176102
176167
176200
176372
176567
176627
176695
177055
177455
177522
177614
177642
177794
178397
178729
178849
178866
180066
180403
181163
181471
181780
182649
183939
184103
184341
184814
185027
185804
187169
188138
189414
189848
190058
190174
190461
190495
190700
191158
191751
191756
192199
192565
192693
193293
193477
193923
193931
193935
194026
194205
194640
196183
196185
197635
198561
198899
199153
199207
199593
199925
200508
200682
202363
202385
202754
202844
203112
204158
204171
204467
204701
204980
205586
206147
206653
208143
208557
208898
209288
210540
211251
211382
211391
212178
213211
213834
214014
214198
214216
215767
217389
218832
219596
219897
220308
220795
222325
222436
222555
222607
222705
223135
223140
223870
223883
224248
224308
224545
224801
226708
226981
227421
227860
227948
228426
228659
230196
230472
231097
231137
231584
231794
232491
233973
234404
235218
235743
236183
236689
237095
237312
238575
238651
238865
238901
239261
240084
240369
240441
241384
241709
242362
242402
243065
244291
244736
244949
245012
245123
245479
245531
245568
245781
245971
246099
246677
246696
246773
247574
247622
247984
248130
248251
248632
248717
249594
250003
250412
250417
250430
250556
251709
251746
251761
251848
252071
253266
253769
254959
255009
255226
255358
255480
255805
256269
256583
256607
256838
257167
257382
257451
258081
258668
258889
259518
259533
260497
260911
261828
262746
263091
263237
263920
264148
264341
264667
265253
266048
266665
266900
267249
268355
268756
269207
269510
269511
269635
270015
270124
270751
270758
270793
271395
271511
272625
272949
273057
273186
273709
273755
273992
274159
274201
274760
274921
275302
275525
275806
276080
276903
277129
278104
278231
278354
