35
79
101
131
221
302
308
472
491
506
569
625
705
710
751
782
790
803
878
886
928
943
954
968
983
988
989
998
1017
1040
1043
1054
1057
1086
1089
1105
1124
1136
1143
1151
1156
1189
1239
1260
1274
1295
1319
1321
1351
1370
1374
1375
1399
1416
1472
1493
1500
1522
1529
1558
1570
1575
1635
1648
1656
1683
1687
1726
1727
1728
1738
1765
1771
1802
1819
1828
1860
1865
1886
1914
1923
1929
2010
2060
2071
2081
2122
2176
2231
2235
2267
2316
2336
2417
2429
2458
2463
2648
2694
2806
2889
2914
2954
2987
3112
3158
3164
3180
3189
3201
3207
3299
3304
3308
3312
3327
3353
3354
3416
3419
3456
3504
3537
3596
3614
3616
3621
3643
3646
3651
3656
3725
3738
3757
3782
3820
3848
3946
3994
4013
4022
4027
4065
4066
4112
4115
4124
4184
4189
4210
4211
4215
4221
4224
4239
4411
4468
4506
4511
4526
4600
4607
4666
4739
4945
5012
5015
5042
5047
5095
5133
5135
5153
5163
5181
5216
5223
5244
5254
5298
5309
5428
5437
5458
5477
5525
5528
5610
5631
5641
5654
5659
5672
5677
5706
5743
5770
5789
5827
5831
5866
5908
5952
5969
6014
6029
6090
6114
6244
6248
6264
6287
6289
6316
6339
6355
6376
6379
6399
6400
6418
6431
6456
6479
6501
6537
6595
6625
6657
6659
6663
6729
6733
6804
6833
6841
6872
6883
6933
6945
6973
6980
7180
7198
7215
7275
7277
7367
7372
7455
7483
7487
7503
7519
7570
7591
7616
7685
7713
7717
7796
7812
7816
7832
7833
7851
7861
7901
7910
7972
8018
8045
8050
8196
8199
8355
8365
8409
8415
8419
8442
8464
8488
8510
8567
8576
8581
8606
8620
8660
8671
8672
8687
8746
8774
8787
8807
8822
8860
8925
8935
8941
8946
9002
9008
9016
9054
9061
9105
9144
9155
9161
9181
9229
9255
9259
9357
9364
9373
9463
9522
9538
9654
9683
9721
9730
9752
9787
9794
9809
9836
9883
9901
9937
9945
9955
9988
9995
9998
10000
10016
10058
10063
10147
10151
10188
10196
10201
10238
10244
10302
10308
10324
10362
10411
10444
10457
10471
10529
10566
10571
10605
10616
10619
10656
10659
10666
10667
10670
10672
10682
10692
10723
10746
10764
10825
10866
10883
10923
10948
10961
10977
10978
10994
11033
11035
11052
11053
11066
11152
11153
11200
11233
11247
11272
11417
11476
11501
11505
11528
11536
11545
11639
11668
11689
11720
11749
11883
11906
11947
11980
12007
12018
12053
12075
12106
12139
12153
12156
12169
12178
12212
12216
12295
12320
12327
12361
12482
12486
12510
12556
12577
12592
12599
12609
12619
12676
12703
12753
12766
12772
12774
12783
12792
12808
12824
12825
12851
12868
12903
12931
12950
13028
13043
13141
13161
13202
13252
13273
13291
13389
13458
13470
13571
13577
13614
13619
13664
13666
13677
13686
13694
13722
13833
13870
13871
13903
13959
14019
14106
14154
14168
14196
14217
14231
14273
14278
14367
14381
14384
14438
14463
14491
14520
14542
14575
14583
14632
14634
14637
14643
14728
14737
14812
14821
14830
14874
14881
14911
14928
14931
14972
14982
14994
15025
15054
15140
15177
15184
15186
15197
15236
15240
15248
15260
15262
15267
15283
15287
15288
15293
15324
15460
15495
15527
15591
15596
15617
15645
15649
15671
15697
15737
15742
15764
15780
15905
15931
15938
16078
16139
16227
16241
16249
16261
16306
16369
16412
16422
16505
16507
16540
16561
16585
16600
16610
16611
16616
16628
16653
16700
16707
16721
16724
16780
16826
16850
16854
16900
16981
17012
17024
17081
17187
17196
17216
17247
17257
17282
17369
17425
17476
17533
17583
17587
17627
17646
17741
17775
17823
17848
17911
17912
17917
17923
17980
18040
18066
18072
18081
18086
18128
18192
18213
18216
18227
18272
18282
18312
18336
18382
18446
18515
18533
18596
18619
18684
18765
18786
18801
18813
18816
18838
18844
18848
18850
18869
18978
19004
19020
19030
19113
19152
19221
19233
19236
19254
19297
19306
19364
19392
19424
19428
19453
19454
19520
19572
19639
19701
19802
19809
19875
19878
19881
19905
19998
20021
20060
20061
20081
20088
20113
20131
20139
20145
20173
20203
20212
20219
20222
20238
20285
20333
20336
20415
20437
20512
20542
20546
20578
20613
20692
20700
20737
20755
20775
20781
20807
20814
20820
20837
20854
20857
20869
20894
21085
21096
21117
21128
21176
21208
21295
21315
21317
21410
21411
21449
21479
21598
21609
21664
21676
21688
21716
21812
21884
21925
21934
21975
22042
22048
22123
22131
22186
22191
22255
22270
22287
22330
22341
22364
22410
22426
22747
22760
22793
22802
22807
22872
22887
22966
22977
22982
22990
23012
23063
23176
23208
23240
23269
23301
23334
23343
23356
23366
23392
23456
23486
23568
23588
23598
23604
23611
23636
23640
23682
23693
23710
23724
23734
23749
23820
23841
23912
23943
23952
23956
23979
23996
24020
24049
24059
24098
24181
24187
24277
24382
24392
24407
24420
24462
24472
24499
24512
24515
24546
24572
24653
24684
24699
24730
24736
24738
24764
24847
24901
24907
24958
25000
25026
25034
25182
25214
25215
25228
25241
25255
25275
25287
25360
25380
25461
25510
25511
25611
25660
25671
25718
25756
25803
25808
25831
25856
25868
25876
25890
25912
26100
26129
26179
26193
26226
26276
26283
26320
26322
26355
26367
26394
26448
26459
26492
26535
26563
26680
26715
26718
26753
26781
26792
26838
26879
26888
26897
26934
26940
26945
27022
27052
27056
27060
27061
27071
27075
27101
27128
27145
27170
27222
27247
27354
27497
27548
27561
27610
27613
27656
27666
27688
27700
27725
27745
27815
27826
27829
27847
27886
27925
28055
28175
28177
28189
28192
28320
28326
28374
28382
28387
28393
28405
28434
28457
28502
28510
28523
28561
28637
28652
28665
28676
28699
28706
28770
28780
28802
28811
28823
28828
28877
28921
28925
28931
28993
28999
29019
29043
29099
29163
29175
29176
29199
29202
29219
29245
29260
29279
29299
29317
29458
29498
29516
29556
29561
29566
29593
29629
29724
29771
29814
29857
29875
29902
30045
30074
30142
30174
30201
30205
30241
30242
30258
30304
30308
30327
30340
30360
30391
30433
30495
30532
30594
30609
30673
30686
30690
30721
30778
30792
30811
30824
30840
30843
30857
30863
30894
30908
30919
30951
30986
31006
31016
31022
31062
31069
31091
31140
31180
31248
31330
31360
31362
31372
31423
31439
31459
31504
31506
31512
31518
31534
31590
31607
31635
31684
31692
31726
31729
31759
31761
31777
31838
31887
31917
31923
31939
32005
32009
32072
32073
32086
32092
32111
32157
32177
32266
32277
32296
32299
32308
32328
32336
32351
32361
32362
32365
32377
32410
32525
32530
32550
32659
32722
32763
32789
32816
32859
32889
32939
32978
33018
33023
33160
33241
33251
33271
33278
33284
33289
33303
33394
33431
33490
33495
33559
33560
33577
33626
33649
33656
33710
33770
33774
33776
33816
33820
33831
33880
33902
33936
33995
34011
34020
34073
34117
34193
34223
34244
34255
34272
34289
34319
34327
34355
34373
34413
34418
34420
34440
34447
34507
34591
34625
34691
34770
34848
34854
34856
34872
34882
34905
34921
34928
34931
34935
34983
35000
35012
35016
35034
35035
35036
35111
35144
35160
35175
35209
35285
35312
35340
35365
35418
35448
35488
35530
35598
35604
35638
35664
35697
35726
35753
35769
35780
35909
35943
35962
36083
36092
36100
36110
36132
36143
36178
36191
36203
36209
36251
36263
36289
36306
36312
36334
36343
36365
36394
36475
36485
36522
36543
36640
36669
36670
36686
36776
36781
36885
36895
36962
36970
36971
36998
37055
37057
37072
37091
37114
37152
37186
37191
37231
37233
37240
37253
37385
37399
37414
37442
37453
37460
37486
37507
37519
37523
37571
37581
37586
37594
37721
37754
37767
37837
37898
37906
37935
37959
37968
37977
37995
38016
38026
38029
38050
38053
38085
38153
38169
38172
38198
38204
38276
38330
38361
38384
38425
38453
38470
38472
38473
38517
38530
38590
38606
38668
38669
38722
38772
38845
38849
38905
39010
39014
39054
39076
39107
39112
39115
39143
39160
39161
39167
39179
39180
39183
39187
39203
39223
39224
39228
39239
39259
39311
39331
39334
39344
39432
39434
39450
39461
39470
39490
39531
39552
39560
39583
39584
39604
39685
39687
39742
39781
39831
39863
39878
39890
39950
40018
40054
40063
40067
40068
40076
40081
40082
40112
40148
40163
40182
40219
40240
40264
40279
40332
40374
40415
40516
40551
40561
40590
40608
40625
40637
40646
40651
40673
40688
40773
40787
40824
40843
40873
40974
41003
41079
41080
41084
41105
41146
41199
41209
41211
41224
41234
41246
41264
41338
41417
41440
41491
41507
41588
41634
41639
41726
41785
41884
41895
41955
41972
41980
42032
42080
42173
42201
42233
42250
42419
42431
42443
42445
42457
42493
42504
42538
42540
42547
42610
42620
42629
42657
42742
42743
42791
42834
42848
42879
42922
42930
42964
43005
43040
43115
43132
43151
43213
43225
43263
43277
43343
43344
43353
43359
43367
43396
43433
43445
43462
43482
43602
43619
43623
43626
43645
43653
43708
43710
43711
43777
43826
43828
43832
43836
43894
43895
43901
43979
44018
44027
44079
44081
44128
44145
44181
44193
44289
44378
44446
44470
44527
44529
44532
44562
44585
44593
44641
44644
44654
44701
44714
44715
44734
44768
44843
44849
44853
44861
44892
44904
44915
44942
44947
44959
44986
45020
45022
45032
45035
45044
45069
45070
45072
45093
45171
45233
45296
45315
45338
45346
45387
45426
45444
45445
45455
45466
45473
45478
45490
45497
45549
45563
45565
45589
45595
45673
45721
45723
45733
45741
45745
45779
45781
45795
45808
45811
45815
45889
45917
46107
46112
46113
46120
46173
46186
46192
46199
46231
46269
46282
46307
46308
46314
46332
46341
46367
46389
46398
46423
46430
46483
46644
46670
46671
46683
46691
46833
46874
46941
46942
46946
47075
47081
47109
47143
47203
47221
47233
47245
47273
47321
47334
47335
47389
47453
47485
47503
47603
47620
47659
47691
47735
47793
47804
47839
47932
47959
48039
48057
48065
48092
48097
48117
48153
48173
48234
48250
48319
48346
48359
48374
48377
48438
48546
48551
48589
48613
48624
48627
48633
48643
48663
48682
48690
48824
48841
48860
48890
48939
48955
48959
48969
49012
49013
49023
49049
49058
49123
49125
49138
49154
49171
49221
49225
49237
49244
49266
49289
49295
49406
49423
49432
49442
49525
49569
49590
49722
49797
49804
49826
49846
49888
49904
49970
50024
50079
50084
50102
50196
50252
50253
50278
50284
50307
50323
50433
50452
50467
50649
50672
50708
50718
50725
50729
50745
50787
50857
50922
50992
51028
51030
51062
51076
51083
51114
51145
51174
51225
51285
51314
51333
51387
51396
51397
51400
51410
51432
51513
51533
51548
51561
51581
51619
51646
51676
51692
51761
51772
51796
51800
51836
51849
51859
51895
51909
52011
52013
52069
52135
52256
52296
52358
52418
52419
52431
52463
52469
52479
52553
52555
52570
52605
52616
52628
52630
52639
52665
52686
52706
52712
52721
52761
52834
52865
52866
52915
52953
53003
53007
53018
53066
53112
53129
53199
53248
53259
53265
53279
53291
53299
53304
53313
53697
53720
53751
53837
53858
53881
53908
53923
53946
54008
54027
54105
54120
54141
54147
54202
54228
54258
54263
54267
54280
54354
54355
54401
54440
54485
54539
54540
54542
54545
54577
54629
54637
54657
54753
54772
54773
54774
54820
54840
54861
54880
54903
54916
54960
54995
55010
55034
55044
55047
55055
55064
55068
55072
55073
55089
55108
55123
55199
55202
55238
55289
55355
55391
55412
55418
55452
55476
55548
55557
55594
55712
55752
55775
55778
55846
55857
55888
55896
55971
55975
55997
56002
56041
56051
56073
56082
56090
56095
56135
56146
56168
56180
56187
56188
56388
56408
56415
56473
56497
56530
56540
56631
56638
56647
56650
56669
56688
56710
56711
56774
56802
56906
56971
56991
57019
57051
57075
57081
57123
57249
57250
57340
57380
57416
57422
57439
57452
57489
57506
57520
57531
57537
57552
57563
57623
57628
57632
57663
57664
57720
57752
57765
57857
57905
57913
57917
57933
57946
57957
57981
58011
58027
58028
58035
58055
58085
58092
58121
58127
58144
58199
58231
58237
58264
58278
58344
58352
58393
58409
58436
58493
58657
58713
58756
58768
58782
58787
58841
58885
58909
58924
58947
58975
58994
59055
59077
59095
59165
59297
59373
59412
59436
59528
59545
59624
59650
59659
59686
59698
59758
59767
59787
59803
59819
59822
59864
59879
59885
59910
59968
59988
59993
60024
60031
60060
60121
60153
60156
60162
60200
60217
60247
60256
60274
60297
60353
60397
60408
60462
60470
60509
60523
60529
60547
60602
60603
60605
60639
60643
60646
60674
60701
60704
60710
60767
60786
60788
60807
60864
60886
60898
60935
61042
61112
61115
61195
61199
61205
61224
61225
61289
61301
61352
61423
61447
61461
61510
61522
61561
61582
61593
61623
61668
61698
61707
61767
61777
61810
61831
61920
61948
61983
62019
62028
62128
62147
62153
62190
62210
62220
62231
62234
62243
62264
62286
62293
62314
62321
62400
62446
62477
62484
62518
62533
62541
62554
62567
62581
62590
62636
62749
62769
62770
62772
62775
62813
62825
62826
62859
62892
62978
62989
63026
63034
63089
63106
63108
63188
63199
63226
63250
63300
63346
63392
63398
63454
63483
63487
63500
63570
63681
63693
63695
63712
63752
63771
63793
63822
63848
63929
63995
64001
64069
64106
64164
64257
64266
64322
64331
64418
64433
64454
64479
64484
64488
64494
64511
64537
64576
64586
64592
64601
64606
64639
64642
64647
64686
64733
64788
64823
64845
64881
64912
64950
64969
65001
65006
65009
65014
65166
65176
65219
65221
65253
65371
65400
65442
65473
65477
65481
65508
65511
65523
65565
65634
65675
65710
65870
65930
65965
65989
66034
66052
66061
66072
66074
66089
66094
66137
66175
66210
66239
66285
66317
66353
66380
66409
66432
66444
66453
66478
66480
66510
66515
66532
66542
66651
66682
66700
66725
66824
66842
66915
66971
66989
67048
67061
67069
67098
67109
67110
67164
67217
67225
67231
67233
67237
67302
67385
67398
67429
67437
67447
67475
67486
67491
67554
67572
67581
67620
67779
67816
67823
67835
67929
67939
67940
67941
67962
67971
67978
67998
68011
68029
68048
68060
68119
68132
68133
68221
68289
68298
68350
68361
68390
68392
68497
68505
68511
68532
68552
68567
68576
68579
68632
68687
68700
68703
68714
68719
68736
68789
68791
68799
68813
68836
68876
68877
68890
68985
69026
69035
69050
69063
69102
69173
69192
69194
69244
69262
69269
69288
69299
69379
69411
69416
69418
69422
69470
69480
69500
69534
69594
69641
69652
69660
69663
69762
69807
69816
69848
69959
69971
69978
70003
70076
70101
70104
70116
70120
70127
70131
70135
70136
70137
70161
70169
70171
70175
70192
70197
70233
70239
70292
70312
70354
70355
70366
70432
70469
70496
70497
70517
70572
70604
70609
70666
70725
70745
70768
70792
70866
70867
70876
70884
70914
70927
70994
71015
71050
71073
71078
71085
71213
71246
71313
71476
71492
71511
71532
71538
71548
71633
71638
71788
71806
71825
71852
71902
71919
71920
71946
71951
72058
72066
72097
72137
72171
72272
72282
72293
72299
72322
72379
72385
72458
72467
72495
72539
72540
72655
72661
72736
72748
72770
72925
72954
72967
72982
73007
73037
73060
73093
73115
73116
73117
73121
73122
73124
73145
73163
73172
73182
73214
73219
73229
73257
73271
73272
73300
73314
73407
73413
73428
73485
73496
73530
73610
73638
73707
73754
73766
73777
73816
73822
73945
73983
74002
74012
74015
74103
74105
74121
74124
74135
74193
74317
74347
74375
74411
74431
74444
74467
74519
74534
74568
74586
74591
74597
74653
74672
74690
74700
74780
74830
74887
75001
75094
75180
75200
75216
75218
75219
75294
75309
75374
75384
75402
75429
75456
75485
75510
75518
75521
75523
75533
75552
75555
75637
75654
75659
75693
75722
75801
75808
75904
75935
76137
76195
76211
76282
76302
76388
76431
76486
76500
76514
76538
76663
76665
76669
76727
76817
76826
76828
76846
76889
76923
76988
77031
77099
77102
77108
77109
77110
77118
77150
77157
77186
77187
77192
77197
77216
77269
77280
77307
77343
77377
77382
77386
77423
77430
77439
77531
77640
77675
77679
77727
77742
77785
77802
77888
77953
78013
78016
78058
78088
78120
78123
78136
78157
78158
78210
78266
78268
78270
78276
78326
78352
78456
78461
78503
78515
78548
78552
78653
78719
78744
78805
78835
78838
78910
78973
78982
78989
79012
79020
79044
79052
79065
79080
79084
79090
79111
79144
79159
79160
79204
79266
79309
79358
79390
79391
79420
79448
79501
79539
79578
79631
79673
79728
79748
79751
79759
79811
79836
79845
79894
79910
79933
79939
79989
80006
80022
80023
80095
80160
80187
80190
80219
80252
80255
80304
80335
80434
80443
80447
80451
80465
80484
80498
80584
80596
80605
80694
80762
80768
80782
80830
80855
80862
80881
80926
80942
80955
80964
80966
81000
81006
81013
81030
81044
81048
81054
81125
81139
81161
81181
81183
81194
81251
81289
81343
81374
81400
81421
81429
81444
81482
81562
81675
81686
81734
81847
81879
81910
81928
82033
82133
82144
82215
82257
82258
82263
82301
82303
82318
82408
82444
82461
82472
82499
82500
82505
82552
82606
82610
82633
82649
82705
82730
82918
82919
82923
82934
82948
82973
82993
83007
83103
83130
83149
83234
83245
83250
83279
83301
83316
83407
83453
83461
83492
83510
83517
83589
83590
83614
83631
83643
83659
83673
83694
83696
83773
83789
83811
83864
83893
83931
83947
83961
83978
84007
84091
84117
84211
84214
84218
84224
84233
84261
84262
84290
84380
84489
84491
84494
84501
84510
84587
84627
84640
84676
84740
84795
84818
84826
84828
84863
84865
84904
85013
85092
85129
85146
85152
85168
85199
85201
85203
85212
85241
85249
85289
85352
85355
85361
85439
85447
85451
85452
85459
85462
85491
85495
85499
85523
85528
85586
85605
85611
85614
85616
85664
85750
85813
85958
86016
86031
86051
86144
86180
86194
86220
86250
86318
86350
86440
86461
86504
86559
86573
86620
86654
86682
86692
86697
86701
86702
86714
86738
86758
86763
86788
86836
86922
86937
86949
87012
87023
87083
87090
87096
87106
87177
87195
87277
87407
87452
87568
87604
87622
87671
87716
87730
87733
87735
87758
87795
87828
87829
87865
87884
87888
87902
87905
87928
87935
87949
88026
88033
88056
88088
88111
88161
88228
88239
88300
88334
88446
88462
88473
88489
88515
88537
88576
88655
88723
88731
88732
88736
88739
88749
88776
88792
88843
88856
88884
88923
88947
88954
89003
89004
89029
89034
89105
89135
89255
89275
89297
89302
89331
89340
89406
89427
89442
89575
89602
89640
89662
89703
89709
89722
89732
89741
89746
89759
89820
89885
89933
89945
89955
90017
90039
90104
90119
90143
90173
90213
90227
90247
90308
90331
90340
90349
90376
90465
90549
90664
90689
90735
90761
90797
90822
90842
90856
90891
90912
90940
90957
90961
91032
91067
91121
91202
91211
91221
91272
91290
91315
91323
91356
91369
91400
91421
91422
91445
91507
91553
91565
91606
91771
91790
91805
91879
92014
92070
92120
92275
92296
92308
92314
92327
92343
92381
92382
92386
92392
92397
92441
92484
92490
92521
92590
92595
92608
92649
92655
92691
92713
92735
92763
92809
92815
92818
92834
92841
92973
93013
93121
93168
93199
93208
93214
93222
93239
93280
93323
93380
93412
93419
93438
93460
93512
93537
93540
93571
93612
93631
93680
93762
93764
93799
93817
93861
93869
93872
93895
93896
93958
94039
94080
94131
94140
94287
94293
94324
94352
94354
94415
94424
94433
94524
94537
94544
94573
94593
94667
94748
94751
94812
94824
94862
94875
94878
94885
94891
94894
94909
94928
94956
95006
95014
95030
95032
95043
95049
95054
95060
95069
95103
95127
95128
95147
95201
95243
95260
95302
95321
95351
95370
95393
95407
95492
95531
95566
95570
95656
95751
95773
95786
95797
95811
95812
95880
95937
96255
96256
96290
96315
96352
96353
96366
96371
96379
96405
96419
96434
96461
96517
96556
96560
96563
96578
96612
96618
96634
96679
96687
96721
96725
96727
96732
96750
96807
96814
96876
96932
96965
96978
96989
97003
97028
97050
97062
97075
97088
97137
97147
97182
97197
97207
97209
97233
97255
97270
97341
97356
97365
97467
97518
97524
97578
97593
97595
97599
97611
97622
97629
97647
97650
97652
97672
97683
97696
97700
97716
97774
97844
97854
97916
97961
98024
98036
98147
98164
98244
98291
98329
98341
98368
98369
98379
98429
98476
98501
98578
98612
98628
98674
98703
98732
98734
98755
98796
98833
98848
98867
98889
98929
98961
99052
99063
99113
99131
99136
99158
99210
99224
99232
99271
99308
99315
99330
99338
99353
99369
99374
99376
99455
99515
99516
99532
99552
99617
99635
99648
99682
99683
99708
99734
99784
99787
99794
99818
99836
99844
99848
99861
99882
99886
99932
99975
100067
100076
100115
100125
100184
100191
100233
100259
100288
100293
100322
100381
100395
100429
100463
100525
100544
100579
100581
100605
100610
100620
100658
100701
100739
100769
100801
100851
100852
100861
100889
100914
100926
100938
100943
100987
101014
101018
101098
101109
101113
101147
101161
101192
101215
101269
101281
101283
101291
101324
101330
101332
101344
101385
101388
101419
101464
101486
101559
101573
101585
101594
101601
101605
101662
101685
101789
101822
101823
101828
101849
101883
101889
101900
101918
101920
101942
101992
102001
102036
102053
102084
102098
102136
102183
102189
102246
102250
102258
102286
102302
102385
102418
102434
102463
102480
102483
102526
102550
102555
102604
102633
102665
102680
102688
102728
102792
102836
102846
102866
102873
102934
102939
102949
102965
102983
102988
102991
102993
103003
103096
103108
103173
103189
103212
103214
103222
103248
103260
103282
103428
103435
103491
103492
103517
103534
103571
103628
103644
103653
103673
103680
103688
103794
103818
103871
103876
103881
103909
104115
104118
104142
104154
104157
104163
104183
104184
104210
104224
104246
104260
104307
104314
104327
104331
104350
104373
104465
104483
104494
104496
104523
104571
104586
104597
104783
104786
104801
104865
104924
104933
104978
105001
105052
105080
105083
105099
105163
105179
105189
105199
105203
105230
105278
105316
105335
105354
105394
105448
105456
105485
105524
105597
105598
105608
105616
105623
105630
105671
105691
105714
105785
105843
105968
105989
106018
106082
106166
106245
106250
106273
106286
106300
106386
106426
106453
106482
106496
106503
106510
106519
106552
106622
106667
106768
106800
106817
106839
106913
106983
107012
107032
107047
107113
107122
107149
107152
107206
107217
107238
107253
107269
107299
107318
107332
107333
107361
107379
107430
107432
107434
107517
107534
107546
107556
107559
107567
107579
107583
107651
107655
107695
107699
107765
107863
107869
107877
107882
107913
107926
107946
107959
108100
108105
108124
108143
108156
108184
108193
108349
108444
108481
108648
108655
108657
108664
108678
108694
108740
108749
108785
108846
108860
108888
108961
109004
109027
109048
109070
109129
109258
109333
109341
109351
109399
109441
109442
109458
109468
109476
109482
109485
109531
109629
109630
109639
109693
109750
109773
109831
109850
109866
109919
110008
110033
110112
110172
110278
110331
110349
110358
110387
110395
110408
110470
110473
110477
110526
110589
110598
110611
110735
110741
110783
110806
110939
110940
110950
111005
111018
111026
111034
111040
111047
111079
111093
111148
111159
111172
111176
111211
111244
111271
111280
111385
111390
111398
111412
111437
111478
111520
111528
111537
111563
111578
111586
111654
111657
111676
111697
111698
111852
111862
111908
111910
111995
112066
112078
112086
112153
112164
112198
112213
112219
112250
112279
112327
112335
112348
112367
112371
112378
112402
112410
112468
112551
112662
112687
112724
112770
112771
112779
112805
112830
112842
112866
112868
112910
112913
112927
112974
112984
113055
113079
113189
113210
113245
113265
113284
113324
113328
113336
113399
113414
113510
113520
113539
113545
113556
113598
113620
113692
113718
113719
113720
113730
113751
113753
113777
113813
113830
113915
113934
113950
113965
113970
113979
113980
113999
114077
114083
114110
114150
114191
114199
114202
114213
114241
114243
114259
114326
114336
114356
114442
114472
114478
114484
114504
114542
114551
114563
114566
114591
114597
114639
114655
114683
114698
114760
114910
114983
115022
115071
115125
115191
115195
115257
115262
115268
115275
115291
115314
115326
115379
115380
115385
115388
115389
115443
115477
115489
115507
115534
115540
115616
115620
115622
115692
115724
115841
115853
115863
115878
115884
115960
115968
115978
116015
116040
116065
116132
116175
116183
116184
116202
116221
116234
116281
116291
116329
116333
116358
116374
116376
116399
116413
116433
116452
116464
116484
116500
116593
116634
116692
116695
116754
116777
116797
116913
116951
116975
116995
117002
117040
117043
117168
117170
117187
117227
117237
117272
117293
117332
117342
117353
117373
117375
117401
117407
117444
117449
117457
117474
117491
117534
117654
117693
117711
117712
117748
117772
117780
117856
117901
117941
117981
117999
118024
118057
118059
118075
118083
118097
118124
118154
118203
118240
118289
118418
118478
118570
118634
118738
118743
118773
118783
118803
118822
118829
118830
118851
118856
118869
118875
118896
118908
118932
119027
119032
119033
119100
119108
119175
119204
119219
119253
119402
119438
119444
119460
119504
119532
119569
119596
119598
119668
119748
119782
119792
119810
119811
119835
119836
119856
119865
119882
119902
119950
120052
120053
120070
120077
120098
120115
120311
120367
120369
120455
120490
120523
120532
120545
120559
120577
120582
120588
120591
120656
120818
120855
120869
120912
120949
120951
120961
120998
121016
121026
121027
121058
121087
121093
121100
121111
121186
121198
121252
121259
121381
121459
121504
121564
121574
121617
121658
121675
121755
121796
121802
121836
121855
121882
121885
121904
121905
121944
121960
121965
121986
122025
122124
122208
122228
122282
122301
122394
122398
122399
122440
122457
122563
122590
122592
122676
122679
122681
122724
122742
122877
122889
122892
122893
122895
122932
122973
122999
123040
123081
123162
123191
123232
123260
123308
123392
123424
123453
123610
123628
123665
123681
123686
123709
123734
123792
123823
123845
123846
123867
123916
123918
123932
123983
123984
124114
124154
124173
124180
124204
124334
124346
124450
124472
124551
124580
124593
124673
124744
124752
124757
124830
124849
124897
124909
124958
124965
124980
124996
125087
125109
125160
125178
125187
125265
125322
125331
125403
125439
125481
125531
125542
125586
125616
125617
125739
125742
125804
125816
125817
125884
125897
125906
125950
125970
125983
125992
125999
126074
126137
126139
126168
126172
126213
126214
126246
126255
126264
126271
126280
126282
126313
126325
126326
126331
126458
126511
126546
126568
126611
126636
126649
126671
126722
126723
126737
126778
126819
126843
126867
126872
126899
126916
126922
126925
126935
126981
126991
127015
127031
127038
127078
127094
127176
127186
127235
127241
127250
127252
127255
127282
127332
127338
127363
127370
127379
127383
127396
127407
127427
127469
127471
127474
127475
127580
127593
127613
127637
127788
127800
127818
127829
127841
127876
127882
127890
127935
127967
127994
128011
128018
128032
128124
128132
128150
128188
128201
128203
128225
128226
128234
128263
128270
128288
128289
128429
128437
128455
128466
128486
128487
128532
128534
128561
128562
128563
128591
128601
128604
128620
128694
128737
128813
128817
128858
128942
128945
128980
129021
129027
129064
129106
129107
129111
129165
129177
129220
129260
129261
129343
129353
129369
129390
129391
129425
129430
129445
129535
129566
129569
129577
129629
129673
129684
129719
129787
129809
129813
129820
129838
129843
129884
129885
129910
129919
129938
129968
129983
130042
130129
130137
130139
130159
130286
130296
130344
130385
130408
130415
130418
130440
130536
130562
130575
130599
130605
130616
130626
130673
130734
130755
130776
130787
130793
130858
130888
130910
130933
130934
130957
130961
131021
131062
131134
131144
131158
131161
131169
131189
131211
131252
131261
131365
131397
131413
131415
131452
131457
131540
131556
131610
131612
131635
131659
131811
131812
131820
131853
131920
131931
131977
132005
132071
132097
132104
132179
132204
132205
132209
132281
132295
132396
132399
132451
132491
132509
132592
132619
132648
132680
132796
132813
132854
132896
132939
133003
133141
133158
133165
133191
133202
133208
133274
133291
133320
133331
133352
133383
133422
133453
133455
133458
133467
133476
133511
133520
133531
133545
133555
133561
133614
133632
133750
133792
133864
133867
133952
134054
134074
134101
134112
134119
134122
134125
134233
134244
134283
134298
134300
134316
134345
134376
134407
134464
134468
134490
134493
134499
134581
134692
134719
134727
134760
134784
134841
134857
134871
134899
134968
134982
134984
134989
135005
135013
135017
135028
135068
135076
135095
135096
135234
135240
135268
135297
135352
135410
135459
135477
135482
135485
135491
135502
135512
135545
135566
135591
135635
135650
135663
135671
135763
135768
135776
135781
135799
135808
135809
135857
135885
135890
135918
135931
135936
135981
135991
136009
136029
136038
136141
136144
136148
136205
136222
136271
136283
136304
136328
136351
136389
136444
136446
136462
136473
136515
136609
136625
136766
136791
136799
136816
136822
136824
136924
136925
136946
136950
136982
136988
137051
137052
137056
137071
137091
137154
137168
137192
137299
137304
137306
137317
137321
137322
137371
137372
137375
137387
137433
137436
137461
137486
137512
137543
137553
137563
137579
137582
137588
137597
137598
137603
137619
137623
137630
137647
137692
137722
137730
137731
137764
137769
137781
137866
137878
137879
137904
138008
138027
138042
138065
138094
138129
138139
138157
138188
138191
138200
138269
138291
138323
138378
138386
138395
138434
138453
138515
138533
138539
138548
138573
138603
138618
138634
138695
138754
138777
138798
138799
138806
138835
138869
138875
138891
138906
138940
139036
139061
139066
139106
139131
139140
139144
139157
139164
139211
139231
139232
139292
139329
139343
139350
139394
139406
139439
139470
139502
139507
139514
139517
139520
139679
139691
139700
139710
139726
139756
139768
139835
139838
139970
139975
140008
140094
140141
140158
140161
140232
140269
140310
140320
140325
140354
140377
140384
140431
140442
140477
140502
140503
140595
140638
140722
140788
140810
140816
140843
140866
140876
140900
140908
140957
140988
140990
141077
141086
141100
141163
141178
141179
141188
141191
141198
141236
141241
141267
141309
141317
141354
141437
141468
141481
141482
141571
141578
141579
141601
141748
141751
141773
141812
141813
141815
141883
141889
141895
141897
141907
141927
141947
141955
141957
141971
141973
142047
142068
142070
142082
142112
142125
142190
142277
142325
142404
142497
142547
142603
142621
142640
142644
142666
142674
142677
142716
142738
142802
142817
142845
142846
142853
142886
142899
142904
142937
142992
143064
143110
143112
143143
143145
143147
143154
143227
143247
143305
143312
143346
143371
143375
143384
143390
143422
143440
143504
143551
143569
143578
143593
143598
143602
143690
143711
143714
143756
143765
143803
143965
143969
144020
144044
144074
144077
144081
144110
144124
144141
144172
144173
144186
144202
144257
144310
144388
144428
144440
144442
144448
144482
144509
144592
144647
144651
144705
144706
144721
144722
144724
144727
144783
144870
144914
144915
144930
144953
144960
144992
145005
145046
145095
145097
145123
145147
145165
145180
145198
145208
145223
145228
145235
145303
145357
145425
145429
145447
145519
145582
145678
145703
145712
145728
145769
145815
145835
145838
145852
145928
145947
145970
145987
145998
146002
146041
146066
146120
146195
146207
146208
146210
146228
146263
146281
146303
146316
146327
146330
146374
146530
146543
146546
146554
146574
146637
146666
146707
146762
146771
146861
146864
146868
146881
146892
146900
146913
146931
146956
146960
146966
147028
147061
147087
147111
147157
147177
147190
147212
147221
147243
147282
147312
147315
147395
147412
147459
147495
147570
147571
147592
147616
147656
147695
147721
147726
147742
147757
147773
147785
147787
147813
147814
147845
147956
147969
147970
148004
148052
148065
148116
148142
148143
148152
148173
148196
148206
148235
148241
148265
148270
148272
148349
148381
148392
148393
148396
148425
148445
148451
148480
148508
148558
148560
148578
148589
148601
148603
148609
148628
148670
148735
148753
148815
148826
148854
148879
148886
148976
148979
148995
149011
149022
149025
149032
149074
149113
149137
149185
149222
149249
149257
149290
149319
149337
149386
149394
149427
149448
149472
149536
149570
149622
149627
149672
149743
149808
149823
149843
149870
149901
149940
150010
150060
150075
150092
150103
150129
150134
150138
150139
150162
150172
150178
150280
150325
150328
150337
150384
150400
150526
150563
150590
150622
150626
150648
150663
150744
150764
150830
150861
150895
150908
150939
150954
150958
150982
151010
151045
151051
151088
151142
151143
151159
151176
151192
151200
151217
151242
151276
151299
151307
151314
151324
151341
151352
151353
151363
151371
151395
151396
151399
151400
151447
151465
151467
151471
151487
151497
151498
151500
151515
151528
151537
151553
151585
151590
151593
151596
151624
151678
151709
151721
151731
151766
151800
151804
151847
151915
151946
151951
151993
152025
152058
152139
152242
152306
152319
152342
152356
152391
152410
152417
152421
152435
152493
152526
152561
152572
152573
152574
152584
152609
152654
152673
152675
152678
152680
152722
152736
152740
152750
152782
152792
152825
152920
152980
152989
152992
153049
153054
153073
153083
153126
153131
153143
153174
153175
153177
153217
153247
153250
153261
153264
153293
153303
153342
153423
153541
153553
153591
153595
153608
153613
153630
153636
153643
153692
153716
153725
153730
153735
153777
153810
153846
153875
153894
153915
153958
153970
153994
154073
154083
154101
154164
154201
154265
154308
154313
154327
154373
154378
154388
154418
154444
154459
154520
154602
154613
154621
154659
154660
154670
154679
154690
154713
154729
154733
154764
154807
154873
154916
154940
154943
155034
155053
155057
155108
155156
155284
155335
155389
155423
155430
155447
155471
155537
155552
155571
155577
155602
155644
155680
155707
155864
155876
155886
155948
155973
155979
156014
156069
156083
156105
156159
156165
156180
156232
156234
156294
156395
156404
156417
156421
156500
156553
156641
156689
156690
156735
156762
156763
156767
156802
156830
156860
156921
156931
156982
157023
157069
157076
157163
157225
157262
157264
157300
157303
157357
157368
157373
157390
157399
157464
157466
157472
157519
157533
157635
157654
157655
157679
157692
157693
157698
157719
157769
157852
157935
157947
157960
157982
158003
158017
158023
158030
158035
158053
158088
158092
158104
158113
158119
158130
158154
158156
158158
158196
158231
158255
158256
158281
158358
158365
158382
158401
158410
158420
158472
158509
158515
158560
158595
158622
158639
158696
158709
158719
158738
158739
158788
158800
158828
158893
158921
158984
159014
159035
159036
159043
159044
159047
159096
159100
159125
159129
159136
159148
159165
159222
159235
159239
159240
159290
159291
159334
159336
159342
159347
159349
159418
159419
159450
159456
159556
159559
159602
159646
159660
159711
159712
159721
159728
159729
159760
159774
159803
159804
159874
160044
160070
160192
160241
160250
160264
160291
160295
160418
160474
160495
160498
160501
160505
160546
160561
160588
160611
160625
160643
160828
160830
160861
160874
160943
161007
161016
161021
161030
161032
161034
161054
161103
161119
161132
161168
161213
161248
161270
161306
161321
161359
161381
161448
161462
161465
161469
161472
161491
161536
161566
161608
161664
161675
161703
161741
161819
161861
161902
162012
162014
162027
162061
162075
162089
162097
162098
162104
162119
162144
162150
162306
162311
162314
162379
162385
162426
162429
162438
162450
162457
162465
162498
162502
162519
162522
162554
162574
162589
162629
162639
162694
162706
162742
162747
162763
162785
162792
162815
162828
162850
162873
162900
162916
162952
162983
163007
163010
163016
163055
163074
163081
163120
163192
163231
163298
163322
163325
163332
163360
163408
163426
163486
163487
163505
163507
163518
163546
163554
163563
163642
163643
163651
163662
163699
163758
163774
163845
163891
163892
163898
163912
163921
163953
163959
164017
164115
164132
164140
164143
164148
164305
164314
164358
164416
164438
164509
164566
164571
164576
164640
164660
164661
164672
164675
164705
164710
164711
164731
164736
164739
164761
164765
164811
164820
164874
164882
164921
164964
164996
165001
165034
165035
165125
165183
165257
165264
165344
165389
165417
165420
165435
165440
165441
165502
165515
165527
165547
165601
165609
165616
165623
165632
165695
165701
165702
165776
165860
165866
165929
165974
165989
166006
166025
166059
166102
166111
166113
166150
166152
166182
166187
166210
166267
166272
166273
166274
166338
166347
166374
166397
166421
166423
166430
166435
166483
166496
166497
166513
166527
166559
166571
166586
166594
166600
166601
166605
166644
166692
166697
166789
166791
166795
166871
166905
166945
166949
166983
167015
167057
167072
167077
167095
167137
167187
167226
167237
167291
167325
167470
167492
167525
167573
167577
167580
167622
167648
167650
167694
167742
167748
167754
167804
167857
167864
167873
167944
167957
167972
167976
168020
168069
168109
168131
168192
168198
168209
168237
168285
168293
168296
168342
168353
168366
168375
168400
168403
168429
168488
168490
168499
168537
168639
168647
168665
168681
168742
168821
168827
168843
168851
168852
168873
168895
168963
169012
169102
169118
169145
169182
169186
169191
169250
169253
169261
169288
169311
169318
169320
169321
169336
169345
169349
169367
169376
169399
169403
169436
169438
169468
169472
169506
169515
169580
169615
169620
169718
169793
169795
169824
169846
169864
169890
169914
169955
170015
170060
170129
170139
170173
170183
170232
170259
170267
170297
170320
170339
170403
170411
170413
170426
170481
170501
170557
170586
170603
170640
170718
170737
170744
170757
170764
170803
170892
170910
170966
171004
171023
171039
171052
171081
171117
171131
171138
171229
171248
171256
171280
171287
171288
171300
171307
171312
171360
171364
171380
171419
171426
171448
171516
171517
171567
171620
171665
171669
171687
171739
171740
171790
171810
171818
171830
171876
171880
171919
171920
172002
172168
172189
172204
172221
172293
172308
172393
172423
172491
172516
172581
172585
172607
172677
172708
172718
172720
172742
172765
172766
172796
172824
172863
172898
172915
172932
172954
173010
173041
173116
173142
173165
173187
173191
173264
173268
173294
173318
173332
173339
173358
173361
173427
173446
173504
173516
173521
173527
173534
173554
173555
173584
173654
173673
173694
173738
173748
173791
173812
173826
173848
173858
173885
173896
173897
173907
173910
173961
173983
173989
174009
174016
174071
174103
174114
174134
174138
174193
174265
174289
174351
174396
174485
174524
174534
174590
174640
174679
174684
174691
174731
174744
174791
174807
174814
174877
174912
174924
174973
174974
174997
175000
175009
175013
175033
175047
175066
175092
175094
175109
175135
175142
175143
175168
175181
175200
175222
175263
175284
175296
175305
175346
175353
175401
175414
175478
175497
175533
175567
175580
175629
175645
175651
175679
175681
175704
175712
175789
175803
175866
175871
175883
175905
175936
175938
176002
176030
176032
176033
176041
176052
176058
176060
176068
176256
176302
176359
176383
176441
176722
176730
176768
176782
176882
176916
176933
176975
176988
177004
177060
177066
177069
177076
177104
177128
177154
177215
177260
177286
177310
177324
177368
177381
177413
177492
177498
177555
177560
177563
177569
177603
177618
177620
177635
177645
177649
177650
177660
177666
177701
177725
177732
177735
177738
177740
177890
177892
177904
177935
177937
177979
178011
178016
178022
178107
178190
178236
178275
178288
178293
178334
178339
178383
178416
178454
178460
178471
178486
178505
178516
178522
178597
178618
178635
178641
178643
178675
178701
178746
178752
178835
178839
178868
178895
178900
178913
178950
178971
178997
179072
179091
179165
179183
179195
179198
179212
179213
179223
179224
179228
179229
179274
179291
179312
179315
179380
179385
179402
179404
179415
179418
179505
179533
179534
179537
179557
179564
179590
179599
179648
179662
179683
179692
179705
179728
179734
179753
179754
179759
179768
179772
179796
179890
179899
179977
179994
180010
180031
180128
180138
180194
180252
180285
180365
180371
180441
180476
180511
180518
180538
180550
180573
180578
180603
180608
180612
180718
180788
180790
180817
180841
180846
180856
180857
180883
180885
180892
180952
181013
181015
181043
181100
181158
181186
181223
181310
181313
181347
181361
181380
181384
181394
181419
181449
181463
181481
181537
181573
181609
181615
181624
181626
181632
181637
181687
181719
181747
181798
181799
181819
181825
181826
181833
181838
181903
181905
181916
181930
181952
181994
182002
182013
182027
182035
182048
182127
182146
182181
182196
182209
182264
182265
182279
182286
182300
182303
182324
182383
182428
182436
182488
182494
182531
182556
182557
182576
182590
182595
182641
182698
182745
182750
182776
182889
182914
182983
182994
183003
183013
183029
183112
183164
183173
183232
183249
183286
183312
183315
183391
183416
183423
183428
183476
183513
183587
183598
183604
183605
183628
183631
183663
183722
183777
183806
183816
183973
184007
184010
184016
184033
184110
184132
184138
184154
184238
184252
184310
184333
184390
184416
184452
184477
184479
184486
184495
184513
184520
184562
184584
184612
184639
184644
184645
184686
184696
184726
184801
184808
184819
184843
184850
184856
184879
184911
184946
184947
184963
185031
185150
185174
185175
185286
185310
185365
185395
185410
185451
185462
185511
185556
185607
185717
185807
185866
185869
185875
185885
185894
185895
185921
185923
185992
186033
186047
186064
186102
186162
186177
186193
186220
186238
186262
186274
186325
186346
186353
186364
186370
186371
186412
186430
186431
186471
186495
186591
186604
186662
186679
186693
186734
186741
186839
186932
187074
187090
187117
187120
187143
187192
187198
187199
187221
187246
187261
187270
187291
187360
187372
187441
187456
187491
187546
187558
187565
187566
187570
187581
187589
187602
187613
187625
187641
187668
187695
187702
187754
187757
187763
187845
187870
187875
187890
187893
187908
188005
188006
188015
188024
188026
188042
188055
188080
188135
188148
188165
188181
188192
188209
188228
188257
188275
188281
188303
188340
188368
188402
188452
188478
188485
188510
188518
188555
188558
188596
188598
188602
188625
188628
188633
188648
188668
188713
188745
188747
188763
188781
188785
188790
188794
188800
188880
188919
188965
188982
188988
189028
189056
189071
189078
189102
189154
189160
189168
189204
189221
189230
189271
189282
189286
189296
189304
189317
189332
189342
189361
189457
189463
189481
189490
189516
189543
189569
189600
189616
189617
189623
189625
189636
189662
189671
189700
189706
189756
189760
189770
189776
189824
189863
190042
190055
190082
190145
190148
190149
190150
190177
190201
190206
190258
190295
190309
190312
190343
190352
190400
190434
190446
190462
190467
190483
190486
190493
190513
190536
190565
190605
190607
190673
190692
190713
190716
190727
190752
190809
190812
190825
190857
190872
190936
190975
190995
191047
191053
191074
191079
191125
191128
191146
191151
191153
191182
191183
191191
191211
191237
191254
191262
191306
191362
191363
191377
191411
191467
191470
191483
191555
191627
191654
191746
191759
191777
191779
191841
191887
191920
191939
191955
191982
192000
192005
192009
192035
192128
192229
192230
192256
192267
192295
192373
192378
192380
192431
192443
192556
192568
192623
192624
192625
192638
192647
192691
192733
192736
192801
192834
192854
192883
193011
193034
193040
193068
193084
193128
193149
193161
193162
193233
193326
193333
193350
193355
193382
193397
193403
193412
193413
193414
193423
193459
193595
193634
193664
193667
193668
193673
193681
193685
193700
193728
193741
193767
193809
193818
193858
193863
193866
193917
193944
193983
194057
194063
194071
194102
194121
194125
194130
194171
194184
194250
194252
194264
194272
194287
194349
194379
194380
194397
194404
194429
194450
194458
194461
194462
194470
194504
194507
194514
194524
194535
194538
194572
194585
194624
194756
194839
194876
195035
195038
195062
195063
195097
195167
195180
195187
195204
195225
195267
195289
195302
195303
195319
195329
195363
195366
195380
195381
195385
195391
195397
195402
195410
195429
195472
195482
195518
195550
195565
195582
195626
195643
195655
195674
195711
195779
195793
195814
195866
195888
195897
195925
195927
195931
195934
195940
195945
196023
196040
196060
196070
196075
196095
196112
196117
196155
196157
196159
196160
196191
196192
196219
196235
196238
196264
196269
196288
196296
196311
196357
196371
196452
196492
196494
196534
196546
196586
196639
196666
196695
196706
196720
196764
196794
196819
196832
196878
196904
196929
196940
196970
196995
197014
197030
197037
197038
197041
197047
197055
197067
197100
197107
197110
197143
197161
197165
197186
197208
197220
197251
197287
197312
197336
197364
197368
197375
197377
197384
197393
197409
197411
197434
197461
197471
197498
197514
197518
197534
197574
197625
197628
197640
197650
197663
197666
197667
197673
197677
197708
197724
197752
197763
197766
197797
197815
197833
197862
197868
197882
197899
197963
198018
198043
198047
198058
198062
198073
198088
198119
198150
198163
198215
198218
198219
198261
198322
198324
198338
198372
198386
198399
198421
198437
198445
198466
198474
198494
198499
198514
198523
198558
198582
198605
198638
198658
198703
198734
198760
198851
198861
198873
198900
198908
198979
198984
199053
199055
199062
199102
199134
199155
199214
199235
199237
199306
199311
199350
199417
199448
199501
199510
199630
199642
199652
199653
199658
199659
199734
199735
199750
199784
199826
199846
199882
199916
200030
200038
200064
200094
200187
200199
200216
200219
200227
200249
200256
200273
200309
200326
200442
200444
200516
200521
200526
200547
200589
200592
200602
200643
200654
200655
200666
200677
200689
200703
200781
200794
200799
200805
200820
200863
200875
200890
200923
200944
200950
200960
200961
200989
200998
201005
201022
201038
201046
201074
201148
201155
201160
201176
201446
201458
201507
201511
201566
201573
201583
201606
201621
201622
201627
201714
201743
201753
201775
201841
201848
201853
201861
201863
201874
201876
201922
201931
201937
201955
201956
201964
201976
201994
202002
202031
202036
202055
202129
202131
202146
202154
202191
202200
202220
202231
202232
202246
202348
202373
202394
202462
202512
202531
202572
202585
202631
202641
202731
202749
202777
202781
202808
202822
202836
202842
202884
202894
202938
202939
202965
202969
202970
202974
202976
202980
202989
202994
203008
203027
203028
203055
203084
203142
203153
203165
203166
203169
203211
203235
203236
203259
203271
203287
203314
203355
203395
203398
203409
203415
203463
203469
203477
203589
203599
203638
203645
203649
203695
203697
203752
203769
203791
203857
203860
203895
203902
203904
203937
203957
204013
204049
204116
204134
204281
204286
204299
204324
204328
204331
204357
204399
204429
204468
204469
204473
204591
204626
204643
204688
204751
204779
204842
204903
204919
204935
204954
205066
205098
205110
205111
205145
205147
205164
205168
205181
205187
205210
205250
205374
205387
205397
205410
205443
205447
205543
205608
205626
205635
205676
205689
205734
205757
205789
205807
205824
205883
205905
205932
205943
205999
206020
206094
206098
206101
206103
206127
206156
206157
206176
206193
206214
206227
206235
206239
206244
206253
206262
206276
206338
206350
206368
206377
206391
206425
206515
206584
206661
206696
206714
206718
206767
206807
206850
206853
206862
206879
206884
206926
206927
206934
207005
207040
207084
207094
207157
207186
207205
207209
207216
207230
207244
207259
207263
207266
207279
207292
207321
207325
207333
207347
207349
207362
207403
207410
207441
207445
207456
207511
207515
207519
207554
207616
207629
207648
207664
207666
207669
207686
207689
207704
207755
207822
207875
207877
207897
207949
207992
208002
208005
208057
208080
208089
208221
208256
208279
208296
208336
208342
208350
208368
208381
208400
208426
208487
208527
208555
208573
208577
208600
208604
208614
208615
208617
208635
208646
208660
208665
208678
208730
208736
208741
208744
208870
208871
208888
208964
208965
208999
209084
209090
209121
209135
209142
209144
209150
209178
209179
209184
209186
209188
209198
209265
209338
209351
209422
209430
209450
209490
209509
209540
209544
209604
209638
209694
209735
209749
209809
209813
209857
209940
210011
210065
210071
210073
210106
210135
210151
210180
210184
210225
210238
210247
210254
210273
210278
210325
210332
210350
210384
210396
210412
210423
210437
210459
210476
210516
210533
210574
210576
210622
210629
210650
210696
210715
210719
210749
210754
210797
210812
210847
210876
210910
210923
210929
210940
210972
211012
211054
211066
211093
211104
211105
211130
211153
211184
211200
211215
211240
211249
211272
211324
211392
211412
211426
211437
211526
211533
211544
211584
211601
211644
211705
211729
211745
211752
211768
211785
211786
211788
211798
211850
211863
211884
211902
211970
212040
212046
212054
212057
212081
212087
212132
212168
212169
212172
212182
212195
212216
212220
212221
212224
212226
212267
212290
212309
212317
212320
212340
212357
212392
212440
212468
212481
212502
212577
212595
212596
212643
212671
212697
212753
212814
212906
212907
212987
213006
213024
213043
213082
213106
213145
213162
213171
213196
213206
213216
213237
213243
213308
213323
213343
213388
213390
213426
213471
213478
213554
213574
213613
213660
213716
213728
213764
213772
213797
213937
213938
214140
214142
214203
214233
214277
214369
214430
214433
214447
214451
214454
214462
214535
214570
214603
214608
214657
214661
214664
214700
214750
214781
214795
214815
214912
214928
214931
214934
214938
214979
215005
215012
215029
215056
215076
215086
215170
215174
215178
215183
215197
215300
215318
215326
215337
215406
215411
215444
215522
215542
215553
215585
215615
215663
215781
215804
215914
215922
215980
215985
215998
216086
216093
216115
216116
216138
216242
216256
216262
216280
216303
216353
216363
216412
216438
216477
216478
216490
216499
216520
216523
216540
216567
216572
216591
216595
216605
216614
216699
216705
216717
216721
216826
216847
216875
216922
216932
216958
216963
216976
216997
217001
217036
217096
217100
217119
217136
217173
217177
217236
217299
217358
217362
217363
217366
217382
217395
217396
217402
217403
217423
217494
217518
217533
217543
217647
217655
217683
217692
217698
217704
217707
217720
217728
217739
217756
217812
217823
217919
217959
217964
217992
218001
218004
218005
218025
218040
218074
218108
218112
218132
218181
218182
218233
218282
218321
218349
218361
218395
218419
218433
218502
218656
218669
218680
218706
218728
218749
218755
218837
218862
218927
218937
218938
218940
218949
218981
218984
219006
219018
219020
219021
219029
219044
219075
219093
219104
219146
219172
219180
219207
219211
219214
219217
219241
219268
219270
219294
219309
219318
219327
219359
219373
219385
219387
219416
219452
219463
219525
219545
219572
219607
219617
219741
219771
219774
219786
219830
219847
219879
219928
219951
220085
220097
220104
220118
220122
220135
220149
220158
220230
220265
220281
220340
220374
220415
220458
220464
220473
220479
220493
220502
220504
220508
220532
220546
220547
220569
220575
220580
220582
220585
220586
220613
220633
220658
220673
220678
220698
220749
220791
220804
220825
220830
220847
220862
220869
220875
220877
220878
220883
220921
220939
220954
220964
220969
220987
221005
221011
221019
221020
221076
221092
221110
221134
221137
221142
221161
221168
221174
221193
221209
221229
221231
221333
221335
221353
221362
221395
221397
221411
221425
221431
221493
221506
221553
221570
221574
221575
221579
221585
221612
221734
221735
221737
221752
221762
221773
221779
221906
221918
221941
221954
221957
221962
221978
222005
222025
222043
222059
222063
222151
222160
222164
222192
222233
222235
222255
222273
222278
222286
222288
222298
222300
222328
222346
222406
222443
222446
222455
222487
222496
222525
222575
222577
222703
222707
222732
222734
222735
222816
222817
222842
222853
222857
222915
222916
222931
222949
222956
222962
222963
222972
223007
223073
223075
223091
223106
223123
223132
223141
223216
223228
223239
223256
223285
223316
223324
223351
223379
223386
223400
223421
223431
223433
223435
223479
223520
223604
223612
223631
223645
223671
223699
223754
223795
223797
223838
223841
223843
223890
223903
223920
223924
223929
223937
223955
223987
223990
223998
224070
224125
224177
224185
224253
224263
224281
224286
224302
224305
224357
224379
224391
224403
224410
224424
224450
224460
224567
224692
224721
224747
224752
224759
224826
224855
224941
224985
225012
225057
225060
225066
225108
225110
225123
225177
225178
225287
225289
225330
225369
225395
225397
225403
225491
225532
225565
225566
225626
225635
225690
225759
225787
225792
225820
225827
225914
225923
225978
226039
226065
226081
226167
226202
226279
226302
226432
226458
226564
226579
226581
226616
226636
226655
226659
226735
226844
226856
226878
226913
226933
226996
227064
227076
227082
227094
227095
227124
227159
227177
227186
227192
227219
227225
227251
227316
227319
227348
227380
227438
227457
227463
227475
227533
227613
227682
227747
227749
227813
227832
227869
227921
227923
227980
227986
227994
228033
228036
228040
228055
228086
228134
228166
228201
228206
228219
228267
228295
228299
228328
228351
228358
228380
228383
228397
228416
228494
228525
228526
228560
228561
228572
228617
228619
228623
228681
228733
228741
228764
228767
228784
228814
228818
228824
228847
228865
228882
228883
228940
228947
228992
229075
229161
229165
229169
229178
229221
229226
229236
229252
229269
229279
229281
229308
229314
229323
229343
229379
229428
229435
229478
229521
229554
229557
229560
229563
229588
229642
229664
229683
229687
229694
229696
229706
229710
229711
229727
229813
229847
229893
229904
229950
229956
229960
229961
229980
229988
229992
230039
230101
230110
230115
230157
230210
230239
230244
230253
230300
230306
230315
230320
230342
230373
230377
230387
230400
230415
230437
230441
230459
230469
230473
230513
230578
230607
230615
230634
230650
230666
230692
230708
230797
230825
230865
230875
230877
230878
230909
230910
230914
230937
231015
231061
231103
231111
231130
231187
231193
231227
231251
231268
231276
231283
231307
231325
231342
231345
231346
231375
231454
231470
231482
231497
231499
231508
231522
231531
231532
231536
231612
231655
231666
231685
231694
231747
231768
231779
231815
231856
231906
231955
231978
231989
232027
232045
232065
232147
232157
232169
232185
232187
232191
232249
232251
232315
232373
232384
232435
232479
232488
232500
232516
232554
232566
232667
232697
232699
232703
232716
232719
232753
232805
232820
232869
232912
232934
232941
232946
232982
233056
233095
233115
233210
233221
233222
233254
233297
233347
233353
233384
233391
233455
233485
233524
233609
233637
233662
233695
233700
233724
233757
233876
233935
233955
233968
233978
234001
234012
234022
234028
234031
234092
234096
234108
234126
234128
234132
234159
234217
234222
234272
234288
234296
234323
234354
234362
234401
234423
234493
234539
234588
234596
234609
234688
234717
234769
234792
234793
234980
234984
235000
235056
235088
235102
235223
235231
235269
235305
235320
235341
235346
235369
235370
235391
235395
235412
235484
235540
235551
235561
235567
235577
235578
235594
235600
235602
235622
235639
235696
235708
235724
235740
235765
235768
235786
235802
235836
235900
235921
235928
235957
235980
236029
236032
236033
236049
236052
236160
236169
236181
236201
236211
236212
236213
236214
236217
236244
236261
236262
236269
236283
236288
236311
236319
236407
236441
236443
236448
236460
236461
236468
236470
236490
236540
236577
236580
236611
236629
236633
236652
236661
236666
236737
236747
236749
236752
236794
236811
236819
236823
236851
236861
236863
236870
236897
236906
236914
236938
236942
236982
236998
237028
237052
237055
237104
237160
237180
237181
237203
237211
237248
237257
237258
237272
237279
237299
237352
237370
237384
237385
237408
237437
237440
237597
237652
237662
237690
237694
237699
237807
237818
237827
237842
237843
237858
237880
237929
237959
237962
237973
237988
238010
238051
238091
238109
238127
238129
238209
238216
238237
238239
238317
238328
238370
238415
238417
238421
238431
238466
238488
238504
238565
238591
238605
238620
238637
238712
238716
238727
238741
238754
238773
238777
238795
238803
238823
238874
238928
239059
239146
239209
239218
239289
239374
239376
239380
239452
239477
239513
239542
239570
239582
239640
239682
239692
239693
239715
239750
239751
239759
239781
239782
239785
239790
239795
239805
239818
239836
239838
239870
239879
239958
240001
240052
240063
240087
240109
240158
240179
240225
240284
240353
240495
240498
240506
240527
240545
240555
240572
240592
240653
240712
240769
240809
240826
240886
240902
240919
240937
240994
241003
241008
241010
241037
241041
241066
241093
241146
241153
241276
241326
241339
241357
241392
241445
241456
241489
241519
241526
241528
241533
241545
241560
241581
241662
241711
241746
241748
241786
241804
241869
241935
241940
241946
241975
241979
242032
242036
242061
242087
242095
242106
242120
242121
242146
242179
242242
242266
242270
242288
242391
242397
242410
242423
242438
242508
242522
242524
242544
242549
242553
242577
242581
242597
242611
242618
242621
242635
242637
242683
242698
242739
242746
242755
242784
242792
242819
242837
242842
242911
242916
242931
242978
243045
243058
243073
243077
243106
243114
243116
243129
243133
243139
243177
243179
243189
243195
243218
243222
243235
243237
243239
243240
243245
243254
243255
243257
243279
243310
243360
243361
243390
243397
243416
243450
243461
243505
243528
243567
243576
243637
243649
243676
243715
243755
243776
243793
243842
243850
243875
243891
243900
243910
243911
243931
243964
243985
243995
244043
244064
244111
244147
244173
244185
244199
244205
244206
244229
244244
244249
244260
244273
244306
244345
244467
244475
244478
244512
244521
244537
244585
244602
244704
244710
244752
244779
244784
244863
244875
244915
244918
245000
245001
245006
245033
245064
245078
245081
245111
245114
245184
245203
245216
245223
245236
245246
245249
245324
245329
245395
245401
245447
245520
245644
245665
245687
245714
245728
245746
245760
245794
245841
245846
245898
245921
245925
245962
245966
246051
246054
246079
246083
246087
246122
246134
246152
246234
246241
246254
246286
246298
246342
246368
246372
246409
246411
246418
246419
246433
246470
246600
246631
246682
246727
246733
246787
246812
246829
246836
246901
246912
246925
246943
246946
246955
246980
246981
246987
247021
247040
247050
247119
247191
247216
247218
247234
247244
247254
247350
247442
247460
247474
247521
247531
247550
247559
247575
247614
247618
247664
247687
247717
247732
247759
247769
247781
247815
247840
247845
247876
247883
247939
247962
247966
247986
248006
248059
248103
248186
248239
248252
248254
248284
248311
248317
248324
248330
248366
248390
248404
248406
248458
248481
248486
248488
248556
248588
248621
248651
248679
248723
248727
248770
248779
248795
248828
248862
248891
248895
248899
248921
248975
248985
249037
249078
249123
249167
249277
249285
249293
249455
249459
249510
249538
249550
249552
249583
249603
249622
249665
249668
249672
249674
249713
249732
249734
249738
249757
249774
249798
249813
249843
249858
249895
249944
249953
249956
249979
249981
249987
250013
250046
250061
250062
250063
250090
250091
250112
250136
250161
250198
250202
250255
250261
250303
250313
250352
250397
250402
250478
250510
250522
250549
250585
250612
250615
250625
250628
250646
250661
250662
250695
250729
250740
250762
250767
250772
250788
250810
250815
250847
250859
250863
250876
250878
250891
251097
251098
251099
251102
251107
251109
251111
251121
251156
251228
251235
251239
251279
251296
251316
251323
251380
251446
251475
251531
251570
251571
251579
251593
251606
251615
251629
251638
251649
251663
251669
251703
251741
251745
251803
251814
251821
251828
251889
252000
252012
252023
252040
252044
252081
252203
252204
252215
252254
252287
252332
252344
252351
252384
252395
252397
252421
252429
252437
252443
252492
252550
252574
252605
252664
252685
252692
252708
252720
252748
252752
252753
252760
252806
252811
252823
252834
252872
252886
252984
253009
253044
253087
253106
253118
253125
253126
253136
253148
253166
253172
253194
253215
253285
253300
253313
253344
253379
253396
253401
253417
253422
253456
253481
253534
253594
253611
253620
253639
253643
253711
253736
253757
253797
253815
253834
253864
253875
253917
253953
253990
254010
254048
254057
254061
254070
254085
254145
254150
254155
254165
254177
254230
254241
254269
254285
254293
254312
254318
254357
254374
254442
254443
254461
254483
254485
254529
254550
254579
254583
254650
254662
254666
254677
254706
254708
254724
254765
254802
254818
254835
254865
254887
254889
254960
254975
255003
255064
255088
255110
255124
255129
255151
255176
255194
255248
255265
255273
255282
255334
255342
255349
255350
255352
255366
255398
255400
255419
255433
255468
255502
255508
255542
255655
255703
255724
255735
255746
255779
255868
255878
255895
255899
255917
255939
255953
255956
255996
256019
256026
256033
256042
256052
256062
256118
256140
256186
256220
256225
256226
256237
256240
256256
256291
256308
256313
256315
256328
256336
256355
256358
256361
256362
256363
256365
256379
256388
256451
256458
256467
256491
256537
256543
256566
256643
256657
256671
256717
256729
256741
256755
256801
256808
256823
256839
256850
256860
256862
256871
257056
257072
257092
257141
257147
257173
257203
257228
257262
257297
257311
257359
257373
257377
257421
257435
257447
257468
257490
257509
257527
257532
257560
257595
257603
257617
257629
257647
257668
257677
257679
257686
257692
257707
257724
257732
257744
257792
257850
257852
257900
257924
257950
257980
258029
258049
258054
258096
258100
258112
258150
258161
258167
258173
258196
258244
258277
258305
258314
258319
258325
258330
258335
258355
258368
258391
258452
258453
258468
258491
258504
258545
258562
258563
258575
258612
258615
258695
258711
258721
258746
258812
258813
258836
258871
258876
258890
258893
258896
258912
258926
258936
258948
258954
259075
259084
259100
259150
259175
259180
259183
259193
259244
259248
259269
259274
259297
259318
259333
259365
259373
259394
259420
259422
259423
259429
259430
259451
259472
259507
259539
259581
259594
259611
259657
259658
259660
259714
259715
259749
259756
259764
259811
259823
259825
259833
259836
259855
259858
259889
259907
259943
259972
259975
260060
260118
260178
260190
260203
260212
260245
260257
260273
260274
260327
260331
260350
260370
260377
260406
260417
260419
260443
260449
260476
260555
260567
260571
260574
260589
260679
260714
260734
260740
260773
260802
260826
260882
260889
260917
261002
261004
261107
261123
261149
261160
261175
261184
261197
261206
261259
261274
261279
261361
261366
261416
261424
261480
261499
261527
261546
261601
261679
261697
261768
261788
261797
261834
261836
261843
261856
261874
261933
261958
262003
262012
262019
262023
262026
262029
262036
262054
262056
262061
262118
262185
262232
262265
262275
262287
262293
262345
262377
262385
262386
262396
262408
262418
262449
262483
262489
262514
262557
262588
262635
262673
262686
262695
262700
262743
262762
262804
262829
262853
262854
262883
262975
263012
263033
263046
263061
263080
263110
263121
263130
263133
263137
263202
263252
263261
263283
263290
263307
263346
263353
263360
263363
263381
263390
263394
263426
263435
263476
263496
263502
263508
263517
263518
263583
263585
263601
263612
263651
263666
263701
263728
263766
263786
263829
263855
263859
263866
263906
263919
263926
263979
263986
263989
263995
263997
264018
264067
264072
264094
264102
264137
264175
264176
264204
264205
264221
264227
264244
264255
264257
264262
264265
264270
264277
264279
264308
264312
264314
264366
264379
264409
264411
264425
264427
264458
264476
264498
264520
264526
264555
264562
264564
264571
264604
264613
264614
264627
264634
264639
264648
264651
264664
264714
264762
264763
264800
264823
264861
264913
264938
264942
264944
264953
264956
264957
264976
264980
265019
265041
265055
265076
265085
265105
265108
265180
265194
265242
265243
265264
265298
265305
265337
265341
265347
265350
265353
265358
265363
265364
265373
265374
265410
265418
265419
265545
265569
265581
265584
265626
265650
265673
265708
265723
265761
265779
265793
265830
265883
265900
265902
265903
265907
265922
265967
265969
265995
266021
266038
266083
266089
266136
266141
266146
266156
266184
266199
266231
266238
266304
266327
266376
266438
266456
266461
266509
266583
266669
266677
266690
266696
266720
266729
266734
266741
266742
266749
266806
266862
266896
266930
266939
266980
266983
266984
267055
267076
267089
267090
267110
267111
267113
267144
267160
267225
267285
267310
267344
267382
267385
267389
267404
267406
267475
267501
267510
267523
267586
267594
267618
267686
267721
267772
267791
267803
267817
267832
267838
267843
267844
267852
267992
268016
268018
268096
268136
268147
268197
268202
268245
268251
268275
268279
268286
268295
268315
268338
268352
268394
268441
268443
268470
268503
268506
268518
268541
268628
268639
268685
268692
268714
268719
268740
268746
268757
268770
268786
268802
268835
268877
268880
268886
268909
268932
268946
268994
268999
269012
269048
269051
269078
269142
269154
269168
269192
269215
269276
269285
269389
269393
269400
269409
269420
269430
269440
269460
269494
269527
269533
269534
269559
269561
269607
269611
269618
269627
269633
269659
269661
269665
269690
269709
269733
269739
269750
269862
269886
269889
269952
270029
270073
270080
270118
270132
270134
270186
270245
270276
270320
270324
270331
270333
270391
270397
270406
270414
270422
270431
270529
270544
270553
270574
270604
270618
270627
270659
270677
270770
270847
270884
270909
270921
270927
270954
270959
270987
270996
271007
271049
271149
271192
271205
271213
271229
271234
271268
271299
271328
271342
271354
271370
271382
271384
271405
271455
271461
271467
271476
271492
271555
271560
271586
271589
271599
271613
271664
271666
271678
271688
271705
271742
271797
271798
271815
271853
271857
271881
271891
271893
271911
271933
271939
271978
272008
272012
272018
272024
272054
272068
272094
272138
272171
272175
272211
272213
272256
272310
272353
272381
272389
272423
272425
272428
272468
272508
272511
272513
272514
272525
272538
272575
272591
272650
272655
272659
272704
272727
272741
272758
272759
272798
272802
272811
272813
272820
272826
272829
272845
272848
272853
272878
272896
272901
272906
272916
272920
272934
272966
273006
273019
273039
273075
273093
273113
273115
273150
273201
273204
273219
273245
273253
273258
273259
273287
273324
273361
273391
273410
273415
273420
273442
273494
273526
273594
273603
273622
273637
273663
273664
273686
273696
273711
273744
273785
273786
273852
273859
273875
273886
273966
273972
274088
274113
274132
274149
274168
274203
274224
274240
274242
274249
274293
274325
274379
274391
274396
274409
274426
274447
274487
274493
274523
274579
274588
274603
274626
274667
274673
274681
274685
274688
274712
274721
274753
274800
274833
274885
274928
274944
274948
274951
274967
275007
275028
275031
275042
275061
275087
275115
275133
275141
275174
275208
275215
275240
275245
275259
275263
275272
275276
275290
275323
275340
275342
275352
275433
275447
275453
275461
275470
275509
275518
275608
275609
275695
275700
275740
275746
275755
275775
275789
275882
275883
275885
275912
275942
275943
276047
276061
276094
276099
276122
276141
276190
276192
276195
276197
276202
276206
276231
276240
276324
276353
276391
276400
276463
276501
276502
276527
276530
276554
276568
276577
276603
276607
276639
276695
276705
276738
276739
276757
276763
276768
276769
276771
276795
276894
276933
276984
277036
277070
277078
277097
277116
277136
277151
277199
277210
277224
277237
277243
277249
277251
277267
277272
277277
277283
277284
277304
277346
277360
277369
277374
277396
277398
277420
277422
277466
277478
277490
277543
277554
277571
277607
277655
277658
277670
277709
277733
277740
277833
277857
277926
277942
277949
277952
277953
277957
277987
278009
278013
278035
278055
278060
278091
278138
278154
278157
278164
278170
278183
278208
278253
278269
278309
278343
278403
278409
278410
278412
278416
278419
278421
278451
278493
278508
278509
278522
278534
278546
278550
278602
278621
278632
