79
302
308
321
459
491
569
625
774
782
812
886
900
926
954
988
1017
1086
1111
1156
1185
1189
1192
1239
1319
1370
1416
1423
1472
1500
1529
1575
1635
1648
1728
1771
1828
1865
1886
1929
2010
2060
2081
2136
2176
2231
2235
2336
2417
2429
2458
2620
2889
2987
3057
3112
3118
3158
3180
3299
3304
3407
3419
3469
3504
3614
3643
3646
3848
3994
4013
4039
4044
4066
4112
4184
4189
4210
4221
4411
4526
4535
4600
4945
5015
5223
5254
5314
5402
5428
5525
5641
5659
5706
5743
5789
5908
5969
6197
6248
6316
6400
6456
6537
6607
6625
6663
6980
7180
7215
7455
7483
7487
7570
7816
7910
8355
8365
8409
8442
8464
8551
8581
8660
8687
8774
8787
8807
8925
8935
8941
9002
9061
9155
9229
9255
9357
9364
9522
9535
9590
9654
9721
9752
9794
9809
9883
9901
9955
10188
10201
10302
10308
10362
10444
10471
10616
10672
10682
10703
10723
10883
10899
10941
10977
10978
10994
11052
11066
11200
11396
11475
11476
11501
11536
11689
11947
12007
12018
12047
12053
12106
12156
12161
12295
12320
12327
12361
12478
12556
12601
12609
12734
12748
12772
12774
12825
12868
12924
12931
12950
13043
13141
13291
13458
13508
13577
13686
13694
13741
13870
13871
13903
13921
13947
13949
14019
14196
14231
14367
14381
14463
14531
14575
14632
14682
14911
15025
15055
15062
15140
15240
15248
15267
15283
15288
15293
15443
15460
15585
15645
15671
15697
15737
15742
15764
16166
16241
16306
16369
16383
16507
16561
16585
16600
16636
16854
16900
17024
17187
17369
17443
17468
17476
17533
17627
17911
17917
18040
18072
18081
18128
18216
18312
18336
18446
18596
18619
18765
18801
18848
18869
19004
19233
19236
19424
19428
19572
19687
19714
19802
19809
19998
20061
20081
20088
20113
20131
20238
20333
20415
20542
20578
20692
20700
20755
20775
20781
20820
20824
21085
21096
21117
21317
21410
21411
21449
21477
21609
21648
21664
21672
21675
21812
21828
21975
22048
22131
22173
22194
22255
22270
22287
22326
22330
22333
22410
22683
22747
22793
22802
22807
22966
22977
23240
23356
23456
23486
23682
23724
23734
23749
23841
23952
23956
23979
23993
24020
24059
24064
24161
24280
24382
24420
24462
24499
24512
24653
24679
24730
24736
24788
24803
24822
24854
24958
25000
25004
25214
25215
25241
25401
25611
25671
25677
25718
25756
25868
25876
25890
25912
26129
26151
26193
26226
26276
26283
26483
26563
26672
26774
26879
26897
26976
27060
27061
27075
27101
27143
27145
27497
27561
27600
27644
27656
27688
27700
27703
27725
27745
27829
27925
28055
28104
28189
28192
28263
28320
28374
28382
28387
28393
28405
28457
28458
28490
28501
28523
28665
28676
28699
28881
29099
29120
29163
29175
29199
29279
29317
29498
29556
29566
29593
29639
29643
29724
29814
29875
29970
30124
30201
30205
30304
30308
30327
30340
30360
30594
30690
30811
30863
30919
31495
31504
31506
31518
31534
31692
31726
31729
31761
31767
31777
31917
32072
32073
32086
32092
32111
32157
32296
32328
32361
32377
32386
32486
32513
32525
32530
32550
32659
32859
33023
33160
33241
33278
33284
33289
33490
33559
33560
33649
33656
33770
33820
33831
34011
34015
34020
34193
34244
34319
34355
34458
34591
34770
34791
34846
34882
34905
34928
34983
35000
35012
35016
35160
35312
35340
35490
35598
35769
35909
35943
36083
36092
36100
36132
36161
36255
36263
36312
36316
36765
36885
36971
36998
37072
37186
37191
37197
37240
37253
37399
37453
37460
37486
37594
37754
37802
37898
37906
37935
37959
37968
37977
37999
38016
38026
38029
38153
38172
38204
38330
38425
38434
38442
38472
38473
38504
38606
38669
38673
38722
38773
39112
39179
39183
39187
39223
39259
39311
39331
39432
39450
39461
39463
39478
39486
39490
39552
39583
39611
39781
39823
39831
39878
40054
40068
40076
40148
40182
40219
40240
40294
40303
40374
40415
40521
40550
40561
40646
40688
40773
40898
41084
41146
41227
41234
41634
41639
41669
41726
41884
41895
41972
42032
42233
42431
42443
42538
42610
42657
42765
42834
42901
42930
43115
43225
43249
43462
43482
43632
43645
43708
43710
43711
43741
43767
43811
43836
43895
43979
44081
44145
44181
44222
44359
44378
44529
44562
44611
44644
44654
44714
44715
44768
44849
44853
44892
44915
44958
44986
45032
45069
45070
45233
45315
45346
45413
45444
45445
45455
45466
45549
45673
45721
45723
45733
45741
45745
45795
45804
45889
45917
46112
46113
46199
46282
46314
46332
46423
46430
46621
46658
46671
46683
46833
46868
46874
47075
47081
47177
47453
47473
47496
47503
47536
47620
47667
47721
47735
47793
47804
47839
47932
48057
48097
48117
48173
48234
48374
48518
48546
48551
48633
48643
48654
48663
48738
48824
48955
48969
49013
49037
49049
49058
49097
49125
49138
49139
49171
49221
49272
49289
49406
49525
49590
49722
49846
49937
49970
50024
50084
50323
50398
50443
50477
50505
50596
50631
50718
50725
50745
50821
50829
50857
51062
51124
51145
51174
51410
51432
51548
51619
51676
51796
51800
51859
51949
52011
52013
52256
52295
52419
52422
52431
52479
52553
52616
52639
52755
52834
52953
53007
53066
53112
53129
53199
53279
53291
53304
53720
53751
53858
53923
53946
54105
54202
54280
54304
54401
54519
54536
54542
54545
54629
54637
54657
54773
54903
54995
55010
55044
55055
55064
55068
55072
55123
55172
55199
55238
55412
55436
55467
55548
55594
55846
55925
56051
56082
56146
56149
56189
56388
56408
56415
56537
56548
56613
56631
56638
56647
56688
56906
57051
57075
57123
57249
57340
57358
57380
57416
57422
57439
57506
57530
57531
57623
57752
57765
57857
57913
57917
58027
58044
58069
58170
58199
58264
58344
58436
58713
58768
58841
58909
58947
59095
59456
59545
59624
59669
59670
59755
59787
59813
59864
59910
59934
59988
59993
60082
60121
60144
60153
60509
60523
60602
60674
60704
60710
60767
60779
60788
60864
60935
61042
61112
61115
61195
61205
61222
61225
61301
61327
61364
61461
61498
61623
61777
61920
61983
62081
62147
62153
62243
62446
62504
62533
62541
62554
62567
62590
62611
62695
62770
62775
62813
62825
62828
62859
62892
62972
62978
63108
63120
63226
63250
63288
63300
63373
63662
63693
63695
63771
63893
63929
64069
64106
64191
64433
64479
64484
64491
64586
64606
64639
64647
64659
64732
64733
64912
64966
64969
65014
65219
65247
65468
65473
65477
65523
65675
65870
66034
66052
66061
66094
66137
66175
66285
66353
66380
66409
66432
66444
66453
66478
66532
66542
66651
66687
66700
66711
66915
67109
67110
67158
67164
67217
67233
67237
67308
67437
67447
67472
67491
67572
67581
67666
67835
67838
67871
67929
67940
67998
68029
68043
68060
68132
68291
68392
68497
68507
68632
68700
68719
68736
68780
68799
68876
68877
68890
68985
69035
69102
69379
69410
69411
69418
69470
69520
69587
69652
69663
69732
69762
69807
69816
69848
69949
69959
69971
70005
70007
70085
70101
70169
70175
70239
70312
70354
70432
70496
70666
70720
70725
70745
70792
70884
70927
70994
71015
71073
71085
71476
71532
71548
71606
71902
71911
71951
72097
72115
72179
72229
72282
72299
72334
72467
72540
72609
72655
72661
72748
72770
72925
73007
73060
73117
73145
73182
73214
73219
73237
73272
73300
73314
73382
73428
73496
73754
74002
74012
74015
74105
74121
74124
74347
74388
74411
74422
74428
74467
74544
74568
74591
74596
74672
74700
74780
75219
75309
75384
75402
75456
75485
75518
75521
75523
75552
75555
75637
75892
75935
76002
76137
76302
76431
76486
76500
76663
76828
76889
77016
77031
77108
77109
77110
77150
77186
77187
77192
77197
77343
77353
77423
77430
77439
77493
77785
77808
77888
77953
78013
78016
78120
78136
78270
78503
78538
78548
78552
78653
78805
78835
78838
79005
79065
79084
79420
79448
79501
79578
79631
79728
79746
79759
79760
79845
79933
79989
80022
80160
80190
80252
80264
80443
80447
80451
80458
80484
80596
80605
80762
80768
80782
80955
80966
81000
81006
81013
81030
81054
81125
81139
81408
81482
81495
81675
81686
81910
81928
82033
82144
82215
82258
82263
82301
82303
82318
82444
82472
82499
82552
82918
82934
82948
83149
83234
83246
83301
83316
83407
83517
83590
83614
83627
83643
83673
83766
83811
83831
83893
83947
83961
84048
84145
84211
84214
84261
84290
84380
84491
84501
84587
84633
84795
84826
84863
84994
85005
85013
85146
85168
85201
85212
85241
85355
85361
85491
85495
85586
85605
85611
85614
85664
85813
85959
86051
86131
86144
86220
86517
86573
86654
86692
86697
86701
86702
86763
86836
86937
87012
87023
87042
87083
87096
87106
87151
87177
87671
87716
87730
87735
87758
87902
87905
87935
88033
88052
88056
88228
88239
88260
88298
88303
88451
88515
88723
88749
88885
88886
88947
89004
89105
89201
89302
89331
89340
89427
89442
89640
89662
89719
89906
90119
90143
90173
90261
90465
90735
90761
90822
90908
90957
91032
91121
91275
91290
91323
91356
91369
91422
91507
91565
91606
91872
92070
92111
92120
92381
92382
92473
92501
92595
92649
92763
93016
93168
93169
93214
93280
93412
93419
93438
93512
93537
93655
93707
93762
93764
93861
93869
93882
94039
94080
94140
94212
94228
94324
94415
94481
94573
94748
94751
94823
94862
94878
94885
94909
95006
95049
95058
95069
95128
95138
95276
95321
95370
95529
95531
95566
95656
95786
95811
95812
95880
95937
96255
96256
96353
96371
96407
96461
96517
96657
96725
96732
96750
96814
96876
97003
97050
97062
97075
97088
97182
97197
97207
97265
97499
97518
97595
97611
97629
97647
97650
97672
97700
97716
97961
98031
98078
98126
98147
98291
98329
98359
98369
98375
98612
98628
98734
98833
98889
98929
98960
99113
99131
99210
99224
99232
99263
99271
99308
99353
99369
99455
99516
99532
99540
99648
99683
99708
99784
99882
99886
100073
100125
100191
100233
100259
100288
100525
100544
100579
100658
100852
100861
100914
100938
100987
101014
101147
101281
101332
101344
101388
101486
101559
101605
101685
101789
101828
101849
101942
101992
102001
102038
102053
102084
102225
102385
102463
102480
102526
102680
102688
102861
102965
103003
103133
103189
103222
103248
103282
103362
103435
103470
103517
103561
103571
103628
103688
103871
104118
104142
104154
104184
104210
104260
104307
104327
104331
104350
104373
104483
104510
104523
104597
104710
104786
104924
104933
104973
104978
105163
105230
105316
105354
105394
105404
105456
105608
105616
105623
105785
105882
105968
106018
106245
106286
106426
106453
106496
106503
106540
106817
106896
107012
107032
107122
107217
107269
107401
107556
107567
107651
107695
107699
107765
107863
107869
107877
107946
108100
108143
108156
108383
108481
108637
108664
108678
108694
108888
109004
109027
109048
109070
109333
109399
109441
109468
109471
109476
109482
109531
109629
109750
109831
109850
109866
109902
110008
110278
110349
110358
110387
110408
110470
110473
110477
110526
110598
110939
111002
111018
111047
111079
111148
111159
111172
111211
111232
111244
111280
111437
111478
111515
111520
111522
111528
111537
111563
111586
111602
111654
111657
111697
111717
111794
111906
111908
111910
111987
111996
112078
112079
112125
112164
112183
112213
112468
112662
112724
112805
112842
112866
112910
112996
113055
113079
113336
113383
113611
113620
113718
113720
113730
113751
113813
113830
113915
113928
113934
113950
113965
113970
114110
114199
114259
114336
114484
114526
114542
114551
114563
114566
114591
114639
114683
114756
114760
114802
114983
115062
115191
115195
115262
115268
115291
115384
115388
115443
115507
115534
115541
116132
116184
116187
116221
116261
116329
116333
116399
116464
116593
116625
116634
116692
116695
116754
116777
116913
117043
117134
117168
117272
117353
117373
117398
117407
117449
117474
117534
117693
117900
117901
117981
117999
118059
118075
118083
118097
118154
118200
118240
118570
118783
118803
118851
118869
119032
119033
119080
119100
119108
119281
119402
119444
119569
119579
119596
119668
119792
119836
119902
119906
120052
120115
120236
120248
120311
120313
120369
120532
120544
120545
120559
120591
120855
120912
120949
120961
121026
121058
121087
121093
121259
121302
121423
121658
121802
121814
121866
121882
121904
121905
121944
121960
122044
122124
122208
122228
122282
122290
122301
122398
122399
122590
122676
122724
122895
122932
122973
123081
123232
123260
123424
123610
123681
123709
123734
123792
123845
123867
124114
124173
124183
124204
124222
124325
124436
124450
124744
124752
124849
124958
124965
124980
125094
125109
125160
125178
125237
125318
125403
125439
125481
125573
125602
125616
125739
125817
125827
125950
125970
126139
126172
126246
126255
126271
126280
126282
126325
126331
126511
126611
126636
126649
126737
126778
126867
126872
126899
126916
126922
126981
127015
127038
127094
127176
127241
127250
127255
127332
127338
127370
127469
127471
127593
127637
127769
127800
127818
127829
127967
127994
128011
128201
128263
128270
128466
128486
128534
128562
128563
128591
128690
128829
128942
129027
129039
129064
129106
129107
129220
129387
129391
129425
129430
129445
129535
129569
129577
129629
129673
129838
129910
130042
130286
130296
130418
130575
130580
130605
130734
130888
131021
131134
131169
131261
131452
131457
131619
131902
131920
131931
132081
132097
132104
132114
132205
132295
132314
132786
132896
133003
133139
133158
133165
133173
133202
133208
133256
133352
133370
133383
133453
133455
133467
133520
133545
133555
133614
133618
133792
133937
133952
134054
134125
134200
134233
134283
134407
134493
134546
134581
134621
134784
134798
134858
134899
134968
134982
134989
135005
135028
135076
135234
135268
135459
135482
135491
135512
135591
135650
135663
135671
135694
135763
135768
135781
135808
135930
135991
136009
136087
136141
136144
136205
136209
136222
136271
136351
136389
136411
136444
136462
136473
136515
136609
136766
136790
136799
136925
136946
136950
137052
137056
137071
137091
137154
137170
137177
137268
137269
137299
137304
137309
137322
137375
137387
137433
137436
137461
137486
137512
137543
137553
137579
137582
137588
137597
137603
137619
137647
137692
137722
137730
137764
137769
137781
137789
138004
138027
138139
138157
138191
138378
138434
138453
138515
138533
138603
138835
138869
138875
138891
138906
139036
139157
139164
139189
139231
139306
139351
139470
139507
139514
139679
139756
139806
139838
140141
140158
140161
140212
140232
140320
140325
140354
140384
140442
140463
140722
140810
140843
140866
140876
140900
140989
141051
141077
141086
141100
141178
141179
141235
141309
141410
141482
141571
141579
141676
141704
141812
141889
141895
141927
141955
141957
141973
142068
142070
142100
142112
142125
142404
142510
142596
142621
142640
142666
142802
142817
142845
142846
142853
142904
142937
142992
143064
143112
143143
143247
143253
143440
143578
143593
143690
143714
143765
143969
144044
144074
144077
144141
144325
144388
144442
144448
144509
144667
144688
144705
144706
144724
144783
144801
144870
145095
145097
145147
145170
145180
145196
145198
145228
145425
145493
145582
145678
145712
145736
145739
145815
145852
145928
145947
145970
145998
146005
146041
146066
146120
146195
146207
146208
146210
146281
146404
146546
146574
146707
146762
146801
146861
146881
146892
146894
146900
146905
146913
146966
147061
147157
147190
147212
147395
147491
147492
147570
147592
147601
147656
147742
147757
147787
147813
147845
147969
148052
148142
148196
148241
148272
148393
148425
148433
148445
148508
148558
148560
148603
148609
148663
148670
148815
148879
148886
148921
148976
148979
148995
149025
149113
149137
149249
149290
149319
149337
149342
149386
149427
149472
149536
149743
149808
149843
149870
149913
149940
150010
150072
150092
150129
150138
150172
150312
150325
150328
150384
150622
150648
150744
150764
150830
151010
151045
151051
151088
151142
151143
151192
151242
151272
151276
151307
151314
151341
151363
151371
151465
151487
151497
151500
151515
151528
151590
151593
151605
151661
151721
151761
151800
151846
151847
151915
152025
152143
152242
152319
152356
152410
152572
152574
152584
152654
152680
152695
152722
152736
152740
152792
152920
152976
152980
153049
153083
153131
153217
153342
153433
153553
153608
153613
153630
153636
153643
153692
153699
153725
153730
153735
153846
153875
153894
153901
153915
153958
153986
154073
154244
154265
154308
154378
154418
154459
154520
154621
154659
154670
154729
154733
154873
154889
154916
154943
155034
155053
155156
155245
155284
155335
155423
155447
155471
155552
155571
155577
155602
155680
155778
155864
155948
155979
156014
156069
156071
156165
156395
156402
156403
156417
156432
156500
156553
156641
156689
156690
156762
156763
156802
156860
156982
157144
157225
157264
157300
157373
157390
157399
157430
157464
157472
157512
157519
157533
157546
157635
157679
157719
157863
157947
158017
158023
158053
158104
158113
158130
158154
158156
158158
158196
158231
158255
158382
158401
158410
158420
158509
158648
158696
158719
158788
158828
158893
158921
158928
158984
159014
159035
159043
159047
159100
159136
159148
159165
159222
159240
159342
159347
159418
159419
159450
159556
159602
159657
159712
159728
159729
159731
159803
159804
159874
160295
160501
160611
160625
160734
160891
161007
161032
161119
161168
161213
161270
161321
161351
161357
161359
161381
161405
161469
161472
161491
161566
161608
161652
161664
161734
161741
161861
161917
162027
162061
162075
162089
162314
162385
162426
162429
162438
162465
162498
162554
162574
162629
162742
162747
162763
162792
162828
162850
162873
163010
163016
163055
163105
163231
163325
163332
163360
163408
163507
163546
163569
163758
163845
163892
163898
163953
163973
164017
164040
164115
164140
164148
164305
164416
164419
164509
164539
164576
164660
164661
164675
164705
164711
164761
164874
164882
164959
165125
165257
165264
165290
165389
165417
165502
165515
165550
165609
165632
165701
165860
165929
165946
165974
166025
166102
166113
166145
166182
166208
166210
166272
166273
166323
166347
166374
166397
166421
166423
166430
166483
166497
166546
166559
166586
166600
166601
166644
166697
166789
166915
166945
166949
166983
167094
167095
167648
167694
167742
167748
167754
167774
167850
167873
167924
167944
168020
168069
168237
168279
168285
168342
168353
168488
168522
168613
168742
168827
168919
168963
169003
169102
169253
169288
169321
169336
169349
169376
169399
169436
169438
169580
169581
169615
169754
169795
169824
169864
169890
169914
170015
170060
170129
170173
170232
170267
170297
170403
170426
170501
170586
170737
170744
170757
170803
170874
170966
171117
171132
171138
171143
171182
171248
171280
171288
171300
171320
171360
171364
171516
171567
171620
171665
171739
171759
171790
171880
172099
172168
172189
172204
172493
172585
172742
172766
172796
172824
172863
172915
172953
173010
173041
173142
173191
173235
173358
173516
173521
173534
173554
173584
173673
173694
173738
173791
173812
173826
173848
173858
173896
173910
174009
174058
174103
174116
174129
174265
174351
174534
174684
174699
174731
174791
174877
174912
174921
174982
175009
175094
175109
175142
175143
175168
175200
175222
175284
175296
175353
175478
175533
175580
175645
175651
175704
175803
176004
176032
176033
176058
176364
176383
176439
176441
176817
176944
176975
176988
177104
177209
177215
177286
177368
177381
177492
177555
177569
177635
177666
177701
177710
177735
177890
177892
177904
177935
177937
178288
178334
178339
178383
178416
178474
178486
178504
178516
178517
178522
178618
178675
178746
178839
178868
178888
178950
179165
179223
179224
179228
179236
179291
179404
179415
179418
179533
179534
179537
179648
179680
179705
179728
179754
179768
179890
179977
180010
180191
180252
180447
180533
180550
180603
180608
180612
180718
180725
180758
180817
180846
180856
180857
180958
181043
181186
181223
181325
181347
181394
181463
181573
181576
181626
181632
181719
181747
181799
181825
181826
181903
181905
182002
182013
182035
182146
182181
182196
182209
182265
182300
182303
182324
182428
182494
182556
182557
182576
182595
182641
182745
182912
182914
182983
183013
183029
183112
183249
183312
183315
183416
183423
183428
183476
183503
183516
183587
183605
183628
183631
183663
183806
183973
184010
184016
184138
184235
184238
184333
184390
184479
184513
184520
184645
184686
184696
184726
184819
184843
184850
184879
184940
184963
185031
185150
185410
185444
185556
185607
185807
185866
185869
185894
185921
186032
186102
186113
186162
186193
186220
186238
186274
186353
186364
186410
186634
186662
186693
186734
187143
187192
187198
187246
187291
187372
187441
187456
187558
187570
187589
187602
187695
187763
187893
188006
188026
188080
188148
188165
188181
188192
188228
188267
188452
188510
188518
188555
188558
188598
188602
188648
188664
188668
188781
188785
188790
188800
188880
188919
188982
189056
189078
189102
189154
189168
189221
189230
189271
189282
189296
189361
189457
189463
189481
189516
189543
189569
189616
189623
189625
189662
189756
189760
189995
190042
190082
190148
190149
190177
190206
190258
190312
190434
190446
190483
190513
190565
190605
190667
190692
190825
190995
191047
191053
191074
191079
191125
191146
191191
191211
191237
191254
191306
191362
191411
191467
191470
191746
191759
191920
191936
191939
191955
191982
192035
192128
192229
192256
192267
192295
192373
192378
192380
192431
192452
192478
192623
192736
192783
192801
192826
192883
193102
193128
193162
193333
193350
193412
193414
193459
193530
193668
193700
193741
193767
193809
193818
193944
194057
194063
194071
194121
194129
194130
194184
194287
194349
194379
194380
194397
194404
194429
194458
194461
194514
194524
194535
194538
194876
195035
195167
195182
195201
195217
195225
195267
195329
195363
195366
195380
195381
195410
195472
195482
195518
195565
195582
195655
195674
195711
195940
195966
196023
196040
196044
196060
196075
196095
196155
196192
196264
196269
196288
196296
196311
196325
196357
196371
196452
196464
196466
196492
196639
196819
196826
196888
196904
196940
196970
197014
197037
197038
197055
197107
197143
197196
197312
197364
197375
197393
197396
197471
197517
197522
197640
197666
197724
197766
197767
197797
197833
197862
197868
198018
198047
198058
198062
198119
198150
198215
198218
198219
198324
198338
198437
198445
198466
198478
198494
198503
198627
198851
198908
198979
198984
199053
199155
199235
199306
199501
199510
199658
199784
199837
200030
200038
200064
200094
200199
200219
200256
200309
200393
200592
200643
200655
200666
200689
200781
200799
200863
200875
200890
200950
200960
200978
200989
201027
201038
201176
201372
201446
201507
201511
201606
201775
201841
201853
201876
201931
201937
201955
201976
201994
202031
202036
202055
202142
202146
202154
202191
202200
202455
202531
202588
202631
202641
202749
202894
202965
202970
202976
202980
203055
203165
203169
203184
203211
203236
203241
203259
203355
203395
203398
203409
203458
203469
203477
203540
203599
203603
203839
203857
203866
203881
203904
203937
203957
203986
204048
204134
204254
204260
204275
204281
204324
204328
204357
204469
204591
204643
204688
204724
204751
204810
204903
205098
205110
205111
205147
205168
205181
205187
205250
205308
205397
205608
205689
205757
205943
205999
206020
206041
206129
206214
206239
206253
206850
206862
206863
206884
206934
207040
207094
207205
207209
207263
207321
207333
207349
207362
207403
207445
207664
207666
207686
207702
207704
207755
207875
207949
208002
208080
208089
208149
208279
208336
208400
208527
208600
208614
208615
208678
208736
208819
208870
208964
208999
209135
209142
209186
209194
209198
209351
209422
209450
209490
209544
209559
209592
209638
209735
209749
209809
209813
209844
210011
210013
210071
210106
210110
210135
210151
210180
210184
210350
210354
210384
210516
210618
210622
210719
210749
210797
210847
210910
210929
211012
211054
211066
211200
211272
211745
211752
211785
211884
211970
212054
212087
212132
212168
212195
212216
212290
212309
212317
212392
212468
212481
212577
212595
212643
212814
212862
213006
213024
213082
213097
213106
213107
213145
213196
213206
213361
213390
213426
213471
213478
213554
213613
213716
213772
213797
214233
214277
214433
214451
214467
214603
214664
214704
214751
214781
214795
214815
214912
215005
215075
215076
215174
215178
215197
215300
215318
215326
215406
215411
215522
215721
215804
215907
215922
215998
216093
216138
216256
216262
216353
216387
216412
216438
216442
216490
216523
216567
216605
216614
216705
216793
216826
216847
216932
216958
216967
216976
216997
217001
217036
217100
217236
217259
217358
217363
217382
217396
217403
217494
217533
217647
217756
217812
217992
217996
218004
218132
218282
218349
218361
218395
218419
218672
218706
218749
218757
218767
218862
218885
218927
219006
219021
219075
219104
219172
219211
219214
219241
219268
219318
219327
219359
219385
219416
219495
219572
219771
219786
219830
219847
219879
219951
220046
220118
220122
220135
220149
220226
220278
220415
220428
220455
220473
220479
220508
220547
220613
220648
220698
220749
220791
220847
220862
220878
220883
220921
220939
220954
220964
220969
220987
221019
221076
221092
221134
221137
221142
221161
221168
221174
221209
221216
221331
221333
221335
221362
221384
221395
221397
221425
221506
221553
221570
221585
221918
222005
222151
222160
222192
222229
222233
222273
222286
222288
222298
222406
222443
222446
222487
222703
222735
222781
222842
222857
222915
222956
223007
223091
223106
223141
223175
223228
223324
223351
223386
223433
223435
223604
223625
223631
223675
223754
223795
223822
223838
223843
223903
223929
223955
223990
224070
224129
224263
224281
224286
224302
224391
224403
224424
224450
224496
224747
224752
224759
224855
224893
224941
225060
225123
225289
225375
225403
225493
225566
225626
225759
225792
225820
225827
225914
225958
226458
226564
226579
226616
226735
226856
226878
226913
226996
227076
227082
227094
227177
227192
227241
227251
227380
227438
227475
227512
227531
227747
227813
227921
227986
227994
228033
228040
228055
228067
228219
228351
228397
228560
228572
228619
228623
228651
228741
228814
228865
228903
228992
229046
229108
229139
229165
229178
229236
229269
229279
229379
229435
229453
229554
229557
229560
229563
229590
229694
229710
229840
229853
229904
229911
229950
229980
229992
230019
230044
230101
230110
230239
230253
230260
230320
230373
230400
230415
230459
230513
230607
230615
230666
230797
230806
230875
230877
230910
230914
230937
231015
231061
231103
231130
231187
231227
231268
231342
231345
231346
231454
231508
231536
231655
231666
231747
231862
231906
231978
232012
232027
232065
232185
232315
232373
232384
232554
232697
232699
232703
232716
232719
232753
232820
232864
232912
232941
233115
233221
233222
233254
233384
233391
233524
233637
233695
233724
233881
233955
233968
234012
234028
234096
234126
234159
234217
234323
234362
234423
234539
234688
234775
234792
234793
234984
235005
235043
235102
235223
235231
235305
235320
235341
235391
235395
235578
235602
235649
235740
235765
235802
235836
235900
235921
236032
236181
236211
236214
236283
236288
236441
236443
236461
236629
236652
236666
236737
236749
236780
236811
236819
236861
236870
236906
236914
236938
236998
237104
237248
237250
237272
237279
237299
237370
237385
237440
237652
237699
237858
237959
238127
238209
238237
238239
238317
238328
238370
238415
238504
238605
238637
238727
238741
238754
238773
238803
238832
238926
239059
239209
239327
239334
239374
239380
239477
239542
239582
239588
239622
239692
239693
239715
239751
239824
240052
240087
240179
240225
240284
240297
240422
240443
240545
240555
240572
240712
240809
240810
240823
240919
240937
240985
241010
241041
241153
241321
241326
241357
241445
241481
241501
241519
241533
241581
241711
241748
241786
241804
241924
241946
242035
242047
242095
242242
242270
242288
242383
242397
242524
242549
242611
242635
242637
242683
242739
242755
242792
242837
242842
242931
243048
243058
243106
243114
243235
243239
243245
243279
243310
243416
243450
243637
243649
243715
243842
243850
243910
243931
243937
243995
244064
244111
244147
244173
244199
244229
244244
244249
244260
244445
244475
244501
244553
244591
244607
244814
244896
244915
244979
245000
245006
245078
245203
245236
245249
245329
245401
245665
245687
245728
245760
245794
245839
245841
245898
245921
245925
245962
245972
246079
246083
246093
246132
246286
246409
246411
246727
246812
246836
246960
246980
246987
247000
247040
247191
247218
247234
247250
247254
247350
247460
247521
247531
247550
247599
247687
247732
247769
247815
247846
247864
247876
247966
247986
248059
248103
248186
248252
248284
248311
248317
248324
248330
248404
248455
248458
248481
248486
248588
248727
248795
248895
248975
249245
249285
249455
249459
249603
249674
249798
249843
249858
249979
249987
250013
250046
250061
250063
250090
250112
250136
250198
250202
250255
250303
250402
250509
250510
250549
250585
250612
250646
250762
250767
250810
250878
251097
251099
251102
251109
251111
251121
251223
251269
251296
251446
251513
251570
251593
251606
251638
251803
251814
251879
251891
251939
252012
252023
252044
252081
252215
252254
252332
252344
252395
252400
252437
252550
252748
252760
252879
252928
253013
253118
253166
253215
253285
253300
253379
253384
253401
253417
253456
253594
253620
253639
253736
253757
253864
253953
254145
254150
254177
254230
254318
254461
254485
254558
254583
254662
254700
254706
254708
254772
254835
254865
254887
254889
254973
254975
255088
255110
255194
255248
255265
255334
255335
255366
255398
255433
255444
255557
255724
255735
255746
255779
255868
255895
255899
255904
255917
256023
256026
256033
256052
256118
256220
256225
256226
256291
256313
256315
256328
256355
256365
256458
256491
256543
256643
256671
256717
256741
256755
256801
256871
257092
257101
257141
257203
257297
257373
257509
257532
257585
257595
257603
257677
257679
257692
257696
257724
257732
257792
257852
257950
258029
258069
258096
258167
258173
258244
258271
258277
258305
258314
258452
258545
258562
258563
258711
258721
258746
258812
258876
258891
258893
258896
258898
258912
258926
258948
258954
259183
259244
259269
259297
259333
259373
259423
259429
259430
259472
259507
259581
259594
259676
259756
259823
259833
259855
259889
259924
259943
259972
260118
260273
260327
260372
260377
260443
260449
260567
260629
260734
260773
261118
261123
261141
261175
261199
261279
261361
261366
261480
261527
261546
261583
261788
261789
261834
261836
261843
261845
262019
262023
262040
262271
262275
262293
262345
262385
262408
262483
262514
262557
262673
262700
262743
262829
262853
262854
262883
262932
262975
263012
263033
263130
263252
263259
263346
263390
263394
263476
263496
263504
263508
263517
263556
263582
263583
263612
263622
263651
263701
263728
263776
263786
263829
263857
263866
263919
263926
263995
263997
264018
264067
264072
264102
264137
264185
264221
264227
264257
264270
264277
264411
264425
264427
264520
264526
264614
264648
264664
264857
264913
264944
264956
264976
264980
265029
265041
265076
265105
265252
265298
265337
265347
265353
265358
265363
265364
265373
265419
265626
265650
265673
265708
265723
265761
265793
265830
265883
265900
265903
265907
265922
265967
266021
266038
266083
266089
266136
266146
266162
266184
266231
266438
266583
266677
266734
266741
266742
266749
266862
266912
266939
267055
267083
267090
267111
267160
267225
267285
267294
267385
267389
267406
267475
267510
267523
267577
267586
267721
267772
267803
267817
267832
267843
267844
267852
267992
268016
268018
268136
268197
268202
268245
268279
268295
268352
268467
268470
268518
268541
268629
268685
268714
268740
268770
268877
268880
268891
268906
268946
268994
268999
269048
269108
269142
269154
269168
269215
269276
269341
269420
269460
269533
269534
269607
269618
269633
269661
269665
269733
269750
269886
269914
270029
270142
270245
270276
270320
270324
270331
270333
270391
270414
270470
270529
270553
270574
270770
270987
270996
271007
271133
271149
271229
271234
271299
271328
271342
271364
271370
271382
271405
271455
271461
271465
271476
271555
271560
271599
271664
271666
271688
271742
271798
271815
271881
271891
271933
271939
272008
272012
272018
272024
272054
272068
272094
272213
272344
272353
272381
272513
272514
272611
272650
272655
272741
272785
272811
272813
272822
272845
272848
273019
273039
273201
273204
273219
273245
273253
273259
273287
273415
273420
273494
273594
273637
273686
273711
273779
273785
273786
273852
274113
274149
274203
274224
274242
274249
274293
274391
274396
274447
274487
274603
274667
274685
274721
274753
274948
274997
275007
275028
275087
275124
275208
275250
275259
275263
275340
275433
275447
275453
275461
275470
275608
275695
275740
275746
275762
275775
275789
275882
275943
276047
276061
276094
276190
276192
276195
276197
276222
276240
276324
276501
276502
276530
276568
276607
276616
276757
276768
276771
276894
276933
276984
277051
277078
277097
277116
277136
277151
277199
277210
277224
277249
277267
277304
277346
277369
277398
277420
277422
277607
277655
277658
277709
277926
277957
277987
278035
278060
278099
278170
278183
278204
278253
278269
278283
278314
278326
278343
278403
278410
278421
278493
278508
278522
278534
278546
