70
106
174
304
362
718
795
850
935
939
1070
1110
1445
1684
1689
1762
1983
2006
2040
2157
2796
2890
3028
3064
3206
3215
3231
3240
3479
3506
3655
4019
4031
4068
4195
4289
4523
4573
4703
4807
5001
5061
5201
5498
5877
5926
5985
5990
6051
6552
6830
6882
6999
7278
7422
7524
7654
7865
7950
8005
8613
8790
9358
9394
10221
10450
10480
10507
10578
10601
10615
10700
10929
11314
11616
11665
11885
11886
12024
12445
12465
12491
12536
12760
12761
13037
13073
13298
13309
13402
13564
13566
13717
13929
14117
14176
14291
14366
14483
14742
14784
14876
15024
15113
15138
15156
15256
15352
15602
15728
15881
16295
16339
16443
16894
16949
17029
17125
17138
17310
17314
17386
17426
17600
17978
18122
18142
18522
18823
19031
19141
19308
19313
19912
20073
20364
20534
20574
20669
20783
20884
20903
21088
21113
21138
21321
21422
21561
21751
21855
21944
21980
22155
22684
22688
22997
23072
23188
23300
23369
23484
23791
23920
24103
24431
24484
24799
24828
24846
25087
25332
25694
26261
26297
26304
26522
26621
26717
26829
27019
27035
27240
27366
27387
27576
27590
27713
28158
28550
28627
28793
28952
29203
29222
29239
29288
29296
29372
29423
29588
29787
29971
30148
30601
30759
30799
30829
30933
30948
30994
31003
31019
31161
31189
31197
31259
31301
31386
31510
31594
31666
31690
31730
31823
32144
32427
32462
32772
32776
32832
32904
32958
33098
33137
33497
33612
33661
33663
33836
33838
34365
34387
34392
34454
34488
34552
34613
34752
34756
34761
35222
35302
35502
35591
35606
35635
35681
35732
36269
36386
36438
36560
36663
36672
37149
37241
37416
37440
37691
37760
37762
37781
37790
37908
37989
37991
38004
38007
38150
38367
38406
38571
38823
38911
39174
39245
39501
39949
39962
39987
40598
40599
40630
40713
40784
40801
41092
41320
41479
41485
41612
41773
41979
42359
42603
42825
43012
43094
43160
43165
43197
43259
43294
43334
43502
43646
43838
43964
44042
44245
44292
44354
44524
44526
44614
44696
45026
45034
45074
45165
45333
45352
45363
45550
45678
45730
45735
45840
46203
46290
46597
46603
46626
47026
47053
47093
47174
47443
47862
47876
48044
48131
48140
48313
48327
48467
48609
48891
48980
48983
48988
49024
49117
49120
49608
49668
49713
50910
50944
51057
51090
51399
51455
51471
51708
51858
52052
52053
52194
52196
52413
52450
53058
53136
53324
53377
53818
54111
54113
54435
54594
54597
54701
54739
54963
54997
55071
55097
55721
56088
56157
56455
56741
56751
56884
57024
57162
57237
57445
57503
57532
57606
57680
57694
57743
57976
58117
58162
58167
58253
58391
58426
58460
58580
59014
59187
59315
59372
59499
60072
60142
60362
60488
60906
61641
61828
61863
61917
61996
62204
62317
62390
62420
62572
62593
62694
62738
62768
62838
63186
63779
64016
64018
64175
64692
64939
65160
65268
65801
65845
66011
66333
66456
66530
66928
67273
67350
67372
67582
67649
67758
67977
68078
68110
68118
68215
68242
68742
68771
68921
68967
68987
69039
69096
69297
69342
69369
69588
69955
70236
70274
70538
70641
70654
70673
70731
70789
70952
71000
71226
71273
71448
71566
71768
72316
72421
72487
72552
72639
72730
72764
73225
73236
73546
73639
73660
73846
73862
74413
74545
74671
75626
75843
75913
76055
76068
76132
76562
76728
76811
76824
77120
77326
77409
77441
77616
77689
77697
77771
77772
77845
78075
78287
78322
78389
78414
78452
78594
78665
78726
79033
79224
79429
79491
79573
79579
79669
79921
80050
80348
80531
80592
80644
80646
80887
80900
80905
80927
81172
81262
81729
81819
82161
82290
82360
83095
83166
83498
83666
84154
84156
84219
84378
84945
85204
85492
85494
85500
85806
85892
86057
86397
86418
86476
86567
86570
86594
86875
86968
87024
87292
87439
87615
87807
88212
88213
88226
88237
88313
88350
88429
88443
88638
88681
88899
88976
89108
89184
89221
89235
89313
89339
89443
89572
89601
89991
90138
90175
90178
90274
90391
90764
90844
90979
91029
91048
91281
91285
91346
91423
91440
91479
91533
91556
92330
92467
92509
93030
93140
93250
93283
93327
93427
93613
93628
93922
94041
94070
94224
94268
94423
94539
94674
94947
95282
95421
95478
95480
95576
96131
96153
96506
96509
96749
96815
96821
96983
97027
97131
97263
97773
97795
98075
98088
98265
98388
98423
98592
98615
98626
98762
99012
99069
99135
99207
99237
99476
99501
99695
99959
99984
99993
100527
100553
100697
100698
100707
100753
100864
100989
101195
101232
101749
101885
102043
102370
102721
102755
102761
102856
102888
102925
102994
103057
103082
103223
103349
103430
103441
103593
103606
103615
103754
103905
103926
103972
104144
104209
104231
104411
104436
104607
104735
104767
104818
104938
105005
105079
105131
105362
105393
105580
105670
105732
105750
105774
105816
105837
105931
106027
106095
106098
106188
106211
106504
106635
106685
106703
106814
106843
106869
106870
107005
107031
107050
107125
107138
107545
107710
107755
107758
108190
108285
108341
108342
108362
108431
108563
108667
108679
108708
108724
108725
108765
108783
108975
109040
109088
109219
109297
109302
109305
109354
109462
109607
109625
109647
109680
109942
109975
110029
110418
110461
110480
111252
111386
111569
111642
111737
112006
112136
112184
112323
112504
112530
112632
112667
112775
112877
113025
113106
113128
113164
113334
113376
113422
113445
113544
113667
113679
113715
113835
113839
113865
113991
114032
114106
114145
114609
114848
115085
115572
115575
115646
116179
116346
116383
116618
116657
117045
117073
117243
117368
117665
117731
117836
117916
118084
118348
118492
118509
118861
118870
118975
118979
119105
119212
119251
119300
119306
119404
119422
119578
119945
120061
120404
120450
120495
120504
120539
120886
120929
120945
121150
121384
121842
121981
122148
122173
122178
122406
122730
122745
122844
123019
123043
123074
123095
123473
123602
123625
123703
123738
123767
123837
123839
123924
123992
124393
124608
124952
125057
125112
125321
125455
125674
125980
126134
126252
127057
127059
127180
127268
127622
127629
127698
127801
127986
128083
128101
128347
128351
128402
128425
128717
129280
129281
129376
129413
129608
129705
129818
129933
129974
129987
130403
130630
130733
130852
131201
131271
131298
131370
131427
131548
131598
131898
132109
132153
132781
133185
133195
133228
133250
133628
134021
134327
134391
134432
134467
134472
134617
134642
134797
134825
135033
135270
135272
135407
135609
135616
135659
135736
135742
135863
135866
135950
135978
136077
136211
136284
136437
136534
136620
136771
136843
136848
136853
137143
137241
137398
137437
137439
137617
137680
137710
137946
138130
138272
138805
138839
138965
139314
139339
139410
139437
139608
139620
139659
139739
139816
139821
139928
139964
140071
140188
140358
140370
140443
140500
140516
140566
140674
140772
141164
141173
141190
141625
141692
141695
141830
141831
141848
141977
141982
141998
142265
142366
142369
142385
142495
142657
142669
142705
142837
142863
142868
143189
143348
143599
143793
143808
144226
144291
144547
144611
144682
144789
144936
145185
145220
145231
145458
145495
145876
145981
145997
146047
146059
146103
146158
146298
146565
146952
147237
147324
147391
147414
147442
147554
147720
147796
147900
148019
148174
148238
148316
148590
148648
148841
148966
149023
149216
149262
149358
149361
149493
149869
149900
149975
149984
150191
150719
150911
150944
151372
151375
151420
151518
151604
151715
151746
152164
152706
152857
153244
153284
153482
153574
153691
153760
153785
153828
153884
153891
153932
154258
154275
154305
154364
154394
154505
154726
154869
154973
154978
155069
155131
155264
155440
155470
155564
155832
155914
156088
156229
156316
156467
156662
156700
156901
156987
157117
157252
157410
157524
157575
157792
157895
157951
157996
158080
158216
158562
158636
158669
158796
158843
158925
159279
159332
159369
159434
159549
159655
159758
159934
160067
160273
160391
160409
160719
160818
160825
160838
160841
161116
161520
161541
162048
162068
162129
162224
162263
162342
162459
162613
162625
162642
162716
163170
163343
163372
163523
163539
163800
163814
163852
163855
163950
163964
164037
164058
164172
164229
164240
164247
164273
164387
164607
164728
164911
165460
165541
165568
165592
165651
165807
165836
165846
165865
165896
166165
166366
166382
166410
166584
166815
166904
166930
166960
167338
167576
167612
167947
167993
168199
168372
168395
168487
168518
168830
168836
168974
169195
169394
169414
169543
169698
169728
169755
170113
170216
170541
170765
171189
171272
171319
171322
171409
171482
171631
171695
172060
172266
172304
172426
172440
172495
172533
172617
172657
172659
172941
173185
173271
173356
173386
173629
173759
174010
174307
174760
174785
174819
174852
175015
175027
175029
175177
175269
175357
175774
176100
176108
176466
176662
176673
176717
176856
176897
176918
177029
177313
177329
177335
177427
177520
177644
177708
177767
178041
178243
178244
178261
178266
178620
179141
179438
179502
179617
179801
179841
180129
180211
180310
180520
180596
180709
180806
180851
180931
181076
181085
181342
181351
181513
181717
181740
181785
181849
182030
182056
182100
182106
182190
182353
183010
183012
183015
183032
183121
183127
183186
183190
183306
183497
183506
183538
183544
183838
183996
184491
184647
184690
185215
185363
185518
185798
185900
186045
186094
186548
186580
186606
186667
186677
186725
186817
186862
186863
186904
186972
187066
187134
187374
187564
187608
188064
188554
188677
188787
188825
188829
188881
188913
188916
188950
189041
189048
189054
189114
189131
189318
189465
189505
189514
189521
189588
189635
189851
190182
190302
190412
190423
190435
190468
190505
190511
190573
190583
190776
190889
191252
191426
191441
191458
191625
191728
191815
191968
191975
191980
192213
192252
192281
192464
192524
192620
193078
193298
193311
193314
193367
193422
193461
193484
193507
193563
193577
193594
193638
193813
194245
194486
194487
194634
194737
194747
195139
195197
195228
195265
195435
195526
195699
195735
195955
196082
196346
196356
196364
196400
196402
196515
196655
196672
196771
196830
197050
197335
197424
197489
197490
197499
197550
197643
197790
197796
197812
198115
198326
198401
198473
198603
199000
199295
199296
199323
199368
199376
199398
199666
199677
199890
199941
199971
200436
200662
200869
200972
201035
201049
201314
201316
201903
201973
201995
202080
202483
202564
202851
202912
202923
202950
203177
203473
203755
203781
203784
203798
203985
204003
204100
204602
204618
204644
204908
205014
205424
205451
205717
205725
205959
205968
206070
206175
206189
206198
206204
206336
206375
206523
206819
206838
206908
206911
206923
206942
207170
207415
207560
207736
207857
208112
208302
208406
208621
208648
209126
209207
209623
209700
209835
209895
210075
210201
210305
210309
210392
210436
210483
210505
211133
211289
211302
211357
211582
211714
211829
211897
212173
212302
212396
212470
212559
212851
213125
213156
213285
213544
213664
213674
213696
213733
213755
213830
213857
213894
214482
214884
214932
214976
214989
215210
215218
215517
215677
215736
215885
215915
215982
216179
216288
216327
216592
216844
216869
216954
217053
217122
217360
217398
217549
217561
217593
217840
218130
218770
218817
219154
219258
219501
219510
219913
220145
220186
220223
220297
220332
220343
220445
220727
220927
220941
221055
221274
221300
221314
221414
221500
221676
221841
222042
222068
222241
222382
222403
222480
222514
222601
222622
222642
222755
222814
222922
222986
223207
223247
223266
223368
223486
223586
224101
224273
224279
224380
224444
224524
224739
224802
224835
224900
225128
225225
225327
225364
225392
225639
225653
226213
226246
226358
226373
226394
226677
226681
226922
226986
226987
227026
227072
227187
227197
227198
227452
227513
227662
227672
227720
227744
227750
227767
227937
227968
228196
228199
228263
228600
228701
228742
228750
228771
228896
228915
229083
229138
229211
229242
229244
229315
229520
229610
229979
230012
230017
230086
230150
230220
230402
230438
230451
230645
230894
230924
230949
230976
231036
231180
231233
231271
231579
231671
231784
231866
231873
231965
232130
232349
232354
232650
232676
232721
232973
233348
233379
234033
234073
234230
234298
234299
234301
234652
234658
234705
234837
234934
235087
235241
235379
235465
235587
235619
236037
236310
236434
236501
236524
236537
236566
236572
236585
236734
236746
237375
237426
237459
237695
237736
237750
237805
237968
238189
238311
238436
238501
238543
238566
238583
238615
238681
238688
238710
238743
239082
239473
239560
239611
239634
239683
239868
239952
239955
240025
240044
240118
240145
240334
240483
240642
240675
240679
240873
241054
241160
241178
241179
241416
241471
241511
241513
241655
241754
241824
241863
241978
242054
242104
242144
242279
242375
242389
242474
242560
242648
243036
243252
243277
243304
243370
243471
243620
243750
244215
244278
244318
244393
244732
244771
245137
245299
245524
245621
245672
246117
246416
246535
246680
246688
246694
246783
246804
246847
247012
247074
247121
247203
247280
247498
248020
248649
248746
248783
249055
249156
249198
249305
249324
249491
249492
249570
249842
249916
249965
249993
250154
250241
250431
250448
250593
250596
250598
250617
250882
250905
251048
251077
251164
251310
251464
251527
251605
251621
252048
252209
252318
252786
252860
252908
252978
253000
253036
253040
253054
253083
253290
253314
253342
253427
253502
253645
253697
253859
254042
254073
254132
254188
254345
254457
254616
254828
255092
255290
255603
255649
255789
255809
255886
256244
256438
256511
256573
256589
256655
256710
256836
256861
256878
256948
256974
257047
257254
257420
257495
257741
257823
257868
257875
258132
258172
258221
258464
258519
258544
258570
258937
259003
259053
259101
259308
259409
259564
259625
259918
260187
260227
260516
260579
260660
260805
260874
260985
261157
261165
261482
261485
261857
261870
262089
262786
262840
262931
263204
263236
263524
263557
263674
263782
263973
264031
264115
264304
264522
264591
264644
264686
264761
264831
264879
264918
265281
265366
265490
265537
265876
265992
266080
266384
266467
266675
266787
267465
267599
267693
267734
267744
267850
267887
267981
267982
268277
268326
268357
268383
268408
268416
268650
268751
268817
269171
269218
269331
269338
269547
269596
269713
269746
269790
269818
270106
270126
270166
270220
270257
270432
270858
270905
270950
270978
271194
271357
271396
271454
271506
271615
271832
271862
271975
272013
272047
272137
272139
272504
272809
272917
273069
273461
273500
273550
273573
273787
273800
273864
273866
273974
274145
274161
274519
274793
274798
274861
275258
275264
275754
275774
275820
275836
275853
275873
276140
276302
276318
276379
276421
276465
276495
276556
276686
276772
276787
276820
277173
277200
277428
277503
277593
277775
277777
277821
277849
278020
278048
278050
278081
278258
278442
278579
