156
195
371
438
460
567
572
578
590
632
904
1068
1219
1285
1603
1678
1731
1853
1979
2032
2172
2211
2838
2976
3087
3222
3296
3464
3786
3836
3899
3954
3999
4125
4168
4238
4392
4709
5137
5388
5548
5658
5798
5803
5820
5864
5921
5989
6009
6035
6345
6370
6375
6433
6436
6459
6525
6540
6545
6597
6744
7129
7196
7326
7411
7620
7648
7824
7860
7935
8051
8093
8194
8384
8440
8467
8968
8988
9055
9111
9131
9158
9301
9551
9762
9818
9865
10242
10281
10384
10474
10583
10613
10624
10766
10846
11045
11062
11081
11107
11113
11346
11361
11518
11585
11951
12038
12041
12074
12290
12395
12476
12694
12762
12880
12989
13066
13099
13189
13204
13283
13368
13441
13516
13622
13643
13788
13816
14118
14138
14190
14423
14488
14680
14820
14953
15001
15110
15333
15537
15654
15802
15827
15831
15839
15949
16137
16222
16270
16314
16543
17000
17120
17765
17787
17803
17850
17860
18175
18190
18507
18604
18675
18697
18742
18831
18938
18999
19078
19138
19218
19230
19550
19551
19592
19838
19890
19893
19897
19914
19961
20049
20124
20172
20198
20256
20281
20390
20395
20569
20740
20763
20851
21269
21320
21367
21427
21597
21642
21703
21748
21799
21809
21837
21888
22610
22668
22669
22832
23124
23223
23368
23395
23715
23760
23853
23893
24028
24159
24191
24299
24309
24330
24817
24823
24852
24885
24904
25075
25121
25267
25553
25638
25668
25774
25864
25866
25941
25986
26103
26168
26184
26186
26220
26267
26302
26584
26642
26676
26853
27049
27053
27125
27142
27231
27484
27520
27582
27652
27895
27900
28132
28144
28159
28170
28241
28310
28398
28415
28528
28618
28883
28967
28977
29249
29277
29370
29470
29660
29833
29839
29929
30109
30154
30194
30281
30402
30477
30626
30722
30773
30925
30963
30965
30990
31200
31337
31393
31519
31523
31613
31893
31974
32048
32123
32249
32426
32436
32724
32785
32861
33004
33030
33131
33189
33220
33644
33763
33766
33768
33781
33789
33893
34113
34178
34205
34249
34269
34386
34438
34445
34573
34861
34886
34975
35105
35325
35426
35439
35482
35694
35937
35966
35989
35997
36009
36016
36030
36099
36206
36215
36272
36340
36369
36457
36675
36728
36876
36889
36945
36961
37505
37684
37694
37732
37801
37942
37970
38115
38376
38522
38559
38604
38745
38749
38799
38901
39002
39249
39257
39424
39703
39716
39808
39936
39942
39992
39998
40029
40230
40257
40300
40448
40600
40691
40854
40872
40996
41018
41027
41087
41309
41316
41396
41400
41492
41579
41650
41656
41827
41868
42287
42501
42601
42619
42712
42733
42789
42839
43149
43312
43358
43444
43737
43754
43778
43834
43962
44309
44318
44321
44322
44332
44437
44500
44600
44862
44957
45084
45172
45193
45282
45555
45616
45770
45789
46034
46177
46547
46650
46952
47066
47169
47180
47206
47429
47440
47452
47498
47584
47615
47675
47870
48007
48171
48188
48300
48345
48361
48536
48783
48795
48865
48958
49269
49276
49482
49514
49531
49627
49646
49664
49763
49835
50078
50226
50318
50340
50419
50504
50506
50586
50661
50998
51094
51211
51259
51320
51398
51415
51430
51460
51490
51679
51815
52188
52198
52209
52264
52789
52808
52841
52856
52927
52968
53124
53182
53302
53718
53793
53825
53941
53985
53988
54054
54108
54178
54205
54217
54287
54375
54420
54467
54479
54647
54674
54771
54812
54950
55191
55212
55338
55455
55466
55477
55493
55494
55599
55660
55723
55809
55970
56160
56175
56190
56197
56205
56311
56323
56345
56458
56573
56646
56756
56786
56811
56901
56904
56931
57038
57045
57144
57424
57425
57462
57510
57634
57926
57947
58102
58245
58272
58281
58566
58578
58654
58670
58685
58863
58992
59149
59205
59307
59440
59454
59569
59620
59858
59952
60008
60041
60045
60122
60183
60264
60369
60410
60450
60577
60604
60634
60636
60827
60994
61008
61073
61117
61142
61302
61431
61464
61500
61658
61914
61999
62295
62368
62374
62388
62411
62542
62762
62839
62940
63065
63179
63219
63223
63267
63311
63563
63633
63640
63958
64032
64131
64158
64171
64259
64261
64268
64269
64549
64553
64799
64994
65013
65111
65352
65487
65617
65664
65899
65969
66249
66618
66671
66734
66869
67022
67212
67242
67284
67408
67418
67424
67464
67547
67553
67595
67790
67797
67991
68066
68244
68331
68360
68539
69107
69261
69345
69469
69541
69601
69667
69784
69877
69889
70196
70356
70421
70525
70537
70554
70611
70728
70761
70830
70831
70832
70947
71205
71316
71372
71398
71426
71429
71783
71787
71954
72105
72185
72297
72354
72413
72600
72625
72653
72854
72922
72963
72972
73063
73175
73267
73570
73602
73613
73657
73827
73864
73896
73954
74023
74149
74157
74201
74275
74306
74311
74357
74476
74509
74617
74687
74701
74836
74901
74958
74989
74997
75031
75138
75383
75439
75517
75598
75612
75652
75699
75730
75787
75948
76327
76353
76381
76392
76399
77054
77058
77297
77452
77649
77650
77762
77996
78015
78067
78068
78073
78225
78321
78384
78419
78428
78476
78521
78595
78621
78767
79100
79470
79510
79761
79901
79979
80045
80091
80149
80261
80284
80339
80372
80448
80637
80688
80690
80757
81005
81027
81244
81269
81303
81342
81503
81538
81638
81860
81914
81957
82022
82324
82361
82381
82385
82538
82577
82602
82695
82727
82834
82902
82913
82960
82972
83112
83170
83195
83208
83298
83326
83443
83616
84119
84163
84196
84197
84307
84464
84619
84643
84813
84954
84966
84976
84980
84991
85268
85372
85381
85391
85513
85516
85585
85606
85906
86159
86401
86469
86667
86972
86992
87144
87323
87351
87429
87475
87583
87595
87643
87690
87748
87882
87961
88492
88583
88640
88694
88810
88960
89189
89395
89465
89480
89629
89675
90074
90171
90263
90350
90560
90584
90659
90783
90851
90877
90953
90992
91046
91179
91280
91327
91447
91515
91671
91723
91876
91966
92191
92277
92347
92405
92801
92877
93031
93268
93473
93543
93589
93891
93947
94026
94147
94162
94323
94621
94778
95021
95135
95188
95254
95509
95521
95605
95721
95837
95868
96094
96348
96470
96644
96648
96945
96992
97146
97201
97374
97666
97790
97991
98007
98008
98014
98033
98084
98167
98221
98258
98262
98386
98448
98673
98682
98717
98758
98917
98996
99030
99078
99085
99105
99206
99325
99382
99394
99500
99884
99891
100111
100349
100358
100371
100399
100446
100901
100910
100973
101028
101043
101134
101152
101340
101440
101582
101602
101609
101617
101624
101677
101695
101697
101796
101859
102075
102108
102218
102238
102245
102256
102443
102615
102707
102783
102810
103008
103089
103124
103126
103147
103208
103236
103334
103398
103699
103732
103781
103929
103979
104237
104283
104321
104414
104458
104547
104574
104699
104759
104782
104839
104940
105191
105200
105225
105253
105453
105511
105614
105638
105650
105748
105821
105851
105869
105978
105987
105995
106016
106130
106169
106343
106458
106536
106650
106806
106969
106971
107168
107203
107210
107287
107313
107355
107418
107701
107907
107937
108324
108353
108635
108666
108979
109206
109288
109401
109425
109650
109810
109890
109954
109984
110011
110059
110148
110171
110447
110467
110505
110576
110618
110671
110745
110789
111013
111082
111259
111287
111328
111424
111506
111538
111678
111795
111885
112263
112288
112407
112556
112644
112675
112773
112870
113073
113119
113131
113377
113522
113582
113714
113816
113945
114027
114133
114146
114184
114194
114221
114273
114328
114342
114395
114424
114497
114508
114603
114632
114744
114879
114887
115226
115244
115491
115508
115531
115662
115719
115834
115932
116123
116150
116182
116195
116224
116514
116653
116706
116827
116884
116896
117022
117103
117141
117306
117327
117582
117620
117647
117705
117730
117736
117777
117778
117998
118477
118687
118699
118712
118796
118906
118927
119070
119329
119375
119423
119474
119543
119737
119796
119892
119995
120048
120343
120458
120624
120840
120843
120894
120914
120985
121219
121224
121344
121376
121478
121491
121517
121605
121816
121980
122101
122107
122110
122123
122158
122239
122281
122401
122509
122700
122777
122830
122890
122898
123079
123092
123096
123151
123176
123206
123292
123373
123527
123705
123954
123962
123981
124017
124090
124386
124477
124967
124984
125132
125235
125248
125266
125368
125459
125516
125563
125634
126010
126037
126110
126443
126453
126548
126644
126703
126710
126859
127054
127060
127163
127321
127449
127663
127719
127761
127823
128048
128052
128114
128448
128478
128572
128632
128780
128799
128821
128849
128974
128998
129202
129225
129551
129641
129759
129764
129869
129989
130070
130096
130265
130391
130444
130457
130500
130749
131006
131106
131386
131414
131466
131542
131704
131706
131947
132012
132149
132178
132390
132426
132511
132628
132776
133285
133364
133875
134051
134070
134156
134168
134197
134299
134313
134323
134579
135002
135029
135196
135199
135329
135340
135435
135462
135561
135577
135748
136083
136157
136172
136601
136706
136776
136777
136778
136798
137053
137105
137134
137139
137141
137276
137318
137355
137531
137565
137678
137908
137920
138040
138248
138281
138316
138351
138366
138388
138406
138481
138619
138694
138889
138931
139089
139174
139261
139353
139366
139606
139688
139689
139867
139897
139984
140432
140528
140630
140945
141117
141273
141351
141384
141401
141512
141600
141734
141837
142148
142200
142256
142293
142420
142460
142531
142599
143337
143514
143581
143611
143672
143800
143901
144052
144079
144112
144147
144166
144207
144360
144361
144500
144540
144804
145081
145116
145284
145316
145330
145388
145391
145408
145471
145549
145669
145683
145888
145984
146130
146309
146318
146376
146634
146769
146849
147051
147208
147310
147346
147455
147660
147797
147822
147827
147837
147869
148220
148721
148778
148868
148926
149118
149120
149178
149391
149441
149458
149572
149605
149861
149997
150143
150287
150293
150417
150426
150443
150964
151066
151134
151162
151220
151390
151433
151545
151802
151852
151875
152133
152445
152467
152476
152563
152601
152896
152902
152934
152987
153108
153308
153464
153623
153727
153750
153838
154082
154104
154217
154277
154291
154656
154760
154770
154895
154933
155144
155211
155266
155433
155438
155446
155450
155536
155678
155701
156191
156427
156586
156906
157118
157232
157290
157482
157553
157565
157840
157911
158021
158074
158162
158188
158226
158501
158530
158602
158645
158733
158781
158968
159038
159073
159091
159197
159295
159516
159519
159520
159539
159545
159577
159668
159672
159684
159835
159986
160122
160678
160680
160689
160816
160860
161093
161139
161195
161329
161429
161458
161478
161567
161648
161736
161888
161927
162087
162157
162172
162260
162281
162405
162620
162646
162709
162831
162836
162890
163172
163234
163801
163811
163956
163984
164087
164096
164187
164423
164425
164428
164493
164604
164611
164627
164689
164730
164800
164843
164972
165056
165060
165174
165182
165349
165364
165381
165412
165448
165688
165719
165737
165754
165787
165920
166010
166191
166198
166330
166407
166409
166417
166616
166658
166833
166836
166895
167126
167142
167481
167497
167541
167557
167716
168195
168269
168341
168527
168598
168638
168701
168729
168758
168815
168956
169062
169167
169255
169409
169646
169727
169776
169990
170029
170120
170289
170420
170561
170601
170732
170934
171177
171752
171939
171988
172173
172198
172379
172636
172684
172695
172772
173057
173134
173151
173192
173267
173269
173308
173443
173465
173503
173580
173821
174024
174078
174086
174161
174296
174338
174516
174617
174730
174779
174931
174979
175014
175105
175113
175306
175370
175520
175609
175683
175777
175954
176009
176152
176190
176222
176381
176541
176557
176564
176592
176758
176846
176854
176924
176992
177094
177239
177391
177516
177612
177714
177723
177820
177871
177879
177888
177982
178098
178129
178169
178206
178227
178232
178406
178709
178720
178946
178961
179094
179114
179284
179366
179387
179437
179643
179652
179684
179701
179703
179875
179902
179911
179912
180168
180393
180473
180583
180606
180961
180989
181105
181299
181307
181405
181474
181686
181832
181958
181978
182007
182037
182099
182280
182290
182560
182758
182790
182840
182946
183145
183160
183421
183653
183903
183914
183978
184004
184174
184190
184340
184392
184651
184890
184930
185291
185342
185421
185498
185783
186012
186039
186340
186526
186608
186873
186886
186903
186915
187124
187142
187155
187214
187278
187536
187707
187767
187784
187799
187897
187919
187933
187948
188239
188357
188382
188494
188523
188524
188600
188804
188892
188902
188985
189003
189029
189262
189283
189478
189513
189544
189574
189690
189735
189769
189774
189965
190168
190315
190396
190404
190579
190609
190618
190666
190702
190709
190749
190801
190853
191054
191221
191226
191279
191301
191491
191571
191697
191743
191782
191787
191865
191897
191957
192050
192058
192135
192139
192390
192469
192563
192571
192617
192661
192991
193036
193082
193096
193109
193199
193389
193524
193600
193680
193797
193881
194113
194325
194459
194465
194498
194792
194803
194837
194987
195083
195185
195296
195374
195508
195795
195857
196042
196100
196139
196305
196327
196570
196696
196806
196834
196963
196968
196978
197006
197010
197326
197661
197740
197757
197787
197864
198021
198081
198085
198168
198224
198229
198251
198310
198315
198426
198755
198843
198904
198944
199301
199305
199348
199402
199407
199504
199555
199582
199585
199603
199675
199800
199892
199918
200427
200432
200514
200822
200947
200965
200969
201045
201076
201101
201304
201327
201408
201557
201570
201655
201801
201859
201920
202194
202254
202543
202756
202831
202877
202983
203126
203157
203269
203385
203512
203916
203921
204057
204119
204174
204208
204436
204661
204709
204802
205149
205352
205466
205494
205503
205590
205711
206004
206134
206206
206519
206597
206728
206788
206808
206880
207116
207155
207332
207429
207498
207535
207632
207887
207991
208019
208043
208113
208170
208237
208257
208362
208383
208522
208550
208722
208799
208939
209136
209271
209436
209488
209537
209607
209760
209784
209832
209885
210002
210086
210189
210353
210357
210385
210443
210822
210853
210914
211024
211159
211164
211231
211413
211513
211654
211739
211796
211814
211821
212171
212234
212312
212318
212356
212379
212623
212669
212681
212913
212979
213163
213204
213359
213483
213506
213512
213522
213575
213634
213717
213788
214064
214126
214260
214292
214756
214998
215016
215026
215120
215386
215410
215607
215846
215858
215994
216049
216091
216166
216615
216619
216687
216824
216914
217387
217558
217582
217606
217706
217799
217828
217944
217976
218095
218165
218210
218225
218367
218556
218589
218629
218883
218928
219059
219206
219237
219538
219881
219909
219965
220040
220175
220185
220212
220225
220232
220338
220363
220391
220400
221004
221201
221262
221349
221548
221641
222051
222093
222113
222133
222154
222361
222417
222510
222649
222810
222961
222970
223041
223184
223331
223506
223558
223571
224031
224203
224399
224451
224461
224608
224632
224776
224934
224961
224982
225107
225254
225519
225596
225765
225813
225987
225995
226053
226136
226339
226350
226423
226483
226672
226955
227069
227137
227161
227296
227308
227405
227406
227408
227592
227609
227617
227768
227933
227953
227962
227988
228012
228075
228096
228389
228687
228765
228905
228987
229057
229062
229215
229259
229367
229487
229492
229613
229624
229628
229808
230108
230109
230319
230349
230411
230422
230434
230456
230625
230642
230722
230831
230997
231004
231043
231060
231136
231200
231605
231753
231793
231893
231920
232082
232160
232217
232338
232346
232489
232525
232587
232692
232694
232844
233390
233634
234120
234331
234350
234439
234546
234620
234776
234812
234863
235239
235262
235267
235317
235375
235396
235405
235450
235477
235518
235524
235712
235875
235979
236018
236023
236140
236162
236366
236421
236463
236698
236788
236912
237082
237219
237471
237491
237569
237684
237739
237836
238014
238123
238158
238278
238520
238606
238858
238869
239008
239041
239079
239108
239119
239315
239492
239600
239607
239721
239935
239973
240033
240065
240121
240200
240255
240376
240487
240667
240696
240770
241005
241158
241406
241706
241759
241823
242089
242100
242182
242183
242199
242334
242363
242364
242405
242425
242467
243101
243174
243216
243298
243329
243406
243521
243615
243849
243867
243930
243962
243992
243993
244031
244137
244283
244440
244482
244597
244627
244662
244725
244954
245026
245062
245082
245119
245122
245134
245162
245290
245384
245539
245795
245888
245958
246030
246463
246519
246757
246895
247015
247392
247438
247486
247522
247552
247587
247596
247632
247680
247748
247780
247788
247838
247852
248144
248411
248528
248554
248565
248645
248803
248810
248831
248866
249008
249073
249113
249137
249160
249199
249326
249399
249401
249543
249554
249581
249646
249702
249705
249723
249729
250016
250173
250187
250523
250609
250675
250787
250850
251059
251161
251299
251418
251583
251806
251807
251813
251864
251868
252152
252253
252319
252595
252622
252732
252802
252813
253026
253101
253165
253255
253357
253391
253499
253520
254176
254223
254396
254667
254878
255078
255113
255324
255376
255501
255521
255857
256063
256133
256159
256169
256238
256337
256344
256499
256608
256706
256807
256898
256907
256923
256950
256978
257088
257697
257753
257768
257857
257874
257920
257954
258231
258343
258798
258850
259070
259241
259246
259329
259511
259516
259544
259546
259720
259871
259887
259964
259991
260059
260064
260077
260177
260282
260341
260353
260356
260487
260630
260641
260650
260666
260687
260696
260765
260986
260997
261012
261042
261062
261129
261204
261252
261305
261444
261644
261706
262237
262240
262256
262394
262450
262486
262503
262509
262558
262605
262620
262648
262719
262752
262779
262839
262868
262928
262999
263001
263025
263041
263092
263241
263250
263440
263600
263618
263619
263785
263818
263825
263898
264039
264178
264214
264242
264349
264380
264464
264594
264622
264720
264771
264825
264839
264868
264984
265190
265417
265473
265534
265611
265682
265756
265844
265871
265981
266050
266102
266118
266235
266260
266360
266385
266475
266508
266539
266644
266679
266707
266795
266876
267238
267244
267354
267483
267722
267867
267960
268037
268109
268250
268263
268468
269113
269330
269365
269413
269421
269491
269503
269537
269543
269620
269847
270064
270207
270367
270380
270386
270478
270657
270952
271063
271072
271099
271113
271141
271198
271300
271366
271498
271556
271739
272104
272243
272249
272454
272456
272467
272522
272571
272586
272761
272910
272931
273164
273294
273405
273518
273532
273562
273674
273688
273693
273732
273754
273816
273888
274218
274277
274375
274438
274460
274553
274679
274713
274725
274789
274845
274876
274962
275055
275074
275253
275255
275377
275389
275443
275694
275876
276071
276073
276107
276153
276172
276538
276594
276596
276756
276797
276898
276997
277063
277445
277513
277531
277565
277594
277786
277914
277919
277921
277948
277954
277975
278200
278252
278264
278272
278386
278418
278491
