33
70
106
118
129
151
174
304
338
362
602
772
795
813
939
1059
1060
1099
1110
1146
1199
1624
1684
1689
1762
1827
1843
1941
1983
2068
2167
2201
2381
2385
2449
2688
2796
3094
3231
3250
3356
3479
3506
3658
3798
3990
4046
4068
4183
4199
4205
4246
4247
4361
4459
4537
4703
4868
5180
5321
5457
5558
5595
5871
6051
6083
6107
6700
6738
6850
6976
6999
7092
7278
7348
7707
7865
7881
8016
8052
8216
8239
8270
8339
8361
8421
8639
8748
8792
8825
8855
8863
8919
9081
9100
9170
9354
9358
9796
9957
9978
10139
10601
10808
10877
10902
11096
11117
11124
11287
11314
11483
11504
11665
11669
11725
11805
12024
12196
12414
12416
12469
12537
12760
12761
12820
12847
12947
12978
13166
13268
13270
13279
13298
13309
13402
13456
13563
14345
14410
14483
14522
14564
14685
14689
14920
15024
15124
15138
15143
15295
15680
15754
16104
16282
16646
16676
16745
16883
16894
17181
17314
17496
17655
17712
17872
17877
17946
18084
18142
18144
18329
18438
18522
18683
18717
18722
18728
18747
18759
18818
18823
19027
19141
20073
20280
20466
20496
20574
20619
20669
20862
20962
20987
21026
21088
21328
21442
21465
21701
21729
21732
21751
21811
21851
21914
21971
22175
22648
22663
22688
23002
23369
23487
24075
24103
24179
24340
24506
24799
24857
24933
25341
25590
25694
25706
26161
26304
26441
26546
26621
26717
26743
27035
27098
27216
27239
27240
27287
27583
27598
27693
27733
27799
28303
28404
28455
28486
28550
28573
28741
28758
28793
28912
28966
29096
29139
29226
29239
29372
29588
29612
29673
29769
29787
29797
29845
29971
30002
30126
30148
30221
30235
30244
30372
30753
30759
30764
30797
30829
30851
30948
30962
31064
31184
31197
31259
31331
31381
31661
31723
31787
31889
31978
32112
32144
32189
32240
32614
32645
32715
32770
32772
32832
32838
32917
33015
33148
33256
33283
33520
33838
34108
34115
34284
34346
34387
34392
34478
34752
34948
34949
35020
35025
35047
35265
35606
35635
35732
36168
36182
36258
36283
36357
36359
36737
37048
37270
37512
37518
37543
37598
37710
37760
37781
37808
37894
37933
38001
38150
38171
38245
38385
38445
38565
38621
38626
38647
38925
38969
39509
39555
39629
39999
40012
40104
40134
40181
40186
40381
40560
40713
40801
40950
40969
40970
41320
41322
41427
41479
41612
41629
41773
41794
41886
41978
42068
42336
42429
42430
42463
42700
42767
42934
43165
43257
43306
43334
43342
43469
43502
43565
43569
43576
43774
43873
44083
44245
44328
44385
44474
44528
44618
44773
44799
44909
44975
45019
45026
45074
45158
45187
45324
45333
45352
45391
45460
45554
45725
45954
45966
46019
46036
46052
46215
46217
46223
46452
46597
46601
46611
46626
46762
46922
46930
47093
47443
47795
47806
47965
48083
48122
48140
48213
48327
48549
48609
48705
48891
48936
48980
49120
49121
49461
49546
49668
49713
49908
49990
50075
50150
50288
50294
50313
50475
50634
50688
50760
50858
50910
50963
51054
51330
51455
51456
51480
51583
51596
51627
51684
51709
51883
52076
52094
52192
52194
52196
52223
52368
52410
52568
52575
52583
52660
52798
53324
53384
53815
53847
54013
54171
54201
54207
54270
54286
54311
54321
54392
54435
54597
54605
54678
54723
54739
54921
54963
54997
55093
55097
55295
55430
55515
55592
55744
55838
56009
56046
56266
56416
56595
56674
56883
56884
56983
57092
57162
57184
57227
57374
57471
57522
57638
57648
57655
57680
57694
57743
57936
57958
58002
58017
58023
58129
58253
58391
58520
58709
58714
59363
60179
60607
61143
61247
61639
61848
61917
61937
62204
62256
62362
62404
62478
62490
62593
63096
63166
63473
63498
63558
63678
63873
63885
63937
64006
64168
64175
64519
64600
64609
64692
64696
65000
65104
65160
65268
65714
65871
65986
66002
66112
66851
66927
66928
67167
67372
67380
67461
67482
67527
67649
67758
67807
67856
67977
68030
68047
68076
68078
68296
68381
68593
68609
68811
68846
68942
69223
69297
69508
69588
69858
70054
70181
70236
70274
70285
70328
70639
70641
70757
70952
71226
71254
71369
71448
71453
71544
71566
71738
71953
72016
72052
72079
72316
72318
72487
72507
72688
72763
72764
72813
73069
73190
73327
74197
74413
74545
74678
74686
75065
75117
75368
75626
75636
75683
75715
75895
75912
76020
76326
76812
76987
77235
77326
77441
77609
77625
77653
77689
77767
77798
77803
78075
78287
78339
78432
78594
78693
78726
79033
79153
79213
79238
79410
79563
79573
79633
80287
80608
80618
80644
80646
80807
80905
80958
81202
81426
81427
81723
81829
81830
81907
81984
82035
82353
82416
82603
82791
82851
83638
83646
83666
84088
84097
84112
84770
84945
84971
84977
85012
85200
85334
85500
85780
85907
86057
86418
86567
86832
86968
86974
87120
87167
87561
87614
87780
88030
88167
88212
88213
88237
88313
88428
88550
88580
88785
88848
89001
89095
89235
89443
89462
89572
89601
89735
89774
89874
89925
89969
90000
90066
90138
90435
90979
90998
91281
91285
91475
91479
91500
91533
91550
91710
91780
91787
91808
91895
91971
91988
92189
92279
92467
92498
92563
93030
93140
93176
93315
93427
93613
93628
93922
93936
94041
94070
94223
94224
94396
94423
94674
94757
94758
94857
94907
95299
95480
95760
96153
96171
96372
96678
96684
96697
96928
96929
96991
97145
97168
97244
97416
97470
97773
97833
97835
97866
98071
98088
98204
98361
98388
98494
98581
98592
98626
98627
98672
98946
99005
99012
99045
99173
99398
99431
99588
99639
99649
99695
99825
99856
99984
99993
100101
100278
100426
100553
100564
100738
100757
101114
101588
101752
102030
102043
102177
102457
102608
102695
102726
102797
102899
102923
102926
102943
103082
103349
103412
103433
103606
103626
103713
103972
104091
104209
104305
104343
104354
104466
104520
104841
105119
105131
105202
105246
105301
105381
105490
105750
105774
105816
105931
106088
106095
106142
106183
106288
106306
106504
106508
106621
106670
106756
106814
106870
106872
106925
107031
107065
107067
107124
107411
107646
107758
107951
107963
107973
108079
108136
108341
108431
108498
108703
108709
108725
108738
108824
108852
109088
109219
109280
109297
109462
109621
109625
109647
109770
109845
109871
109975
110108
110115
110163
110307
110431
110480
110715
111218
111223
111306
111592
111680
111691
111737
111985
111991
112103
112106
112306
112323
112504
112530
112667
112775
112835
112877
113081
113128
113334
113509
113544
113664
113807
113914
113956
113991
114134
114145
114274
114470
114937
114978
115038
115575
115674
115750
115935
116004
116073
116099
116108
116229
116357
116579
116618
116945
117142
117236
117319
117686
117731
117836
117839
117863
118111
118455
118508
118509
118574
118587
118739
118789
118870
118979
119195
119251
119257
119300
119306
119389
119404
119422
119542
119622
119657
119704
119730
119915
119945
120061
120245
120404
120495
120602
120712
120886
120929
121150
121243
121306
121557
121596
121706
121842
121902
121928
121991
122091
122130
122148
122247
122704
122745
122747
122844
122872
122991
123074
123396
123413
123479
123497
123703
123719
123992
124167
124201
124469
124640
124814
124952
125238
125455
125708
126252
126315
126573
126589
126597
126639
126936
127014
127057
127175
127180
127221
127349
127619
127624
127932
128076
128093
128141
128144
128347
128351
128359
128361
128425
128537
128590
128628
128705
128717
129206
129280
129357
129413
129608
129734
130403
130767
130782
131094
131225
131271
131284
131370
131898
131933
132129
132147
132408
132616
133250
133269
133377
133398
133566
133644
133677
133981
134044
134171
134327
134391
134423
134474
134545
134825
134976
135075
135407
135609
135742
136055
136121
136430
136534
136851
136853
137164
137680
137691
137710
137793
137822
137861
137890
137895
138272
138417
138422
138668
138893
139141
139339
139410
139437
139537
139581
139659
139737
139816
139821
139914
140028
140071
140155
140210
140553
140622
140758
140832
141173
141184
141190
141625
141716
141762
141811
141920
141977
142090
142209
142365
142369
142384
142385
142484
142544
142657
142837
143055
143189
143248
143327
143372
143417
143473
143576
144132
144381
144618
144631
144789
145234
145345
145458
145551
145811
145876
145981
145997
146016
146026
146047
146080
146103
146143
146286
146446
146549
146577
146760
146883
147262
147272
147534
147554
147886
147916
148135
148205
148288
148314
148367
148482
148592
148643
148648
148649
148816
148871
149262
149358
149384
149821
149983
150094
150232
150659
150670
150757
150774
150944
150945
151172
151180
151372
151384
151886
152014
152164
152844
152857
153032
153052
153161
153244
153369
153414
153474
153482
153577
153587
153864
153891
153895
153997
154275
154305
154341
154394
154820
154869
154894
154920
155026
155415
155633
155748
155873
155914
155946
156051
156088
156153
156662
156700
156744
157041
157252
157478
157513
157594
157912
158048
158080
158550
158636
158924
159070
159101
159216
159221
159310
159655
159724
159751
159831
159960
160042
160084
160370
160387
160391
160564
160601
161122
161735
161806
161984
162048
162050
162127
162263
162303
162342
162514
162578
162642
162652
162896
162909
163177
163448
163690
163814
163852
163862
163950
164037
164102
164126
164240
164273
164281
164501
164686
164728
164856
164897
165109
165179
165292
165363
165398
165449
165460
165495
165503
165568
165585
165605
165667
165807
165836
165846
165865
165968
166366
166382
166387
166426
166473
166721
166925
166984
167034
167168
167215
167576
167750
167993
168038
168062
168199
168239
168358
168396
168487
168529
168738
168979
169195
169263
169466
169520
169781
169977
170329
170559
170871
171188
171322
171482
171691
172044
172060
172249
172266
172286
172323
172440
172508
172659
172758
172768
172828
172848
172854
172864
172920
173037
173107
173271
173279
173496
173940
174064
174275
174297
174381
175276
175584
175606
175673
175774
175990
176000
176029
176100
176108
176416
176480
176673
176727
176808
176909
176918
176937
177029
177055
177427
177446
177636
177699
177771
178090
178208
178286
178354
178575
178712
178729
178738
178984
179325
179397
179433
179438
179497
179502
179617
179791
179846
179908
180129
180135
180163
180403
180627
180669
180971
181085
181123
181342
181513
181616
181784
181785
181940
181977
182055
182091
182148
182190
182212
182262
182340
182348
182580
183015
183032
183127
183135
183335
183514
183544
183826
183838
183934
183996
184103
184341
184487
184647
184690
184817
184945
184957
185149
185178
185232
185289
185470
185518
185873
185968
186026
186547
186817
187134
187317
187319
187321
187603
187639
187769
187788
188222
188347
188482
188593
188639
188677
188787
188922
188926
189114
189131
189414
189502
189717
189788
189804
189942
189959
190058
190311
190316
190346
190399
190423
190450
190495
190502
190535
190583
190776
190782
191130
191252
191329
191359
191391
191428
191433
191458
191756
191815
192037
192199
192524
192620
192626
192724
193243
193251
193267
193293
193298
193427
193429
193477
193500
193594
193638
193750
193856
193857
193891
194012
194114
194374
194377
194483
194487
194502
194737
195139
195197
195542
195735
195865
195955
195999
196017
196142
196183
196185
196208
196248
196346
196356
196369
196400
196410
196414
196421
196436
196438
196467
196535
196537
196575
196771
196799
196885
196942
196991
197239
197322
197387
197561
197593
197597
197605
197643
197706
197796
197878
197909
197959
198092
198213
198252
198326
198401
198561
198686
198801
198820
198899
199120
199153
199201
199295
199320
199323
199368
199398
199593
199890
199925
200002
200023
200046
200113
200236
200312
200320
200321
200333
200436
200480
200663
200829
200972
201035
201209
201347
201395
201868
201973
202013
202134
202385
202402
202404
202471
202634
202636
202726
202844
202851
202874
202912
202944
202950
203137
203440
203444
203476
203483
203765
203775
203788
203915
203923
204183
204304
204340
204347
204467
204602
204618
204701
204908
205014
205074
205586
205656
205959
206147
206198
206275
206523
206843
206859
206911
206921
207003
207004
207313
207316
207363
207415
207469
207543
207560
207751
207859
207864
207956
208004
208102
208112
208302
208361
208406
208557
208708
208714
208810
208916
208978
208993
209126
209161
209246
209447
209563
209700
209775
209835
209889
209895
209936
210436
210482
210483
210505
210551
210632
210744
210794
210827
210961
211049
211069
211133
211221
211302
211357
211580
211590
211852
211888
211897
212131
212470
212559
212732
212734
212851
212857
213059
213282
213285
213504
213544
213674
213834
214065
214198
214306
214482
214510
214837
215222
215335
215517
215725
215742
215767
215772
215885
216141
216156
216179
216192
216213
216288
216506
216550
216592
216618
217024
217066
217335
217549
217561
217773
217985
218387
218421
218525
218606
218609
218770
218798
218832
219027
219110
219122
219181
219349
219363
219596
219690
219781
219910
220103
220145
220186
220332
220436
220543
220684
220705
220795
220817
221048
221055
221219
221274
221887
222033
222074
222241
222382
222480
222520
222607
222612
222622
222642
222705
222755
222829
222986
222991
223140
223286
223382
223495
223500
223663
223801
223967
224199
224278
224362
224453
224644
224739
224801
224936
224943
225104
225277
225558
225639
225858
225975
226246
226369
226394
226503
226866
226986
227063
227332
227421
227637
227708
227750
227767
227773
227860
227948
228142
228196
228263
228400
228483
228750
228754
228787
228868
228915
228928
228935
229060
229068
229138
229203
229315
229335
229479
229514
229515
229599
229996
230017
230072
230159
230196
230220
230346
230447
230472
230645
230848
230883
230947
231137
231225
231233
231382
231580
231873
232100
232166
232237
232339
232345
232349
232491
232610
232721
232729
232973
233046
233692
233747
233863
233864
233953
233973
234301
234319
234352
234791
234964
235179
235181
235218
235249
235389
235465
235587
235608
235869
235963
236037
236121
236235
236410
236524
236537
236566
236701
236987
237095
237251
237312
237635
237736
237968
238375
238396
238436
238543
238566
238615
238640
238650
238651
238656
238688
238794
238865
238901
239370
239400
239433
239527
239560
239612
239925
239952
240077
240118
240369
240441
240703
240756
240873
240952
241054
241160
241416
241508
241511
241513
241616
241661
241709
242010
242267
242274
242402
242474
242532
242573
242824
242873
242943
243020
243097
243264
243304
243312
243368
243472
244278
244291
244393
244428
244635
244736
245012
245209
245224
245376
245387
245531
245543
245549
245603
245855
246535
246640
246680
246694
246696
246773
246783
247019
247042
247121
247189
247203
247305
247498
247714
247750
247786
248143
248337
248443
248632
248649
248717
248903
248967
249198
249267
249357
249482
249492
249747
249916
250015
250020
250039
250093
250143
250191
250401
250412
250417
250430
250431
250443
250593
251138
251595
251605
251667
251709
251763
251916
251930
252383
252597
252784
252893
252908
253287
253290
253364
253457
253645
253647
253697
253787
253811
253866
253909
254025
254071
254132
254188
254460
254805
254827
254939
254951
254996
255009
255213
255290
255291
255649
255673
255711
255729
255789
255809
255849
255866
256046
256267
256319
256333
256383
256511
256589
256710
256830
256974
257090
257096
257127
257325
257489
257639
257788
257823
257858
257876
257990
257998
258086
258172
258278
258395
258544
258657
259076
259101
259181
259288
259533
259598
259625
259837
259877
259945
260037
260318
260361
260492
260497
260502
260703
260911
261026
261119
261150
261189
261313
261477
261585
261625
261781
261858
262413
262526
262632
262705
262774
262834
262840
262894
263057
263059
263070
263091
263204
263712
263722
263741
263782
263830
263920
263936
263973
264002
264154
264273
264341
264504
264551
264554
264577
264611
264680
264697
264725
264794
264847
265238
265253
265281
265343
265382
265490
265553
265602
265632
265760
265876
266048
266051
266254
266467
266693
266700
266831
266906
267116
267124
267459
267465
267630
267799
267982
268029
268033
268108
268129
268326
268375
268383
268408
268481
268625
268650
268995
268997
269190
269213
269218
269331
269425
269635
269790
269810
269818
269826
269854
269866
269916
270124
270166
270257
270278
270373
270415
270432
270581
270639
270651
270904
271058
271194
271219
271357
271393
271454
271469
271832
272047
272137
272309
272354
272358
272398
272504
272789
272832
272917
272985
273232
273381
273474
273500
273592
273683
273685
273689
273755
273800
273807
273866
273950
274201
274207
274222
274244
274364
274519
274542
274613
274639
274760
274979
275258
275372
275501
275525
275653
275678
275734
275774
275812
275833
275852
276005
276013
276048
276080
276299
276322
276327
276356
276495
276637
276772
276903
276957
277129
277256
277309
277403
277428
277515
277770
277821
277976
278018
278020
278104
278137
278256
278258
278279
278405
278408
278475
