70
106
304
362
935
939
1684
1689
2006
2040
2157
2796
2890
3064
3206
3215
3231
3240
3250
3289
3442
3506
3655
3697
3990
4009
4019
4068
4195
4231
4361
4523
4573
5061
5201
5498
5926
5985
5990
6049
6051
6083
6603
6830
6976
6999
7137
7278
7366
7422
7654
7865
8005
8052
8239
8542
8613
8825
8932
8980
9100
9354
9358
10021
10221
10475
10480
10507
10601
10646
10700
10830
10929
11029
11515
11616
11665
11885
11886
12024
12465
12491
12536
12647
12760
12761
12995
13037
13073
13166
13298
13309
13518
13564
13717
13860
14117
14176
14291
14345
14366
14430
14564
14671
14742
15024
15048
15156
15256
15352
15602
16295
16339
16353
16443
16894
17029
17125
17138
17310
17314
17426
17436
17496
17600
17655
17749
17877
17978
18122
18142
18329
18381
18438
18500
18793
19027
19031
19308
19313
20364
20466
20534
20574
20776
20884
20898
20903
21088
21113
21260
21321
21422
21442
21701
21732
21751
21855
21944
22155
22461
22586
22997
23002
23072
23139
23146
23188
23300
23369
23484
23791
24103
24431
24484
24506
24511
24726
24828
25019
25332
25523
25606
26188
26304
26522
26621
26829
27019
27035
27166
27193
27216
27366
27387
27590
27689
27693
27713
28158
28741
28793
29203
29239
29296
29372
29423
29462
29588
29787
29971
30148
30235
30601
30759
30764
30829
30933
30948
30994
31003
31019
31189
31197
31259
31386
31468
31510
31666
31690
31730
31978
32288
32427
32462
32541
32772
32776
32832
32904
32958
33015
33137
33612
33661
33663
33821
33838
34108
34254
34298
34387
34454
34488
34552
34752
34761
35025
35222
35302
35412
35591
35635
35681
35685
35732
36386
36556
36560
36672
37149
37241
37416
37440
37691
37762
37781
37790
37908
37974
37989
38004
38403
38406
38571
38823
39174
39245
39349
39949
39962
39987
40012
40134
40367
40598
40599
40630
40684
40704
40713
40801
40804
40899
40970
41092
41320
41427
41612
41659
42068
42305
42336
42359
42460
42603
42825
43160
43165
43197
43259
43294
43502
43658
43838
43873
43964
44231
44245
44328
44354
44524
44526
44614
44696
44775
44978
45019
45034
45074
45165
45316
45317
45333
45363
45414
45450
45460
45730
45735
46203
46290
46372
46597
46626
47026
47093
47174
47443
47789
47876
47923
47980
48140
48213
48313
48557
48609
48665
48891
48980
48983
49024
49117
49120
49122
49505
49546
49608
49668
49821
50423
50629
50680
50688
50910
50944
51057
51090
51139
51330
51339
51399
51471
51708
51776
51858
52052
52053
52192
52194
52413
52450
52568
52642
52933
53136
53169
53171
53324
53377
53647
54111
54193
54321
54329
54435
54463
54597
54701
54739
54963
55071
55097
55302
55635
55681
55744
56088
56157
56265
56455
56470
56560
56595
56741
56751
57111
57195
57237
57445
57447
57466
57503
57532
57606
57619
57680
57694
57811
57976
58002
58017
58025
58167
58253
58391
58460
58580
58665
58930
59315
59372
59499
60072
60142
60179
60362
60398
60488
60607
60709
60906
60939
61828
61848
61863
61917
61996
62204
62317
62572
62593
62694
62738
62768
62838
62899
63042
63375
63558
63559
63779
63905
64006
64016
64018
64175
64665
64692
64939
65160
65268
65709
65845
66311
66333
66375
66530
66597
66928
67060
67350
67372
67582
67649
67758
68047
68078
68110
68118
68215
68257
68742
68771
68921
68987
69020
69039
69096
69588
69955
70243
70274
70654
70757
70789
71000
71226
71273
71393
71453
71566
72116
72487
72552
72569
72764
73096
73236
73279
73546
73639
73846
73862
73868
74413
74486
74545
74671
75107
75715
75752
75843
75913
76055
76068
76132
76562
76728
76811
76812
77120
77165
77397
77409
77441
77616
77772
77869
78065
78075
78166
78287
78322
78414
78452
78594
78665
78726
79102
79153
79429
79491
79573
79611
79633
79669
79677
80348
80531
80592
80644
80887
80900
80905
80927
81172
81262
81427
81540
81729
82161
82284
82930
83095
83244
83484
83498
83666
83728
83842
84154
84156
84219
84343
84375
84378
84625
84770
84945
84971
85012
85204
85378
85492
85494
85500
85806
85892
85907
86397
86418
86476
86567
86570
86589
86594
86832
86974
86982
87292
87439
87615
87807
88226
88237
88313
88350
88357
88429
88443
88540
88638
88701
88899
88976
89001
89108
89184
89221
89313
89339
89413
89443
89572
89601
89991
90144
90175
90178
90248
90764
90844
90950
91029
91048
91285
91423
91440
91533
91556
91988
92467
92509
92569
93030
93140
93154
93250
93283
93299
93327
93613
93628
93682
93922
93936
93954
94041
94070
94268
94396
94423
94477
94539
94947
95107
95282
95421
95480
95760
95785
96005
96131
96297
96509
96695
96749
96815
97027
97060
97131
97263
97773
97795
97835
98075
98085
98088
98265
98388
98423
98592
98615
98626
99012
99045
99069
99102
99173
99207
99211
99237
99362
99431
99695
99959
99984
99993
100527
100553
100698
100707
100753
100864
101195
101232
101668
102043
102721
102761
102856
102888
102925
102994
103082
103223
103349
103365
103430
103593
103606
103615
103754
103905
103926
103972
104144
104231
104354
104365
104436
104607
104735
104767
104938
105005
105131
105133
105362
105381
105670
105774
105837
105931
106095
106188
106211
106504
106635
106685
106703
106756
106843
106869
106870
107005
107031
107050
107067
107125
107193
107260
107284
107545
107710
107755
107758
108037
108190
108206
108285
108341
108342
108563
108667
108679
108708
108713
108724
108765
108783
108975
109040
109088
109134
109219
109297
109302
109305
109354
109462
109607
109621
109625
109683
109764
109770
109845
109871
109942
110029
110211
110418
110461
110480
110595
111252
111386
111521
111569
111642
111737
111782
111932
111982
111998
112136
112184
112224
112504
112530
112667
112775
112877
113106
113128
113164
113334
113376
113422
113445
113470
113544
113679
113715
113835
113991
114032
114106
114848
115038
115085
115572
115575
115646
116069
116179
116657
117045
117223
117368
117465
117665
117731
117836
117916
118084
118169
118244
118382
118509
118652
118789
118861
118870
118883
118975
119105
119212
119251
119306
119337
119422
119578
119657
119730
120061
120404
120450
120539
120886
120929
121150
121413
121418
121842
121981
122091
122148
122173
122178
122406
122730
122745
122747
123019
123043
123074
123473
123719
123738
123767
123837
123896
123924
124393
124952
125112
125321
125455
125674
126134
126252
126315
126589
126950
127057
127180
127268
127622
127698
127801
127986
128083
128101
128347
128351
128402
128425
128717
129280
129281
129376
129413
129705
129818
129933
129974
130002
130403
130630
130852
131201
131271
131508
131548
131584
131598
132109
132153
132554
132616
132781
133185
133228
133628
134327
134432
134467
134642
134797
135033
135270
135272
135407
135609
135616
135659
135736
135855
135863
135866
135950
135978
136055
136077
136284
136437
136534
136620
136771
136843
136848
137143
137241
137398
137437
137439
137617
137691
137822
137861
138805
138839
138892
138893
138965
139129
139314
139339
139437
139537
139608
139620
139739
139816
139821
139928
139955
139964
140044
140188
140358
140370
140439
140443
140500
140588
140598
140674
140772
141164
141173
141176
141190
141625
141692
141695
141740
141814
141830
141831
141848
141855
141977
141982
141998
142209
142265
142354
142366
142385
142471
142657
142669
142705
142837
142863
143189
143248
143348
143599
143796
143808
144132
144197
144215
144226
144291
144547
144611
144618
144663
144682
144713
144789
145185
145220
145458
145495
145509
145876
145981
146016
146047
146059
146103
146298
146325
146475
146565
146589
146883
146952
147237
147262
147324
147413
147468
147900
148003
148135
148238
148255
148314
148367
148648
148841
148967
149023
149150
149216
149262
149358
149406
149493
149530
149869
149975
149984
150191
150317
150406
150495
150670
150719
150812
150911
151067
151172
151208
151375
151420
151518
151604
151634
151715
151746
152164
152167
152706
152857
152918
153161
153244
153324
153396
153414
153482
153494
153574
153691
153760
153785
153828
153884
153891
153932
154029
154258
154275
154364
154394
154726
154869
154973
155069
155131
155264
155440
155470
155564
155832
155914
155946
156229
156316
156467
156662
156700
156987
157117
157252
157410
157551
157575
157594
157792
157996
158080
158137
158216
158562
158636
158732
158796
158843
159050
159070
159221
159250
159369
159414
159434
159549
159655
159758
159934
160391
160409
160601
160633
160657
160719
160818
160825
160834
160838
160841
160999
161116
161141
161520
161541
161747
161804
161884
162068
162129
162224
162263
162459
162613
162625
162642
162716
162722
163170
163343
163372
163409
163414
163523
163539
163714
163729
163852
163855
163950
163964
164058
164172
164221
164247
164273
164387
164449
164728
164911
165398
165454
165460
165503
165541
165568
165592
165651
165778
165807
165836
165846
165865
165896
166382
166410
166584
166728
166815
166930
167034
167124
167612
167750
167947
168199
168372
168395
168487
168518
168836
169195
169197
169394
169414
169543
169698
169728
169781
169909
169946
170113
170194
170351
170494
170765
170871
170889
171189
171272
171319
171409
171482
171631
171695
172266
172426
172440
172495
172533
172617
172921
173185
173220
173271
173356
173386
173629
173759
174010
174206
174232
174282
174297
174740
174760
174785
174819
174995
175015
175027
175177
175357
175511
175673
175774
176000
176029
176069
176100
176108
176372
176416
176466
176611
176717
176775
176856
176897
177029
177134
177302
177329
177455
177520
177642
177767
178041
178261
178266
178386
178620
178837
178849
179031
179210
179221
179433
179438
179502
179714
179801
179841
180066
180129
180149
180310
180596
180709
180806
180851
180931
180971
181076
181085
181336
181342
181351
181513
181740
181785
182030
182056
182100
182106
182190
182207
182351
182353
182809
183010
183015
183032
183127
183135
183186
183190
183298
183306
183506
183558
183572
183747
183838
183906
183982
183996
184103
184491
184647
185215
185232
185242
185363
185439
185447
185798
185819
186045
186094
186548
186580
186606
186667
186677
186725
186817
186862
186904
186972
187066
187134
187242
187564
187603
188064
188222
188554
188677
188825
188829
188881
188913
188916
188926
188950
188953
189048
189054
189114
189131
189285
189318
189465
189514
189552
189588
189635
189804
189851
190174
190182
190302
190346
190412
190435
190468
190499
190505
190511
190573
190583
190889
191252
191329
191441
191458
191625
191645
191728
191815
191968
191975
191980
192199
192213
192252
192281
192311
192464
192565
192620
192775
193298
193311
193314
193367
193422
193461
193484
193507
193563
193638
193679
193813
193923
193971
193990
194228
194245
194375
194483
194634
194737
194747
195017
195139
195197
195228
195265
195435
195526
195699
195735
195869
195955
196185
196346
196356
196364
196400
196402
196414
196438
196515
196655
196672
196771
196942
196988
197050
197335
197410
197424
197489
197490
197499
197605
197643
197680
197705
197730
197753
197790
197796
197812
198115
198473
198561
198603
198686
199000
199207
199296
199323
199368
199376
199593
199666
199677
199862
199890
199941
199971
200274
200351
200662
200869
200972
201016
201035
201049
201154
201314
201316
201395
201486
201614
201748
201903
201973
201995
202013
202155
202483
202564
202636
202670
202726
202944
202950
203005
203116
203177
203440
203736
203755
203784
203798
203985
204003
204231
204340
204347
204412
204602
204618
204644
204708
204908
204924
205014
205295
205451
205491
205717
205725
205937
205968
206070
206189
206198
206336
206375
206523
206819
206838
206908
206911
206923
206942
207024
207170
207415
207453
207736
207857
208105
208112
208143
208166
208302
208406
208621
208648
208714
208993
209126
209336
209623
209700
209835
209895
210075
210132
210201
210305
210309
210392
210436
210815
211133
211195
211289
211714
211829
211852
211897
212131
212173
212252
212302
212396
212470
212559
213156
213211
213285
213383
213544
213664
213674
213696
213731
213830
213857
214144
214482
214510
214932
214976
215200
215210
215218
215517
215677
215736
215901
215982
216288
216506
216587
216592
216618
216844
216869
217024
217053
217122
217360
217375
217389
217398
217451
217549
217561
217840
218130
218421
218814
218925
219074
219154
219258
219501
219510
220145
220223
220332
220343
220445
220650
220727
220927
220941
221068
221198
221263
221274
221300
221314
221414
221537
221676
221821
221841
221887
222068
222290
222325
222382
222403
222436
222480
222514
222601
222622
222642
222814
222819
222922
222986
223094
223207
223247
223318
223486
223495
223534
223586
224101
224273
224278
224279
224380
224444
224524
224739
224745
224835
224936
225128
225197
225225
225327
225364
225387
225392
225501
225639
225653
225718
226213
226246
226358
226373
226394
226681
226922
226986
226987
227026
227072
227197
227278
227421
227452
227513
227523
227662
227702
227708
227720
227728
227744
227750
227767
227937
227949
228050
228142
228196
228199
228243
228263
228426
228483
228600
228742
228750
228753
228771
228896
228915
229083
229138
229211
229242
229244
229315
229479
229520
229610
229841
229979
230012
230196
230220
230402
230438
230451
230645
230787
230894
230924
230949
230976
231036
231180
231271
231579
231784
231794
231866
231873
231965
231985
232130
232650
232721
232902
232973
233348
233379
233953
234033
234073
234230
234298
234299
234301
234658
234705
234837
234910
235087
235241
235379
235389
235465
235562
235743
235831
236037
236183
236289
236310
236434
236501
236537
236566
236572
236610
236734
236746
237295
237426
237459
237695
237736
237775
237968
238040
238311
238396
238501
238543
238615
238651
238681
238688
238710
239082
239473
239634
239683
240044
240077
240118
240145
240334
240369
240483
240675
240679
240725
240827
240873
240952
241054
241160
241178
241179
241384
241511
241513
241655
241741
241824
241863
242054
242104
242142
242144
242279
242389
242824
243144
243252
243277
243304
243348
243370
243471
243620
243750
244215
244278
244393
244732
244742
244771
245137
245299
245316
245524
245621
245672
245751
245781
245995
246075
246099
246235
246416
246680
246688
246694
246746
246773
246804
246847
247012
247042
247074
247203
247276
247280
247498
247574
247928
248020
248649
248746
248758
248783
249055
249114
249156
249198
249305
249324
249491
249492
249570
249965
250012
250039
250045
250098
250154
250191
250241
250431
250448
250556
250593
250596
250617
250677
250855
250905
250965
251077
251091
251164
251288
251310
251367
251527
251605
251621
251626
251746
251748
251930
252048
252209
252756
252786
252860
252908
252978
253000
253036
253083
253222
253314
253342
253427
253502
253645
253849
254042
254073
254132
254188
254345
254616
254756
254773
254823
254910
255092
255226
255290
255291
255603
255649
255711
255805
255809
255849
255886
256244
256269
256436
256438
256511
256573
256589
256655
256830
256838
256861
256867
256878
256913
256948
256974
257047
257248
257254
257495
257639
257666
257814
257823
257830
257868
257875
257914
258132
258172
258464
258519
258544
258570
258668
258688
258937
259053
259076
259101
259288
259308
259409
259564
259698
259918
260187
260361
260516
260579
260660
260805
260874
260985
261119
261157
261165
261189
261485
261781
261870
262089
262931
263204
263401
263499
263524
263557
263562
263674
263782
263936
263973
263983
264115
264304
264522
264591
264628
264831
264879
264883
264918
265238
265281
265490
265760
265876
265990
265992
266080
266254
266384
266467
266504
266665
266675
266700
267465
267599
267630
267693
267734
267744
267828
267850
267887
267981
267982
268277
268326
268355
268375
268381
268383
268408
268416
268650
268751
268817
268997
269100
269331
269338
269510
269547
269596
269713
269817
269818
270021
270106
270124
270126
270166
270220
270432
270435
270858
270905
270950
270978
271194
271357
271395
271396
271454
271506
271511
271576
271615
271832
271862
272047
272137
272139
272354
272523
272634
273461
273468
273550
273563
273569
273573
273787
273800
273862
273864
273866
273974
274145
274159
274161
274207
274519
274798
274861
275066
275258
275264
275774
275836
275878
276080
276084
276140
276318
276379
276465
276495
276556
276637
276686
276772
276820
276903
277173
277200
277309
277428
277503
277593
277696
277775
277777
277810
277849
278048
278050
278081
278258
278442
278579
278586
