26
460
505
720
920
925
986
1039
1068
1109
1128
1193
1277
1300
1384
1417
1541
1592
1910
1999
2202
2254
2265
2344
2579
2603
2842
2976
3408
3694
3710
3786
3899
4054
4151
4190
4232
4316
4399
4421
4709
5032
5193
5238
5292
5388
5445
5619
5627
5798
5858
5982
6085
6172
6234
6305
6370
6436
6513
6718
6744
6855
6907
7292
7320
7435
7554
7643
7702
7726
7860
8011
8160
8345
8366
8388
8443
8509
8557
8571
8644
8648
8775
8812
8830
8931
8939
8968
9030
9055
9131
9208
9253
9293
9301
9378
9520
9631
9762
9918
10088
10163
10347
10422
11027
11113
11162
11533
11585
11716
11861
11888
11951
12257
12431
12515
12548
12606
12990
13016
13173
13201
13379
13426
13492
13551
13588
13687
13721
13788
13864
13915
14138
14144
14255
14333
14383
14423
14488
14510
14731
14811
14845
14897
14905
14967
15066
15162
15478
15501
15687
15722
15798
15949
16142
16208
16222
16276
16670
16881
16899
16991
17182
17242
17246
17329
17420
17469
17612
17787
17803
17954
18045
18105
18337
18388
18512
18757
18871
19036
19081
19145
19550
19808
19830
19961
20058
20124
20129
20198
20256
20491
20678
20716
20766
20774
20809
20858
20958
20975
21344
21427
21642
21703
21872
21915
21928
22480
22668
22806
22825
22832
23189
23395
23480
23687
23688
23715
23730
23754
23764
23770
23796
23957
24169
24205
24450
24504
24885
24899
24983
25075
25231
25237
25267
25327
25336
25537
25707
25708
25774
26103
26420
26642
26676
26713
27105
27231
27860
27917
27937
28144
28315
28415
28599
28618
28883
28895
29160
29333
29380
29660
29833
29996
30016
30023
30077
30097
30147
30188
30194
30371
30484
30625
30676
30703
30722
30773
30821
30901
30990
31223
31393
31564
31596
31707
31710
31958
32327
32333
32440
32484
32526
32785
32792
33004
33030
33031
33218
33304
33379
33457
33646
33999
34003
34035
34165
34351
34367
34573
34605
34861
34886
35336
35390
35440
35614
35679
35699
35966
36010
36116
36220
36224
36270
36272
36340
36369
36474
36537
36675
36752
36976
37078
37411
37437
37527
37681
37973
38115
38322
38427
38497
38559
38704
38738
38892
38944
38978
39189
39197
39424
39581
39703
39716
40151
40178
40207
40230
40433
40793
40957
41123
41166
41170
41288
41600
41650
41681
42096
42251
42487
42587
42606
42635
42677
42712
42883
42916
43109
43178
43425
43444
43571
43679
43778
43827
43886
44218
44240
44252
44298
44322
44396
44437
44479
44748
44957
45039
45084
45247
45278
45337
45402
45770
45818
45847
45856
45877
45919
45960
45997
46034
46038
46171
46547
46613
46650
46763
46945
46975
47146
47178
47180
47240
47363
47458
47581
47615
47760
48000
48007
48034
48085
48118
48193
48244
48536
48865
49047
49078
49265
49309
49524
49531
49763
49880
49886
50031
50078
50192
50204
50225
50518
50886
50959
51067
51200
51211
51233
51259
51273
51326
51398
51420
51423
51460
51490
51778
51888
52183
52189
52250
52370
52491
52534
52599
52617
52674
52847
52927
53081
53132
53835
53851
53905
54051
54064
54084
54198
54477
54761
55045
55066
55106
55212
55234
55423
55661
55709
55758
55821
55894
56077
56081
56190
56197
56255
56323
56345
56465
56474
56511
56646
56750
56923
57038
57045
57067
57145
57425
57597
57637
57750
57915
58096
58153
58347
58395
58586
58690
59034
59195
59304
59335
59477
59646
59706
60143
60369
60550
60582
60634
60648
60684
60782
60790
60808
60845
60902
61142
61211
61345
61464
61634
61680
61847
61959
62020
62141
62202
62474
62777
62839
62898
62935
63111
63162
63168
63173
63223
63465
63516
63576
63633
63992
64749
64825
64913
64934
65248
65487
65664
65739
66079
66161
66163
66312
66508
66537
66675
66716
66744
67071
67128
67204
67219
67230
67424
67439
67547
67602
67646
67721
67770
67791
67812
67844
67903
68066
68177
68262
68824
68931
69038
69216
69259
69294
69391
69569
69811
69877
69938
70112
70211
70216
70294
70433
70554
70667
70751
70758
70832
70955
71198
71253
71398
71426
71472
71783
71823
72001
72019
72159
72183
72271
72460
72615
72712
73085
73175
73317
73453
73592
73593
73600
73613
73623
73632
73646
73650
73827
74080
74096
74112
74145
74149
74201
74306
74330
74357
74476
74834
74901
74989
75011
75102
75138
75158
75509
75515
75717
75726
75871
75982
76214
76381
76424
76475
76655
76836
77019
77023
77058
77180
77278
77324
77398
77407
77466
77610
77669
77686
77692
77738
77762
77836
77979
78073
78153
78241
78321
78335
78376
78559
78756
79049
79100
79182
79487
79589
79940
79945
79985
80261
80272
80284
80594
80690
80757
80944
81008
81204
81719
81822
82059
82281
82385
82407
82479
82527
82535
82605
82690
82822
82963
83051
83112
83116
83142
83195
83208
83298
83389
83416
83431
83435
83658
84129
84163
84174
84421
84531
84976
85262
85326
86061
86279
86401
86552
86699
86772
86790
86997
86999
87144
87190
87323
87375
87674
87712
87748
87910
88078
88193
88221
88243
88368
88415
88424
88447
88504
88526
88568
88583
88960
89005
89115
89158
89189
89213
89334
89395
89420
89596
89681
89708
89794
90023
90157
90171
90176
90357
90377
90514
90560
90649
90746
90857
91030
91166
91608
91876
92261
92513
92553
92559
92801
92901
92982
93143
93179
93257
93319
93337
93340
93388
93589
93604
93816
93866
94038
94050
94269
94470
94693
94734
94872
94896
94931
94992
95073
95151
95185
95254
95334
95509
95605
95655
95955
96007
96262
96374
96380
96424
96459
96463
96648
96698
96710
96736
97034
97603
97618
97630
97664
97803
97875
97886
97896
98014
98221
98366
98386
98490
98495
98496
98532
98607
98678
98729
98754
98933
99107
99261
99500
99512
99620
99705
99728
99817
99852
99865
100124
100141
100371
100639
100676
100792
100823
101028
101043
101070
101341
101366
101602
102218
102368
102563
102564
102671
102683
102698
103019
103322
103346
103367
103531
103562
103599
103660
103777
103792
103829
103939
103950
104009
104054
104164
104243
104275
104298
104338
104348
104431
104442
104458
104598
104727
104804
104805
104839
105030
105032
105069
105089
105191
105196
105253
105369
105453
105476
105575
105993
106268
106558
106650
106690
106774
107010
107106
107203
107287
107355
107561
107857
107937
108338
108353
108376
108489
108496
108677
108699
108757
108774
108796
108839
108857
108884
108963
108967
109050
109288
109401
109524
109526
109547
109757
109886
109890
110028
110339
110399
110499
110505
110562
110726
110745
110842
110951
111266
111329
111525
111942
112288
112459
112556
112628
112828
112870
112890
113064
113070
113073
113127
113338
113522
113577
113582
113687
113691
113714
113745
113789
113816
113870
114001
114007
114027
114042
114184
114328
114399
114545
114603
114632
114736
114752
114874
115058
115088
115209
115214
115222
115233
115486
115491
115500
115531
115662
115726
115847
116078
116126
116150
116466
116554
116604
116635
117056
117088
117089
117141
117666
117733
117785
117978
118021
118131
118133
118176
118229
118361
118498
118524
118882
118894
119059
119070
119186
119305
119375
119465
119663
119694
119796
119977
120044
120228
120326
120468
120840
120893
120950
121138
121234
121376
122061
122101
122107
122110
122238
122249
122421
122579
122739
122828
122839
123067
123131
123151
123167
123176
123266
123277
123310
123325
123373
123398
123605
123622
123639
123683
123755
124025
124239
124336
124513
124571
124573
124631
124876
125078
125227
125235
125248
125281
125295
125308
125432
125448
125458
125540
125578
125649
125910
126010
126037
126071
126254
126548
126844
126949
127021
127037
127126
127143
127144
127163
127217
127226
127249
127274
127453
127462
127596
127606
127853
128026
128048
128052
128074
128146
128220
128274
128319
128337
128340
128366
128386
128473
128517
128522
128539
128572
128780
128952
128983
129003
129225
129362
129432
129669
129675
129747
129764
129793
129871
129905
129989
130052
130096
130265
130288
130444
130459
130609
130778
130837
130838
130840
131006
131147
131165
131472
131639
131649
131706
132136
132220
132268
132426
132511
132776
132914
133178
133318
133349
133590
133593
133602
134070
134299
134483
134516
134579
134762
134990
135062
135305
135315
135329
135340
135346
135426
135471
135615
135653
135684
135771
136011
136098
136191
136241
136326
136332
136394
136685
136693
136706
137119
137149
137160
137174
137176
137259
137391
137402
137594
137628
137678
137724
137732
137768
137876
137884
138040
138069
138112
138115
138120
138274
138293
138366
138387
138424
138771
138889
138980
139034
139146
139353
139421
139527
139533
139703
139772
139790
139825
139860
140098
140208
140685
140845
141085
141192
141255
141401
141803
142051
142114
142187
142380
142516
142531
142576
142655
142831
143027
143090
143137
143364
143385
143399
143444
143641
143658
143666
143672
143713
143875
143939
143940
144052
144056
144071
144092
144207
144361
144635
144664
144696
144716
144834
145167
145251
145310
145321
145772
145840
145944
146020
146226
146318
146507
146623
147096
147396
147486
147530
147572
147660
147822
147907
148176
148366
148454
148794
149063
149118
149146
149373
149397
149412
149441
149489
149541
149800
149858
149945
150055
150078
150221
150333
150443
150524
150627
150661
150731
150736
151001
151066
151190
151424
151506
151717
151723
151730
151764
152112
152156
152262
152264
152500
152519
152548
152641
152674
152684
152803
152851
152896
152911
152966
153075
153108
153413
153464
153661
153710
153727
153733
153825
153943
154148
154188
154193
154236
154291
154295
154402
154452
154562
154610
154614
154836
155107
155109
155141
155147
155168
155207
155255
155407
155438
155622
155678
155779
155872
156340
156398
156433
156586
156710
156759
157157
157358
157461
157482
157553
157701
157894
157907
157939
157990
158034
158066
158122
158176
158226
158228
158234
158291
158471
158779
158807
158844
159059
159400
159520
159628
159736
159784
159972
160351
160424
160680
160711
160781
160826
161000
161148
161224
161318
161730
161736
161740
161986
162383
162405
162755
162957
163039
163172
163368
163424
163511
163934
164029
164087
164253
164268
164302
164326
164444
164455
164595
164691
164713
164740
164788
164843
164878
164905
165004
165182
165209
165234
165496
165542
165608
165719
165736
165960
166173
166198
166203
166322
166326
166330
166379
166553
166660
166672
166893
166953
167045
167049
167104
167154
167209
167262
167639
168101
168194
168195
168390
168423
168755
168866
168956
168988
169156
169205
169274
169351
169683
169700
169727
169780
170029
170120
170180
170187
170193
170389
170644
171225
171278
171420
171648
171826
172010
172198
172577
172691
172705
172873
172888
173017
173090
173110
173147
173216
173443
173447
173512
173561
173580
173670
173778
173796
173912
173964
174032
174078
174121
174173
174285
174315
174900
175060
175201
175355
175359
175370
175585
175597
175602
175671
175683
175728
175853
176151
176664
176770
176846
176941
177268
177271
177315
177391
177584
177778
177928
178166
178211
178348
178482
178569
178604
178709
178747
178941
178946
178948
178980
179120
179153
179154
179695
179711
179875
179900
180224
180414
180474
180475
180491
180595
180655
180661
180670
180783
180805
180902
181114
181167
181205
181213
181307
181344
181356
181500
181571
181643
181647
181853
181899
181959
181987
182065
182099
182154
182215
182551
182562
182840
182892
182993
183160
183266
183337
183355
183539
183619
183682
183740
183866
183946
184049
184082
184273
184336
184445
184489
184563
184641
184975
184979
184994
185291
185328
185342
185445
185474
185498
185507
185882
185958
185962
185977
186152
186192
186330
186462
186630
186655
186672
186873
187056
187166
187229
187294
187323
187502
187799
187919
187942
187948
188215
188358
188385
188391
188408
188494
188849
188985
189038
189042
189061
189315
189358
189482
189574
189578
189585
189690
189768
189774
189778
190007
190050
190196
190210
190264
190315
190381
190404
190569
190579
190584
190892
190950
191010
191075
191085
191110
191115
191117
191192
191214
191226
191310
191322
191443
191532
191743
191847
191867
191871
192020
192058
192197
192272
192363
192507
192617
192619
192696
192697
192873
192884
192901
192912
192926
192955
193169
193284
193340
193523
193680
193759
193768
193825
193924
194266
194319
194351
194419
194498
194636
194792
195051
195185
195296
195710
195795
195905
196158
196267
196323
196327
196507
196602
196817
196837
196953
196978
196987
197035
197039
197138
197360
197425
197450
197618
197630
197681
197696
197701
197703
197770
198270
198422
198468
198583
198648
198980
199004
199029
199129
199380
199415
199603
199828
199896
199924
200048
200078
200195
200215
200295
200514
200769
200904
200947
201045
201644
201940
201998
202214
202254
202350
202377
202436
202613
202694
202756
202809
203010
203121
203135
203246
203337
203341
203475
203564
203662
203779
203887
203916
203921
203987
204186
204292
204356
204471
204472
205389
205394
205869
205872
205927
206113
206133
206218
206498
206502
206597
206728
206768
207122
207154
207286
207296
207623
207812
207825
207852
207874
207905
207918
208043
208079
208090
208107
208113
208125
208237
208414
208424
208546
209025
209051
209134
209291
209488
209586
209680
209758
209760
209784
209885
210018
210037
210313
210599
210659
210853
210934
210962
211071
211164
211241
211297
211413
211505
211541
211587
211686
211779
211800
211854
211986
212164
212234
212366
212381
212529
212712
212725
212768
213076
213137
213166
213316
213550
213615
213643
213847
214094
214199
214246
214252
214858
214950
214998
215108
215248
215443
215460
215662
215693
215745
215749
215761
215844
215858
216049
216160
216164
216166
216263
216342
216410
217095
217146
217415
217547
217757
217794
217904
218310
218345
218424
218556
218628
218683
218719
218794
218815
218941
219178
219206
219228
219231
219290
219310
219328
219685
219693
219715
219872
219874
219965
220099
220138
220432
220438
220483
220623
220632
220641
220778
220823
221014
221223
221360
221459
221804
221828
221851
221987
222008
222031
222135
222174
222187
222299
222313
222419
222594
222623
222802
222856
222995
223029
223041
223081
223119
223171
223214
223540
223898
224114
224184
224268
224412
224653
224714
224848
224947
225171
225189
225254
225272
225310
225319
225320
225348
225530
225549
225596
225689
225722
225810
225883
226108
226193
226330
226378
226379
226423
226672
226823
226919
226983
227010
227296
227381
227404
227406
227408
227466
227478
227730
227953
227973
228075
228173
228215
228303
228366
228523
228568
228597
228642
228666
228708
228987
229070
229219
229238
229243
229268
229678
229758
229814
229846
229849
230088
230139
230319
230355
230360
230422
230745
230831
230872
230874
230970
231157
231211
231288
231341
231409
231500
231581
231796
232002
232059
232657
232659
232821
232919
232923
233274
233278
233286
233441
233567
233630
233642
233652
233752
233781
233798
234042
234149
234334
234499
234518
234670
234683
234773
234776
234795
234812
234831
235173
235421
235756
235794
235865
235891
236050
236209
236329
236399
236469
236541
236709
236720
236722
236786
236788
236828
236874
236964
237016
237063
237129
237154
237259
237491
237575
237613
237643
237744
237796
237835
237926
237965
238001
238278
238623
238633
238655
238668
238689
238817
238931
238953
238963
239077
239108
239171
239296
239595
239600
239606
239679
239694
239802
239852
239873
239978
240031
240066
240076
240121
240147
240188
240206
240244
240301
240342
240343
240412
240468
240750
240770
240895
240918
240933
241005
241032
241610
241678
241680
241823
241914
242011
242022
242182
242235
242256
242426
242467
242475
242514
242600
242602
242799
242904
243150
243359
243384
243406
243423
243718
243866
243934
244122
244157
244296
244298
244382
244421
244579
244662
244725
244764
244931
244935
245027
245119
245130
245263
245290
245303
245400
245406
245600
245797
245827
245852
245899
246030
246180
246280
246338
246440
246473
246544
246612
246776
246788
246815
246904
247070
247107
247455
247596
247678
247780
247788
247794
247852
247929
248204
248393
248485
248786
249008
249068
249437
249539
249581
249760
249781
249891
250027
250162
250173
250222
250245
250513
250536
250599
250667
250675
250692
250783
250852
250944
250986
251224
251309
251479
251601
251852
251864
251919
252319
252370
252380
252415
252622
252737
252813
253337
253605
254364
254402
254545
254804
254934
254981
255067
255093
255324
255331
255517
255532
255907
256289
256359
256499
256564
256853
256879
256978
256988
257051
257179
257193
257405
257407
257444
257467
257540
257848
257856
257954
258050
258141
258143
258231
258238
258664
258745
258824
258950
259107
259239
259245
259270
259403
259407
259440
259580
259653
259870
260117
260278
260282
260341
260374
260394
260475
260538
260662
260663
260835
260893
260964
260980
260997
261012
261173
261180
261493
261735
261930
262213
262445
262509
262558
262605
262646
262868
262912
263159
263192
263529
263618
263746
263847
264124
264195
264303
264332
264464
264529
264594
264650
264802
264873
265032
265246
265258
265270
265558
265566
265611
265665
265784
265815
265816
265906
266015
266050
266223
266420
266475
266638
266644
266709
266774
266795
266902
266952
267000
267017
267036
267177
267275
267305
267386
267434
267580
267656
267690
268184
268219
268225
268239
268249
268281
268333
268373
268398
268413
268457
268477
268779
268814
268926
268929
269193
269214
269278
269309
269332
269586
269588
269699
269753
269813
269838
269873
269890
269910
270037
270058
270150
270284
270386
270421
270455
270478
270497
270528
270829
270911
270952
271083
271099
271120
271173
271332
271366
271439
271569
271582
271970
271976
272026
272295
272384
272700
272714
272910
272922
272970
273198
273208
273356
273413
273475
273487
273562
273588
273590
273652
273732
273809
273857
273902
274040
274106
274255
274273
274286
274299
274432
274438
274538
274789
274905
275055
275074
275155
275156
275226
275235
275265
275273
275280
275373
275499
275516
275676
275694
275704
275711
275726
275854
275972
276000
276031
276261
276282
276339
276726
276756
276813
276988
277007
277125
277318
277337
277353
277383
277423
277531
277591
277626
277654
277669
277731
277761
277800
277805
277825
277859
277919
277975
277986
278023
278068
278090
278098
278132
278160
278239
278259
278356
278413
278426
278437
278470
278497
278583
