30
119
297
391
427
465
491
577
652
657
755
774
787
803
811
812
835
847
875
878
879
896
900
928
964
1012
1075
1116
1124
1126
1151
1192
1201
1225
1260
1275
1389
1397
1423
1429
1528
1595
1720
1748
1828
2038
2060
2095
2235
2267
2286
2302
2328
2356
2393
2432
2717
2772
2868
2957
3050
3102
3118
3241
3279
3308
3312
3334
3448
3455
3462
3526
3579
3616
3643
3689
3789
3799
3803
3868
3956
3975
4013
4065
4095
4141
4162
4175
4210
4221
4224
4256
4272
4301
4441
4501
4546
4607
4731
5011
5122
5133
5263
5277
5297
5309
5355
5437
5526
5631
5684
5766
5908
5936
5948
5955
5963
5995
6019
6168
6211
6235
6244
6262
6288
6418
6479
6489
6501
6664
6669
6689
6722
6806
6851
6933
6964
6965
6980
7141
7154
7198
7225
7298
7323
7327
7338
7384
7455
7483
7492
7570
7635
7677
7715
7796
7901
7923
8020
8114
8171
8214
8302
8353
8365
8396
8430
8433
8492
8523
8551
8598
8747
9043
9092
9133
9242
9291
9330
9364
9801
10010
10064
10066
10180
10206
10288
10324
10406
10411
10438
10591
10667
10672
10703
10930
11033
11043
11199
11220
11272
11317
11359
11394
11439
11525
11530
11561
11587
11906
11947
12091
12162
12169
12285
12295
12297
12346
12484
12492
12556
12578
12580
12656
12676
12680
12700
12734
12753
12757
12808
12817
12958
12963
13022
13040
13043
13059
13069
13108
13131
13262
13273
13463
13482
13619
13890
13896
13921
13939
13988
14043
14079
14121
14209
14257
14340
14370
14380
14531
14565
14569
14632
14773
14843
14867
14874
14907
15035
15054
15186
15187
15192
15260
15443
15460
15527
15624
15645
15803
15818
15981
16042
16227
16249
16505
16610
16612
16615
16800
16854
16884
16885
16960
16981
17012
17014
17049
17064
17170
17196
17298
17468
17476
17642
17720
17971
18081
18086
18216
18246
18265
18492
18530
18649
18842
18905
18933
19017
19100
19125
19154
19233
19236
19242
19297
19368
19376
19428
19454
19487
19509
19527
19529
19862
19926
19998
20075
20131
20212
20270
20338
20451
20468
20485
20524
20869
20871
20947
20972
21176
21941
22001
22117
22170
22173
22212
22268
22524
22661
22675
22793
22848
22958
22978
22990
22992
23020
23288
23355
23504
23637
23640
23693
23710
23800
23996
24020
24033
24098
24161
24173
24183
24187
24203
24226
24243
24277
24310
24454
24515
24593
24644
24784
24788
24854
24906
24915
25013
25138
25349
25366
25398
25401
25520
25701
25803
26151
26179
26193
26276
26312
26400
26465
26476
26494
26672
26740
26803
26847
26879
26976
26986
27128
27199
27267
27533
27543
27548
27600
27610
27745
27811
27874
27879
28175
28192
28318
28320
28392
28410
28447
28458
28475
28502
28621
28622
28624
28686
28703
28744
28863
28881
29021
29170
29176
29284
29434
29561
29798
29801
29815
29828
29916
30039
30068
30076
30102
30123
30236
30256
30333
30509
30566
30629
30650
30690
30713
30826
30840
30870
31067
31239
31240
31255
31398
31399
31495
31515
31538
31574
31684
31708
31729
31738
31873
31923
31939
32011
32046
32092
32095
32102
32302
32365
32377
32386
32428
32463
32513
32763
33018
33023
33060
33079
33081
33097
33150
33158
33160
33251
33280
33378
33386
33476
33492
33495
33524
33544
33579
33649
33774
33862
33954
33992
34046
34130
34289
34290
34331
34413
34447
34672
34716
34784
34885
34900
34983
35000
35106
35124
35272
35908
35962
36216
36255
36329
36371
36422
36475
36485
36488
36519
36596
36714
36746
36750
36776
36879
36885
36919
36970
37036
37044
37061
37182
37226
37450
37519
37561
37586
37614
37677
37800
37906
37925
37979
37995
37999
38016
38089
38220
38223
38225
38330
38377
38453
38470
38504
38517
38663
38863
38915
38926
38927
38967
39010
39076
39243
39336
39478
39506
39552
39685
39687
39743
40040
40081
40156
40177
40195
40219
40287
40304
40332
40337
40506
40521
40586
40705
40798
40864
40886
40897
40898
40974
40998
41002
41003
41079
41080
41164
41199
41222
41234
41373
41631
41959
41963
42196
42324
42441
42476
42539
42550
42710
42897
42901
42930
42964
42989
43044
43074
43364
43433
43445
43530
43596
43656
43728
43738
43767
43770
43811
43859
43894
44051
44081
44181
44193
44283
44300
44335
44374
44376
44529
44562
44570
44704
44714
44849
44950
44992
45093
45107
45265
45271
45439
45467
45565
45589
45734
45781
45804
45961
46071
46113
46183
46199
46308
46559
46586
46658
46693
46833
46874
47004
47177
47198
47199
47225
47324
47355
47483
47496
47551
47721
47729
47765
47769
47790
47840
47884
47957
47983
48086
48135
48143
48154
48307
48315
48318
48413
48541
48592
48643
48687
48690
48959
48968
48969
49003
49049
49069
49087
49171
49428
49448
49661
49727
49844
49964
50307
50392
50437
50452
50505
50532
50595
50596
50638
50651
50695
50729
50735
50745
50834
50850
50888
50941
50991
51076
51124
51157
51180
51193
51394
51438
51513
51515
51578
51581
51609
51666
51691
51701
51737
51767
51772
51789
51795
51799
51836
51837
51848
51869
51885
52135
52241
52295
52373
52376
52418
52444
52463
52616
52636
52737
52915
52950
53015
53248
53304
53313
53323
53713
53782
53823
53858
54053
54147
54204
54228
54267
54296
54308
54357
54440
54475
54519
54637
54840
54863
54903
54908
55172
55252
55290
55327
55391
55412
55467
55497
55510
55527
55888
55893
55896
55899
55925
55992
56083
56168
56240
56360
56415
56490
56491
56537
56943
57081
57105
57180
57192
57520
57543
57605
57628
57656
57675
57693
57751
57763
57798
57819
57835
58170
58287
58386
58607
58756
58834
59067
59109
59146
59381
59540
59545
59675
59683
59689
59698
59755
59767
59845
59847
59864
59865
59869
59873
59920
60029
60054
60060
60106
60121
60134
60141
60199
60202
60208
60319
60474
60547
60552
60571
60597
60657
60704
60778
61023
61052
61172
61205
61218
61274
61327
61408
61442
61648
61732
61781
61901
61948
61956
62028
62042
62153
62314
62346
62366
62472
62477
62541
62554
62608
62715
62825
62826
62828
62832
62892
62911
62946
62972
63017
63025
63068
63222
63226
63392
63399
63463
63667
63766
63793
63893
63962
63995
64000
64025
64106
64250
64389
64414
64561
64813
64845
64881
65090
65128
65172
65286
65316
65468
65675
65707
65710
65818
65838
65956
65961
66010
66033
66034
66175
66460
66568
66651
66654
66692
66915
66969
67137
67143
67231
67280
67336
67377
67437
67446
67465
67499
67509
67581
67633
67694
67838
67864
67929
67941
67962
68011
68018
68130
68238
68291
68300
68579
68695
68719
68787
68820
68838
68859
68985
68995
69050
69085
69220
69273
69299
69320
69338
69410
69422
69426
69666
69732
69746
69795
69931
69949
69972
69984
69988
69994
69995
70005
70007
70042
70052
70085
70131
70135
70136
70153
70197
70307
70312
70497
70697
70712
70745
70771
70866
70900
70912
70914
70917
70992
71055
71078
71147
71280
71434
71457
71606
71739
71845
71900
71904
71906
71959
72101
72115
72129
72160
72203
72243
72273
72278
72294
72334
72384
72409
72490
72967
72992
72997
73036
73048
73117
73142
73155
73177
73232
73252
73257
73314
73496
73545
73618
73831
73881
73974
74119
74368
74393
74411
74422
74459
74470
74544
74571
74591
74594
74596
74684
74755
74878
74909
74932
75020
75023
75041
75091
75402
75590
75603
75654
75680
75710
75722
75904
76002
76122
76136
76149
76186
76211
76272
76276
76442
76480
76575
76665
76669
76677
76873
76887
76941
76988
77150
77188
77221
77307
77325
77343
77345
77353
77387
77581
77614
77783
77808
77953
78003
78005
78088
78108
78276
78280
78307
78581
78652
78857
78896
78954
79069
79124
79128
79240
79304
79390
79448
79551
79578
79728
79933
79989
79995
80006
80113
80187
80230
80451
80479
80607
80654
80671
80768
80774
80782
80790
80862
80881
81063
81327
81358
81408
81495
81664
81882
81906
81922
82245
82257
82301
82388
82408
82436
82457
82467
82649
82679
82711
82723
82730
82934
82936
82948
82993
83024
83071
83105
83226
83227
83246
83250
83407
83453
83522
83586
83649
83711
83809
83831
83931
83948
84113
84145
84254
84272
84446
84462
84473
84489
84501
84633
84657
84685
84863
84978
84979
84994
85003
85013
85018
85087
85092
85117
85124
85379
85447
85624
85945
86031
86060
86130
86181
86185
86193
86283
86318
86461
86505
86578
86680
86702
86708
86721
86758
86801
86890
87027
87151
87187
87452
87486
87670
87716
87735
87737
87760
87766
87812
87829
87856
87865
88001
88010
88036
88052
88217
88298
88300
88417
88451
88462
88506
88612
88700
88723
88731
88745
88749
88750
88809
88822
88843
88884
88885
88920
89201
89340
89382
89458
89575
89669
89715
89732
89820
89885
89977
89986
90021
90059
90110
90173
90376
90465
90742
90779
90836
90856
90886
90984
90994
91197
91209
91213
91275
91351
91415
91527
91632
91681
91869
91872
92296
92327
92366
92392
92397
92453
92458
92595
92599
92606
92804
92813
92882
92953
93137
93141
93151
93162
93175
93198
93325
93336
93458
93498
93515
93527
93529
93655
93794
93896
93958
94043
94065
94073
94094
94192
94196
94220
94397
94461
94481
94570
94751
94891
95006
95025
95044
95052
95138
95205
95211
95252
95298
95409
95435
95444
95529
95580
95610
96106
96194
96228
96352
96379
96510
96556
96578
96662
96725
96727
96745
96814
96932
97028
97270
97358
97518
97531
97645
97705
97737
97765
97775
97824
97834
97920
97923
98100
98107
98116
98152
98188
98375
98379
98447
98476
98545
98551
98601
98604
98612
98656
98680
98796
98822
98960
98961
99109
99158
99255
99266
99356
99471
99546
99586
99932
100238
100251
100388
100592
100735
100772
100926
101014
101238
101292
101346
101423
101474
101521
101594
101646
101886
102349
102385
102427
102429
102461
102631
102633
102836
102910
102949
102983
103078
103081
103114
103168
103214
103231
103248
103260
103262
103383
103436
103525
103534
103628
103673
103727
103834
103869
104064
104102
104171
104185
104267
104293
104314
104322
104327
104397
104409
104496
104503
104525
104642
104756
104801
104898
104973
104978
105189
105313
105345
105361
105375
105744
105974
106063
106250
106382
106467
106628
106674
106830
106915
107034
107129
107137
107217
107253
107274
107342
107519
107558
107612
107765
108105
108167
108193
108334
108360
108383
108402
108444
108465
108723
108854
108977
108980
109016
109027
109106
109307
109411
109451
109529
109552
109589
109627
109633
109662
109722
109854
109901
109919
110066
110271
110278
110408
110584
110693
110783
111018
111029
111114
111232
111244
111263
111271
111390
111447
111459
111478
111493
111511
111515
111519
111531
111536
111542
111610
111621
111794
111904
111906
111979
111987
112015
112079
112086
112137
112142
112154
112164
112183
112208
112309
112414
112447
112468
112479
112518
112521
112609
112804
112927
112996
113160
113321
113464
113498
113561
113614
113629
113639
113705
113736
113751
113753
113762
113896
113965
113980
114086
114097
114110
114259
114326
114431
114536
114551
114574
114583
114645
114802
114819
114825
114933
115121
115170
115364
115739
115853
115896
115953
115956
115988
116025
116221
116329
116464
116526
116527
116625
116797
117027
117087
117238
117263
117304
117346
117407
117443
117457
117474
117562
117612
117628
117663
117673
117772
117869
118082
118351
118467
118478
118634
118682
118709
118823
118875
118896
118945
119033
119372
119405
119569
119579
119583
119592
119658
119792
119856
120052
120130
120230
120464
120479
120523
120530
120544
120588
120818
120849
120869
120951
120961
120982
120999
121002
121122
121283
121296
121302
121355
121360
121440
121459
121640
121773
121796
121810
121836
121852
121855
121920
121954
121989
122038
122051
122153
122220
122290
122361
122398
122605
122681
122741
122810
122831
122836
122933
122934
122963
123033
123276
123424
123427
123495
123593
123610
123679
123706
123744
123957
124114
124180
124204
124325
124346
124363
124450
124504
124515
124533
124563
124580
124616
124667
124733
124743
124824
124838
124848
124948
124989
125042
125073
125318
125365
125418
125430
125461
125586
125786
125816
125897
125983
126118
126120
126189
126219
126227
126250
126271
126368
126449
126458
126488
126790
126837
126917
126991
127022
127094
127124
127239
127261
127346
127388
127557
127570
127827
127832
127908
127965
128107
128355
128429
128455
128487
128488
128494
128562
128611
128737
128817
128943
129013
129111
129119
129150
129159
129164
129260
129292
129422
129503
129621
129624
129626
129719
129733
129787
129901
129915
129929
129938
130021
130024
130042
130054
130079
130083
130158
130224
130237
130319
130405
130424
130595
130605
130608
130761
130825
130888
130915
130997
131169
131176
131248
131256
131292
131343
131375
131415
131538
131594
131619
131811
131822
131849
131911
132009
132070
132077
132097
132151
132397
132670
132813
132878
133184
133202
133204
133277
133291
133358
133369
133434
133531
133654
133756
133864
133873
133892
133967
134061
134081
134283
134291
134376
134437
134490
134555
134621
134636
134638
134666
134807
134877
134905
134984
135068
135165
135240
135297
135379
135410
135413
135441
135463
135476
135516
135624
135625
135635
135799
135864
135867
136032
136126
136154
136166
136205
136240
136283
136328
136333
136411
136491
136525
136650
136707
136729
136790
136881
136924
136950
136963
136988
137024
137056
137071
137074
137154
137172
137192
137247
137257
137269
137309
137339
137384
137454
137553
137589
137736
137878
137889
137928
138002
138048
138145
138153
138162
138164
138255
138390
138451
138515
138533
138539
138548
138556
138754
138799
138875
138930
138953
139004
139032
139136
139241
139312
139394
139481
139502
139504
139615
139710
139715
139775
139802
139803
139806
139856
139922
140008
140023
140144
140165
140173
140212
140320
140369
140440
140561
140595
140596
140603
140611
140646
140710
140810
140834
140976
140988
140993
141265
141324
141357
141535
141676
141812
141871
141904
141993
142100
142218
142251
142277
142389
142390
142461
142577
142594
142630
142674
142706
142715
142731
142738
142802
142899
143064
143089
143112
143167
143428
143436
143625
143711
143742
143831
143835
143872
144074
144141
144155
144363
144377
144536
144642
144888
144897
144914
145143
145155
145160
145170
145179
145228
145257
145258
145353
145415
145429
145489
145493
145558
145582
145887
145915
145966
145998
146165
146223
146224
146303
146352
146499
146534
146558
146583
146666
146699
146707
146788
146808
146850
146881
147293
147335
147344
147395
147452
147547
147656
147717
147738
147781
147789
147799
147855
147891
148022
148065
148256
148281
148349
148392
148393
148467
148489
148516
148568
148587
148596
148605
148657
148666
148671
148689
148737
148766
148775
148806
148819
148932
149045
149074
149217
149226
149925
150072
150103
150172
150275
150332
150449
150526
150590
150648
150764
150893
151035
151272
151297
151335
151400
151515
151528
151531
151564
151605
151691
151758
151915
152066
152085
152323
152492
152493
152578
152659
152675
152695
152722
152745
152825
152923
152976
153054
153105
153118
153143
153323
153342
153521
153591
153616
153630
153719
153901
153990
154001
154002
154086
154201
154244
154306
154423
154464
154613
154683
154708
154729
154842
155048
155095
155108
155116
155177
155292
155389
155423
155437
155463
155575
155694
155747
155778
155834
156159
156261
156342
156366
156432
156584
156689
156846
156910
156949
156970
156999
157095
157144
157152
157237
157256
157266
157301
157357
157399
157430
157466
157530
157537
157635
157654
157733
157759
157831
157852
157929
157935
157940
158052
158119
158126
158269
158292
158416
158615
158633
158719
158738
158754
158756
158846
159043
159207
159273
159347
159360
159556
159657
159746
160029
160192
160226
160241
160242
160418
160473
160501
160641
160895
160913
160971
161088
161102
161193
161213
161239
161306
161321
161350
161351
161405
161406
161463
161483
161534
161598
161601
161652
161732
161741
161759
161762
161802
161905
161912
162011
162014
162018
162035
162096
162098
162136
162278
162345
162379
162384
162438
162511
162724
162742
162796
162911
162976
163022
163040
163053
163059
163074
163521
163554
163563
163569
163752
163845
163891
163965
164094
164121
164159
164171
164181
164190
164214
164314
164388
164472
164481
164509
164539
164567
164577
164588
164597
164706
164707
164733
164910
165125
165220
165240
165245
165290
165395
165405
165484
165502
165509
165526
165702
165777
165938
165948
166025
166111
166275
166276
166331
166397
166435
166557
166571
166581
166601
166604
166638
166717
166739
166771
166867
166914
166915
167255
167290
167311
167479
167547
167551
167573
167774
167850
167893
167944
168029
168131
168169
168189
168424
168431
168481
168537
168550
168895
169003
169012
169026
169073
169102
169191
169250
169294
169308
169316
169320
169359
169392
169404
169427
169450
169463
169529
169544
169581
169716
169719
169764
169815
169883
169908
169914
169922
170061
170093
170135
170144
170202
170215
170339
170403
170474
170540
170549
170557
170568
170695
170707
170836
170874
170897
171105
171132
171182
171184
171240
171267
171300
171487
171588
171665
171790
172154
172189
172393
172505
172521
172607
172711
172714
172718
172719
172733
172739
172807
172915
173117
173214
173462
173546
173673
173780
173848
173967
174009
174046
174134
174175
174270
174327
174367
174467
174503
174524
174539
174554
174579
174616
174652
174675
174684
174718
174789
174791
174795
174982
175018
175139
175423
175651
175679
175693
175974
175991
175997
176074
176147
176362
176400
176424
176439
176607
176817
176984
176988
177069
177076
177360
177410
177442
177469
177498
177707
177741
177770
178011
178035
178205
178219
178287
178467
178623
178680
178778
178888
178897
178902
178915
179008
179051
179179
179229
179236
179385
179411
179468
179505
179748
179894
179899
179916
179961
180095
180128
180144
180172
180372
180383
180405
180477
180578
180641
180674
181135
181238
181341
181394
181428
181508
181610
181825
181850
181944
181985
182002
182054
182120
182300
182336
182461
182518
182641
182664
182676
182739
182801
182950
182983
182995
183112
183133
183213
183263
183278
183515
183520
183521
183720
183768
183827
183893
184176
184230
184235
184308
184584
184618
184747
184947
184963
185233
185310
185313
185442
185739
185810
185885
185934
186032
186125
186165
186187
186194
186213
186274
186333
186386
186536
186604
186882
187077
187091
187109
187198
187207
187335
187373
187456
187463
187510
187711
187870
187890
187911
187994
188004
188042
188075
188103
188126
188238
188475
188535
188713
188745
188747
188854
188997
189026
189035
189078
189242
189426
189440
189442
189476
189479
189503
189582
189594
189616
189625
189783
189832
189863
189983
190071
190145
190150
190177
190218
190227
190278
190312
190352
190374
190467
190483
190504
190627
190638
190716
190727
190729
190891
191166
191380
191561
191563
191575
191627
191715
191779
191841
191932
191936
191955
192000
192120
192215
192283
192328
192392
192402
192443
192445
192478
192615
192733
192826
192854
192871
192988
193063
193084
193115
193161
193224
193313
193412
193519
193535
193575
193603
193606
193741
193827
193860
193900
193983
194057
194071
194090
194184
194529
194594
194839
195035
195063
195217
195267
195323
195363
195518
195571
195626
195674
195688
195698
195774
195841
196001
196044
196055
196074
196124
196144
196146
196157
196238
196240
196242
196272
196288
196343
196357
196464
196538
196572
196574
196621
196625
196635
196760
196768
196858
196951
196995
197047
197111
197147
197161
197226
197287
197301
197336
197375
197404
197408
197411
197517
197528
197575
197581
197628
197647
197718
197720
197767
197896
198093
198466
198503
198617
198697
198716
198760
198919
198956
198979
199064
199095
199189
199282
199513
199616
199837
199884
199917
200089
200115
200162
200212
200227
200326
200327
200345
200361
200375
200406
200493
201038
201635
201649
201691
201716
201753
201784
201810
201841
201854
201901
201931
201955
201985
201987
202100
202191
202415
202468
202678
202822
202880
203039
203142
203211
203241
203281
203414
203446
203456
203527
203540
203547
203599
203644
203757
203768
203849
203860
203881
203898
203922
203937
203955
204018
204058
204134
204295
204299
204387
204419
204473
204594
204643
204647
204724
204800
204833
204850
204885
204905
204963
205122
205249
205339
205343
205544
205545
205627
205703
205734
205755
205780
205921
205935
205938
206015
206056
206244
206262
206276
206367
206781
206863
206887
206966
207040
207085
207228
207325
207403
207446
207474
207554
207638
207683
207702
207720
207813
207829
207851
207877
207880
207993
208092
208127
208188
208311
208404
208416
208435
208512
208540
208600
208604
208981
209106
209121
209280
209378
209391
209529
209592
209615
209801
209811
209865
209976
209984
210011
210041
210106
210110
210127
210180
210412
210421
210456
210719
210749
210767
210863
210877
210885
210922
211066
211146
211271
211542
211713
211736
211758
211785
211786
211788
211799
211851
211878
211902
212040
212087
212308
212324
212335
212477
212516
212530
212625
212671
212855
212900
212994
213006
213062
213080
213097
213107
213117
213136
213142
213296
213318
213323
213424
213547
213589
213656
213659
213694
213716
214212
214248
214291
214320
214454
214505
214651
214661
214704
214750
214912
214934
214948
215075
215076
215254
215467
215667
215789
215792
215804
215912
215964
216065
216138
216195
216298
216417
216477
216489
216572
216605
216735
216888
216904
216922
216966
217009
217049
217080
217120
217204
217259
217270
217340
217362
217363
217395
217459
217557
217607
217723
217919
217931
217962
218005
218049
218059
218185
218227
218324
218394
218545
218642
218669
218684
218720
218755
218767
218802
218830
218856
218885
218903
218993
219036
219080
219172
219195
219227
219270
219410
219525
219545
219617
220004
220122
220217
220406
220428
220441
220546
220574
220580
220582
220600
220633
220869
220895
220930
220963
220964
220969
220992
221006
221162
221167
221311
221331
221425
221574
221672
221748
221791
222025
222081
222233
222252
222319
222328
222384
222518
222525
222676
222712
222774
223037
223073
223198
223296
223312
223313
223345
223673
223779
223782
223874
223920
223937
224003
224066
224113
224198
224357
224475
224557
224614
224633
224893
224987
225066
225163
225184
225297
225352
225372
225375
225416
225457
225566
225796
225830
225905
225923
226067
226077
226093
226153
226282
226328
226353
226388
226432
226458
226499
227125
227193
227360
227512
227517
227524
227552
227632
227666
227787
227794
227980
228113
228132
228328
228358
228526
228561
228658
228725
228758
228791
228903
228940
228947
228950
228970
228972
228988
228992
229028
229046
229133
229165
229183
229231
229269
229279
229283
229381
229427
229453
229711
229743
229853
229904
229980
230019
230177
230342
230383
230615
230695
230704
230774
230875
230914
230925
231031
231089
231102
231183
231227
231229
231402
231482
231522
231528
231530
231544
231628
231862
231884
231925
231978
231989
232003
232088
232231
232251
232313
232579
232640
232649
232765
232860
232880
232941
232965
232982
233108
233464
233466
233694
233724
233730
233785
233796
233837
233874
234006
234092
234150
234340
234509
234687
234880
235043
235056
235269
235277
235346
235355
235366
235401
235487
235648
235649
235805
235845
235921
235922
235986
236250
236288
236475
236540
236565
236629
236661
236666
236780
236822
236861
236944
236950
236975
236976
237037
237059
237100
237158
237160
237203
237229
237245
237250
237384
237413
237437
237440
237690
237832
237952
237958
237996
237999
238075
238103
238124
238129
238364
238454
238579
238677
238821
238921
239035
239059
239159
239211
239232
239334
239339
239374
239412
239513
239528
239539
239570
239618
239751
239781
239782
239838
240225
240338
240426
240431
240443
240458
240607
240702
240719
240745
240937
240985
241008
241051
241070
241077
241171
241323
241389
241488
241501
241526
241586
241708
241919
241924
241927
242056
242125
242242
242516
242596
242629
242635
242835
242868
243010
243040
243048
243058
243077
243078
243116
243195
243204
243239
243361
243418
243510
243524
243701
243799
243888
243897
243902
243923
243984
244012
244229
244311
244456
244517
244573
244628
244632
244653
244693
244760
245000
245006
245033
245054
245089
245110
245136
245344
245397
245459
245480
245527
245609
245636
245643
245658
245722
245760
245839
245872
245925
245966
246270
246391
246408
246499
246562
246601
246619
246722
246799
246801
246875
246896
246906
246955
246994
247156
247227
247328
247460
247599
247718
247740
247767
247769
247840
247846
247872
247922
247990
248229
248237
248278
248353
248360
248440
248454
248582
248675
248891
248957
249036
249039
249063
249167
249208
249216
249233
249245
249455
249555
249583
249618
249668
249807
249941
249946
249947
250026
250261
250334
250397
250413
250485
250729
250740
250788
250853
250886
250923
251001
251053
251086
251126
251154
251223
251228
251244
251250
251277
251370
251571
251615
251646
251676
251715
251716
251855
251925
251939
252050
252206
252397
252400
252451
252548
252574
252605
252745
252818
252824
252832
252924
252928
252932
253148
253223
253295
253336
253398
253401
253594
253596
253614
253630
253798
253820
253857
254010
254077
254330
254355
254374
254400
254407
254518
254529
254537
254650
254787
254802
254835
254849
254889
254896
254915
254948
254973
255036
255151
255164
255265
255417
255427
255433
255466
255474
255557
255637
255740
255756
255820
255904
255911
255996
255999
256117
256140
256237
256256
256324
256336
256361
256458
256562
256643
256686
256709
256823
256931
257018
257308
257517
257533
257589
257606
257629
257668
257677
257696
257746
257770
257850
257997
258104
258173
258244
258261
258291
258319
258325
258350
258390
258450
258468
258522
258605
258628
258828
258912
258939
258978
259016
259036
259077
259189
259191
259539
259579
259676
259691
259714
259715
259756
259897
260012
260035
260246
260261
260306
260350
260365
260371
260452
260546
260610
260621
260645
260792
260814
260815
260845
260846
260889
260920
261070
261079
261118
261199
261214
261583
261637
261681
261799
261802
261933
262026
262228
262467
262585
262638
262657
262658
262730
262732
262762
262857
262920
262932
262933
262961
263000
263060
263110
263142
263189
263201
263443
263476
263502
263530
263561
263582
263612
263651
263728
263776
263857
263928
263986
264028
264063
264094
264137
264146
264182
264185
264205
264213
264220
264227
264238
264244
264354
264414
264526
264627
264711
264740
264763
264844
264940
264978
265194
265243
265297
265306
265353
265375
265386
265579
265644
265782
265900
266157
266162
266192
266220
266234
266366
266376
266438
266471
266674
266728
266730
266767
266785
266828
266984
266993
267088
267208
267225
267335
267374
267394
267586
267596
267618
267826
268018
268041
268096
268117
268198
268202
268275
268295
268404
268441
268467
268474
268560
268565
268628
268629
268840
269006
269108
269130
269168
269291
269377
269418
269476
269481
269607
269659
269914
269917
270000
270008
270193
270245
270299
270537
270565
270588
270695
270698
270768
270796
270907
270955
271159
271239
271281
271330
271342
271355
271364
271415
271466
271489
271581
271586
271599
271679
271709
271774
271798
271868
271872
271933
271986
272042
272054
272175
272232
272344
272423
272511
272655
272659
272735
272748
272820
272848
272920
272938
273016
273288
273342
273494
273711
273877
274029
274079
274088
274203
274240
274261
274308
274322
274405
274426
274447
274499
274577
274705
274728
274729
274913
274944
274948
274991
275017
275061
275124
275215
275252
275272
275298
275333
275342
275728
275762
275775
275778
275842
275962
276018
276022
276061
276094
276197
276207
276222
276228
276400
276416
276461
276603
276616
276763
276781
276795
277072
277237
277280
277378
277556
277618
277658
277668
277700
277720
277737
277759
277791
277953
278156
278267
278273
278314
278326
278444
278451
278508
278524
278585
