119
302
329
355
406
427
459
465
472
625
788
879
900
964
1057
1086
1101
1225
1230
1239
1263
1319
1351
1370
1374
1462
1493
1528
1529
1558
1570
1575
1635
1637
1696
1771
1820
1847
1850
1870
1922
1923
1962
2037
2045
2113
2207
2267
2335
2336
2341
2393
2458
2557
2588
2620
2868
2888
2914
2941
2947
2996
3010
3050
3072
3102
3112
3123
3220
3241
3304
3330
3560
3578
3617
3643
3725
3738
3789
3797
3800
3918
3921
3963
3994
4039
4182
4211
4221
4256
4301
4381
4411
4501
4511
4550
4738
4741
4773
4784
4813
4824
4848
4865
4981
5027
5044
5071
5095
5146
5273
5297
5298
5437
5525
5659
5672
5727
5742
5743
5827
5881
5950
5960
5962
6014
6029
6168
6186
6212
6235
6240
6274
6306
6316
6418
6451
6453
6456
6469
6488
6537
6607
6632
6668
6722
6731
6833
6851
6872
6873
6914
6935
6945
6965
6980
7054
7123
7141
7180
7215
7289
7327
7367
7445
7487
7519
7614
7622
7634
7640
7641
7665
7705
7757
7923
7972
7999
8020
8023
8044
8114
8220
8340
8447
8522
8523
8551
8559
8598
8665
8671
8677
8709
8727
8754
8787
8817
8860
8943
9008
9084
9092
9108
9144
9163
9175
9284
9303
9364
9473
9497
9555
9696
9820
9937
9941
10147
10178
10219
10262
10288
10308
10341
10406
10411
10463
10493
10550
10640
10648
10656
10666
10717
10723
10764
10783
10825
10866
10887
11033
11052
11072
11098
11174
11199
11277
11286
11339
11434
11475
11505
11525
11546
11572
11668
11720
11751
11815
11859
11864
11947
11961
11985
12087
12106
12139
12156
12169
12178
12180
12245
12297
12339
12346
12351
12354
12359
12367
12407
12484
12510
12632
12676
12748
12766
12783
12817
12903
12925
12927
12950
12963
12979
12985
13022
13040
13096
13130
13161
13248
13281
13436
13522
13577
13664
13666
13753
13761
13829
13833
13840
13924
13925
13948
13949
14019
14096
14107
14203
14283
14298
14340
14380
14575
14577
14583
14682
14737
14777
14804
14818
14830
14841
14874
14894
14935
15054
15062
15140
15187
15200
15202
15220
15248
15253
15260
15267
15283
15286
15288
15293
15443
15460
15504
15596
15645
15669
15697
15764
15771
15779
15782
15905
15967
16021
16042
16074
16215
16247
16280
16306
16307
16412
16547
16571
16602
16615
16619
16628
16649
16828
16850
16955
16989
16990
17023
17054
17105
17174
17187
17195
17213
17216
17257
17272
17425
17434
17460
17477
17557
17583
17627
17632
17741
17756
17797
17911
17912
18040
18213
18216
18246
18282
18298
18312
18336
18386
18430
18446
18455
18571
18579
18619
18633
18755
18786
18813
18848
18905
18952
19083
19113
19125
19221
19242
19254
19282
19368
19382
19428
19454
19457
19467
19490
19529
19603
19648
19707
19713
19730
19845
19859
19875
19877
19926
20020
20060
20068
20081
20088
20095
20112
20131
20173
20220
20222
20237
20326
20333
20338
20451
20477
20482
20546
20578
20617
20686
20718
20747
20775
20811
20830
20865
20871
20902
20910
20972
21289
21413
21448
21467
21516
21569
21609
21827
21828
21925
21965
21977
22267
22268
22270
22273
22305
22341
22364
22410
22426
22588
22675
22696
22698
22732
22747
22807
22815
22848
22966
22977
23117
23208
23246
23334
23383
23435
23485
23568
23612
23640
23710
23768
23852
23895
23952
23956
24020
24034
24155
24173
24187
24277
24289
24302
24382
24418
24443
24454
24546
24593
24603
24612
24627
24653
24695
24699
24736
24901
24957
24985
25013
25138
25206
25219
25243
25245
25320
25380
25400
25415
25496
25546
25660
25686
25751
25754
25756
25803
25824
25831
25867
25902
25912
26115
26134
26167
26189
26255
26288
26305
26322
26332
26336
26345
26463
26481
26554
26589
26753
26803
26827
26843
26940
27052
27075
27143
27267
27355
27363
27381
27384
27411
27497
27533
27561
27600
27613
27703
27739
27811
27906
27920
27925
27956
28017
28173
28177
28192
28227
28326
28355
28472
28490
28494
28524
28543
28551
28600
28622
28665
28710
28828
28838
28850
28881
28892
29099
29120
29143
29175
29202
29213
29217
29219
29434
29561
29726
29745
29798
29807
29857
29864
29877
29906
29916
29918
29981
30039
30074
30102
30123
30125
30130
30133
30236
30334
30438
30441
30449
30489
30509
30576
30629
30637
30709
30843
30870
30879
30886
30908
30951
31053
31177
31211
31330
31338
31344
31456
31504
31506
31508
31512
31518
31534
31538
31549
31555
31620
31628
31635
31641
31692
31698
31767
31796
31839
31847
31922
31962
32005
32024
32041
32086
32092
32095
32102
32111
32131
32163
32170
32177
32238
32247
32285
32319
32328
32365
32490
32530
32550
32659
32752
32789
32824
32923
32926
32936
32939
32978
32989
32991
32998
33023
33060
33097
33160
33234
33241
33270
33407
33460
33492
33495
33503
33577
33614
33642
33643
33656
33682
33722
33816
33820
33874
33902
34272
34289
34290
34413
34414
34447
34625
34672
34691
34714
34729
34810
34863
34983
35111
35144
35160
35270
35340
35598
35630
35735
35745
35769
35810
35818
35943
35952
35978
36037
36065
36068
36092
36251
36263
36289
36293
36343
36371
36393
36443
36480
36488
36542
36642
36686
36714
36748
36776
36851
36998
37090
37091
37106
37186
37192
37197
37233
37237
37281
37354
37385
37390
37399
37410
37414
37430
37586
37673
37721
37726
37740
37862
37913
37956
37979
38012
38016
38053
38114
38116
38122
38142
38258
38262
38292
38330
38340
38361
38377
38437
38442
38449
38453
38470
38472
38475
38569
38606
38843
38902
38926
38967
38988
39010
39017
39076
39092
39094
39157
39167
39180
39223
39243
39311
39344
39470
39474
39478
39490
39556
39684
39688
39751
39781
39863
39890
40148
40182
40240
40266
40275
40279
40303
40311
40362
40370
40415
40586
40667
40688
40766
40771
40843
40949
40987
41020
41040
41084
41099
41224
41258
41285
41289
41297
41342
41554
41664
41709
41759
41972
42045
42215
42228
42233
42250
42268
42295
42355
42441
42443
42610
42629
42742
42834
42915
42951
42997
43123
43151
43340
43353
43364
43366
43367
43384
43389
43414
43462
43483
43538
43547
43626
43636
43656
43707
43715
43728
43830
43919
44045
44059
44193
44229
44300
44351
44378
44461
44654
44663
44711
44823
44853
44874
44892
45032
45135
45171
45218
45220
45233
45323
45346
45355
45413
45416
45445
45466
45473
45478
45612
45733
45799
45859
45917
45921
46008
46113
46142
46226
46308
46314
46344
46362
46367
46384
46387
46401
46518
46621
46643
46658
46683
46712
46768
46831
46833
46835
47069
47199
47233
47273
47483
47551
47662
47663
47691
47727
47731
47769
47781
47790
47843
47889
47932
48097
48117
48135
48307
48318
48436
48472
48496
48651
48689
48746
48774
48775
48830
48955
48957
48959
49041
49140
49187
49272
49298
49414
49423
49580
49582
49590
49714
49722
49727
49844
49961
50045
50062
50076
50079
50102
50134
50254
50266
50270
50310
50398
50426
50443
50546
50550
50596
50695
50708
50718
50721
50725
50729
50735
50740
50787
50829
50991
50992
51032
51147
51161
51174
51180
51201
51205
51223
51249
51314
51388
51396
51432
51619
51623
51646
51761
51772
51849
51941
51957
52011
52040
52351
52373
52388
52407
52418
52422
52444
52469
52555
52636
52649
52676
52755
52767
52915
52931
52985
53112
53178
53199
53231
53248
53279
53323
53334
53345
53599
53617
53635
53713
53717
53749
53762
53837
53936
53946
54204
54355
54364
54403
54451
54535
54542
54568
54610
54629
54637
54772
54828
54861
54863
54878
54926
54960
54965
54990
54996
55032
55055
55072
55073
55126
55290
55339
55409
55459
55469
55476
55548
55575
55647
55685
55704
55762
55796
55997
56168
56226
56244
56272
56288
56324
56360
56415
56537
56568
56589
56688
56854
56930
57034
57054
57075
57100
57180
57192
57249
57282
57319
57342
57426
57552
57650
57693
57765
57780
57856
57887
57917
58044
58069
58092
58144
58179
58199
58237
58264
58287
58344
58419
58454
58657
58683
58713
58728
59008
59055
59067
59125
59159
59204
59256
59297
59416
59441
59456
59680
59689
59697
59728
59743
59755
59787
59813
59815
59820
59822
59845
59856
59879
60024
60060
60106
60153
60247
60297
60298
60340
60353
60364
60377
60400
60473
60522
60523
60597
60602
60605
60626
60639
60643
60678
60710
60726
60759
60763
60779
61077
61112
61203
61205
61224
61225
61257
61274
61301
61310
61325
61327
61437
61485
61676
61697
61767
61781
61886
62147
62153
62234
62243
62262
62264
62266
62291
62307
62346
62464
62504
62509
62518
62541
62567
62654
62675
62695
62709
62800
62825
62837
62859
62872
62937
62978
63009
63017
63038
63068
63108
63127
63199
63222
63314
63337
63392
63401
63405
63450
63483
63500
63570
63667
63685
63693
63695
63771
63912
63984
64025
64045
64418
64443
64479
64574
64659
64671
64812
64813
64823
64830
64880
64935
64954
64969
64988
65090
65221
65239
65253
65340
65404
65440
65467
65468
65472
65563
65634
65798
65818
65819
65870
65987
65992
66052
66298
66317
66353
66453
66478
66489
66568
66637
66651
66724
66735
66959
67032
67043
67044
67048
67093
67109
67143
67171
67336
67429
67437
67447
67472
67491
67557
67565
67572
67587
67633
67634
67694
67737
67773
67816
67864
67993
68011
68100
68113
68119
68156
68238
68277
68291
68300
68390
68489
68497
68502
68507
68511
68621
68632
68687
68700
68838
68876
68973
68985
69063
69113
69119
69238
69262
69273
69290
69416
69435
69470
69482
69641
69663
69666
69799
69851
69959
69972
70037
70161
70175
70239
70348
70366
70417
70432
70457
70501
70588
70720
70739
70876
70884
70887
70912
70917
70969
71015
71024
71085
71155
71212
71248
71304
71425
71476
71508
71548
71696
71718
71806
71852
71919
71951
71959
72115
72125
72126
72160
72193
72409
72495
72546
72563
72589
72609
72655
72736
72748
72835
72903
72956
72967
73102
73121
73145
73177
73182
73214
73219
73237
73250
73272
73300
73389
73418
73433
73452
73476
73682
73727
73758
73821
73881
74139
74171
74219
74347
74350
74459
74544
74588
74591
74594
74597
74653
74756
74859
74878
74906
74932
74947
74972
74980
75004
75008
75013
75023
75036
75098
75220
75247
75294
75309
75340
75409
75419
75521
75580
75638
75673
75676
75801
75803
75935
76024
76106
76148
76149
76166
76302
76431
76470
76480
76500
76665
76796
76921
76926
77016
77031
77065
77072
77108
77130
77150
77216
77233
77353
77387
77394
77431
77439
77502
77655
77679
77681
77705
77727
77742
77953
78003
78021
78120
78136
78157
78164
78182
78201
78357
78415
78442
78627
78708
78838
78954
78967
78976
78989
79005
79022
79159
79309
79336
79365
79418
79420
79431
79551
79728
79790
79845
79871
79887
79910
79913
79969
79986
80006
80160
80252
80335
80361
80377
80427
80447
80451
80504
80762
80772
80774
80776
80818
80855
80867
80949
80955
80979
81000
81050
81112
81114
81125
81157
81207
81236
81250
81259
81287
81350
81429
81450
81495
81507
81520
81561
81632
81659
81734
81753
81763
81787
81885
81928
82076
82083
82111
82113
82123
82130
82215
82233
82245
82259
82288
82321
82388
82395
82397
82401
82408
82444
82457
82472
82500
82560
82595
82934
82936
82941
82948
82993
83105
83152
83246
83310
83345
83453
83465
83577
83614
83691
83714
83759
83809
83811
83852
83869
83893
83947
83961
83989
84045
84048
84085
84145
84206
84214
84261
84284
84290
84401
84489
84543
84657
84676
84789
84803
84936
84947
84979
85005
85085
85087
85092
85145
85196
85199
85212
85241
85281
85289
85355
85452
85455
85491
85495
85528
85569
85605
85611
85644
85664
85715
85830
85921
85945
85983
86060
86065
86180
86220
86286
86348
86514
86573
86685
86692
86697
86708
86713
86947
86976
87001
87012
87023
87027
87072
87090
87106
87124
87177
87261
87365
87379
87536
87735
87737
87758
87785
87837
87841
87859
87905
88010
88014
88026
88037
88049
88056
88111
88173
88208
88217
88260
88270
88426
88539
88609
88671
88732
88739
88831
88837
88940
89106
89123
89132
89135
89195
89200
89275
89331
89340
89602
89605
89686
90077
90110
90112
90119
90213
90268
90331
90465
90472
90501
90505
90532
90549
90562
90761
90840
90859
90961
90984
91032
91067
91152
91202
91208
91261
91267
91290
91309
91398
91415
91421
91565
91681
91719
91887
91904
92049
92102
92120
92220
92244
92314
92327
92353
92381
92392
92444
92473
92649
92662
92692
92953
93161
93168
93201
93214
93225
93233
93336
93377
93412
93529
93544
93547
93573
93575
93632
93655
93704
93707
93762
93792
93811
93817
93869
93882
94161
94192
94273
94298
94311
94338
94497
94504
94544
94573
94667
94709
94788
94851
94878
94885
95012
95025
95052
95058
95147
95243
95252
95298
95351
95622
95717
95750
95797
95805
95809
96104
96163
96232
96252
96255
96291
96371
96465
96474
96530
96539
96679
96703
96725
96727
96734
96745
96817
96830
97003
97082
97147
97161
97191
97229
97234
97270
97324
97452
97595
97598
97647
97650
97660
97672
97700
97716
97731
97854
97920
97935
97961
97996
98003
98024
98036
98040
98107
98191
98329
98341
98375
98429
98468
98492
98554
98612
98791
98833
98889
98973
98999
99088
99115
99131
99255
99271
99307
99331
99337
99455
99516
99708
99718
99766
99792
99794
99846
99848
99877
99903
99907
99960
100138
100184
100189
100237
100314
100422
100466
100467
100486
100499
100551
100581
100633
100668
100735
100888
100914
100938
101236
101265
101283
101305
101334
101344
101346
101375
101385
101406
101446
101474
101591
101601
101753
101809
101880
101883
101905
101913
102001
102007
102084
102098
102110
102197
102247
102286
102289
102349
102508
102604
102628
102672
102720
102766
102852
102866
102949
102965
102993
103033
103078
103103
103149
103167
103205
103231
103280
103315
103362
103393
103435
103454
103470
103517
103571
103763
103783
103818
103879
103884
103999
104007
104055
104064
104100
104101
104184
104200
104210
104234
104260
104293
104307
104331
104350
104397
104465
104469
104498
104523
104756
104788
104801
104896
104898
104973
104978
104988
105006
105174
105176
105313
105316
105421
105608
105616
105623
105660
105677
105845
105899
105943
105968
106087
106104
106161
106257
106386
106414
106426
106476
106496
106503
106540
106574
106580
106674
106868
106896
106915
106955
106965
107027
107077
107137
107253
107274
107339
107356
107405
107414
107503
107519
107612
107666
107875
107877
107882
107902
107954
108017
108072
108100
108310
108334
108349
108361
108366
108580
108655
108678
108694
108717
108723
108877
108888
108918
108919
109016
109027
109061
109129
109238
109333
109355
109392
109441
109531
109564
109566
109579
109603
109633
109639
109705
109754
110008
110010
110033
110037
110134
110179
110237
110320
110395
110477
110526
110529
110584
110598
110608
110672
110741
110768
110786
110871
110940
110943
111075
111087
111093
111352
111357
111437
111519
111536
111578
111610
111657
111695
111717
111726
111764
111766
111995
112015
112025
112031
112078
112086
112153
112167
112208
112232
112410
112447
112468
112479
112543
112605
112662
112703
112739
112866
112891
112927
112982
112984
112995
113055
113321
113325
113345
113516
113602
113762
113842
113950
113957
113999
114051
114055
114110
114142
114213
114216
114318
114334
114336
114394
114431
114478
114535
114566
114596
114620
114630
114668
114671
114723
114802
114825
114936
114956
114980
115100
115170
115199
115291
115364
115477
115516
115544
115616
115620
115622
115691
115693
115695
115721
115724
115739
115756
115808
115821
115853
115904
115953
115978
116025
116045
116047
116124
116183
116221
116234
116235
116260
116291
116316
116341
116358
116389
116428
116431
116432
116452
116459
116476
116517
116525
116527
116593
117002
117040
117187
117228
117246
117294
117307
117373
117435
117625
117638
117684
117901
117923
117967
117999
118154
118238
118412
118415
118418
118551
118629
118655
118709
118729
118749
118773
118783
118829
118836
118857
118864
118945
119175
119179
119395
119414
119572
119658
119685
119697
119709
119861
119865
119902
119903
120000
120070
120130
120142
120165
120236
120367
120523
120545
120566
120645
120855
120924
120949
121002
121115
121365
121423
121459
121619
121640
121658
121689
121711
121773
121802
121813
121817
121848
121899
121905
121920
121960
121984
122051
122073
122153
122186
122190
122193
122195
122208
122228
122301
122361
122382
122468
122605
122816
122892
122895
122934
123023
123025
123036
123040
123057
123063
123071
123109
123174
123191
123230
123260
123302
123316
123424
123453
123541
123686
123706
123727
123845
123857
123876
123914
123916
123942
124022
124023
124039
124058
124076
124161
124183
124204
124233
124256
124297
124363
124414
124551
124733
124744
124752
124849
124857
124870
124909
124980
125246
125299
125315
125418
125430
125719
125884
125913
125914
125966
125974
126154
126165
126178
126256
126271
126395
126488
126546
126649
126684
126693
126723
126726
126737
126843
126872
126915
126918
126925
127023
127038
127124
127239
127250
127297
127332
127352
127363
127471
127474
127508
127570
127637
127697
127788
127841
127886
127887
127994
128001
128007
128229
128263
128270
128288
128315
128423
128461
128488
128534
128561
128980
129021
129064
129249
129260
129346
129375
129391
129397
129422
129489
129503
129629
129712
129775
129787
129819
130021
130083
130161
130224
130339
130367
130405
130419
130499
130505
130534
130605
130659
130703
130740
130776
130810
130869
130871
130888
130989
131021
131084
131136
131144
131145
131272
131301
131348
131377
131395
131457
131586
131681
131707
131740
131741
132043
132066
132081
132088
132115
132179
132204
132271
132307
132314
132342
132396
132397
132404
132438
132537
132544
132607
132610
132619
132864
132867
132873
132878
132924
133000
133003
133044
133193
133204
133208
133274
133277
133331
133361
133372
133458
133514
133560
133562
133614
133632
133648
133656
133674
133750
133756
133773
133792
133816
133853
133892
134081
134119
134122
134167
134201
134233
134283
134341
134416
134464
134490
134540
134546
134621
134636
134671
134812
134902
134932
135304
135411
135476
135482
135511
135512
135523
135606
135629
135650
135708
135768
135781
135809
135862
135867
135930
135943
136009
136052
136070
136126
136141
136142
136154
136162
136196
136222
136247
136271
136305
136351
136358
136473
136491
136536
136585
136594
136609
136649
136729
136783
136790
136799
136855
136924
136925
137056
137091
137168
137192
137247
137299
137317
137371
137446
137489
137549
137563
137568
137578
137582
137588
137598
137620
137630
137658
137674
137692
137801
137807
138002
138065
138145
138164
138200
138273
138378
138434
138586
138754
138806
138835
138891
138906
139014
139043
139161
139308
139350
139351
139394
139445
139458
139470
139487
139515
139520
139553
139700
139775
139782
139802
139843
139848
139920
139970
140106
140141
140154
140161
140165
140212
140232
140265
140309
140379
140384
140440
140442
140473
140479
140488
140527
140535
140603
140652
140693
140781
140792
140816
140843
140976
141066
141100
141191
141208
141235
141343
141354
141444
141579
141812
141871
141955
141971
142047
142073
142100
142230
142246
142251
142323
142325
142404
142415
142476
142596
142621
142640
142659
142688
142765
142809
142817
142845
142846
142853
142992
142997
143064
143100
143154
143247
143436
143459
143471
143504
143522
143528
143596
143616
143714
143756
143803
143902
143945
143964
143972
143997
144001
144019
144041
144081
144123
144193
144202
144301
144363
144397
144442
144448
144488
144511
144647
144692
144706
144722
144760
144894
144950
145137
145160
145170
145196
145198
145357
145510
145670
145695
145703
145739
145796
145895
145923
145947
145987
146002
146028
146041
146185
146195
146208
146263
146271
146316
146344
146558
146594
146680
146690
146700
146707
146850
146857
146861
146881
146892
146913
146966
147028
147068
147123
147157
147190
147221
147339
147395
147491
147492
147570
147692
147724
147726
147742
147785
147794
147798
147813
147814
147833
147980
148004
148018
148144
148152
148173
148180
148241
148242
148265
148349
148433
148467
148480
148520
148525
148589
148671
148740
148744
148780
148804
148885
148995
149136
149137
149249
149337
149356
149386
149408
149425
149427
149472
149523
149600
149622
149636
149743
149799
149834
149870
149917
149962
150010
150022
150053
150066
150298
150323
150400
150496
150550
150620
150648
150656
150750
150867
150980
151021
151045
151139
151276
151287
151307
151399
151400
151471
151500
151531
151536
151553
151605
151624
151661
151683
151691
151777
151800
151821
151824
151846
151915
151928
151975
152005
152025
152103
152143
152234
152348
152359
152391
152423
152435
152469
152493
152556
152655
152673
152743
152745
152825
152974
153073
153126
153227
153303
153376
153404
153433
153521
153540
153542
153543
153551
153555
153565
153630
153636
153716
153721
153735
153846
153875
153894
153901
153908
153923
153970
154004
154028
154057
154070
154083
154085
154086
154164
154231
154244
154308
154312
154418
154459
154533
154545
154670
154729
154977
155029
155045
155048
155056
155057
155077
155085
155156
155166
155253
155265
155292
155309
155350
155463
155471
155569
155571
155623
155747
155795
155813
155834
155900
155948
156014
156031
156083
156087
156232
156376
156455
156475
156584
156689
156762
156767
156860
156910
156920
156927
156973
156984
157163
157202
157225
157237
157256
157264
157300
157340
157402
157434
157469
157492
157512
157563
157622
157692
157831
157875
157903
157965
157997
158003
158023
158053
158092
158121
158130
158231
158256
158266
158282
158333
158342
158570
158595
158614
158615
158633
158738
158783
158788
158813
158893
158956
158984
159035
159036
159043
159047
159084
159148
159228
159241
159281
159336
159342
159360
159450
159602
159648
159657
159832
159834
159871
160180
160203
160264
160291
160295
160397
160418
160501
160541
160545
160587
160621
160868
160879
160895
160926
160960
160971
161021
161030
161032
161102
161119
161257
161306
161592
161608
161802
161874
161900
161917
162012
162045
162110
162278
162311
162330
162410
162438
162498
162511
162517
162559
162589
162605
162665
162706
162873
162916
162951
162952
163010
163016
163134
163169
163360
163397
163507
163604
163873
163912
163953
164043
164072
164115
164124
164167
164171
164190
164305
164349
164419
164421
164456
164472
164536
164571
164649
164652
164711
164731
164784
164786
164874
164910
164921
164996
165009
165034
165035
165079
165080
165185
165245
165260
165280
165380
165389
165417
165490
165515
165601
165668
165702
165725
165893
165929
165946
165948
166001
166145
166229
166323
166478
166546
166600
166605
166740
166789
166795
166796
166798
166899
166914
166915
166983
167013
167054
167057
167072
167291
167337
167542
167593
167622
167637
167650
167675
167691
167747
167789
167873
167944
167976
168192
168209
168258
168261
168334
168353
168400
168420
168424
168499
168537
168552
168597
168617
168692
168749
168843
168851
168852
168919
169025
169236
169288
169304
169349
169399
169427
169438
169476
169544
169581
169584
169596
169614
169657
169793
169802
169815
169867
169902
169917
169941
169969
170015
170060
170065
170093
170129
170133
170144
170183
170215
170259
170320
170411
170426
170474
170707
170737
170744
170754
170943
171039
171138
171154
171181
171182
171280
171312
171364
171374
171567
171620
171649
171815
171876
171886
171892
172099
172186
172393
172447
172453
172548
172575
172625
172711
172715
172733
172915
172985
173016
173117
173142
173165
173210
173232
173233
173235
173256
173286
173332
173358
173361
173427
173529
173605
173694
173788
173791
173813
173848
173851
173858
173896
173897
174065
174138
174163
174175
174203
174209
174214
174263
174277
174362
174389
174393
174423
174443
174470
174485
174545
174566
174579
174616
174622
174717
174784
174791
174795
174807
174877
174973
174974
175013
175018
175055
175058
175215
175346
175374
175402
175461
175610
175645
175648
175712
175731
175803
175852
175936
175974
175997
176033
176054
176058
176158
176176
176332
176400
176554
176656
176667
176719
176730
176916
176954
176957
177033
177167
177181
177291
177326
177336
177492
177524
177545
177553
177559
177560
177600
177603
177620
177621
177635
177645
177676
177701
177707
177890
177914
177922
177932
177994
177998
178006
178011
178035
178049
178094
178140
178144
178242
178288
178293
178471
178483
178517
178522
178523
178546
178551
178680
178701
178832
178868
178869
178888
178910
178913
178950
179039
179165
179315
179329
179402
179468
179538
179591
179599
179641
179651
179705
179728
179759
179899
179964
179977
180010
180031
180095
180143
180144
180151
180194
180208
180241
180255
180285
180309
180383
180632
180674
180725
180731
180814
180846
180856
180857
180892
180917
181043
181128
181186
181361
181380
181419
181508
181537
181573
181576
181577
181626
181719
181747
181760
181799
181826
181838
181990
182022
182071
182082
182102
182146
182163
182209
182542
182546
182576
182617
182705
182727
182914
182951
182995
183014
183164
183202
183312
183341
183397
183520
183605
183631
183720
183777
183782
183806
183837
184079
184135
184235
184271
184310
184411
184418
184419
184545
184599
184645
184726
184819
184947
185286
185411
185442
185461
185475
185511
185765
185807
185810
185859
185921
185934
186067
186102
186109
186177
186187
186310
186325
186346
186412
186414
186430
186500
186515
186519
186530
186579
186603
186604
186679
186784
186789
186813
186822
186852
186882
186938
186966
187069
187198
187267
187345
187409
187457
187491
187558
187602
187613
187638
187668
187687
187695
187893
187911
188075
188126
188142
188148
188159
188167
188212
188228
188236
188261
188289
188313
188399
188558
188572
188668
188738
188745
188797
188854
188919
189028
189102
189108
189184
189213
189217
189261
189286
189296
189335
189344
189412
189471
189543
189569
189636
189671
189706
189765
189805
189810
189849
189863
189911
189955
189982
189983
190042
190055
190082
190148
190177
190193
190201
190206
190252
190293
190500
190536
190540
190565
190589
190627
190667
190692
190872
190891
190898
191047
191053
191074
191125
191166
191168
191211
191273
191470
191490
191552
191580
191593
191922
192120
192131
192253
192267
192283
192339
192351
192431
192445
192462
192491
192495
192532
192615
192634
192662
192690
192835
192869
192871
192897
192976
193108
193667
193685
193738
193744
193818
193827
194090
194272
194287
194326
194339
194349
194379
194380
194470
194556
194572
194849
194876
194950
195063
195102
195182
195238
195363
195384
195447
195482
195655
195688
195698
195702
195719
195768
195793
195813
195840
195925
195934
196040
196060
196192
196264
196269
196296
196524
196586
196635
196639
196711
196720
196764
196768
197014
197055
197186
197220
197226
197287
197301
197394
197434
197471
197640
197655
197811
197868
197984
198088
198093
198200
198222
198350
198445
198474
198526
198652
198716
198772
198802
198826
198920
198979
199011
199155
199327
199430
199434
199642
199837
200030
200212
200219
200249
200375
200467
200510
200626
200643
200706
200870
200950
200976
200978
200989
201017
201038
201046
201057
201176
201313
201426
201458
201511
201592
201606
201635
201742
201753
201775
201841
201861
201901
201981
201985
201994
202050
202154
202200
202220
202224
202266
202324
202373
202460
202468
202490
202542
202591
202678
202843
202880
202884
202938
202970
202989
203077
203232
203236
203266
203285
203355
203391
203407
203511
203540
203610
203696
203717
203768
203769
203791
203839
203881
203902
203910
204013
204086
204189
204238
204275
204281
204297
204357
204374
204557
204584
204594
204632
204643
204751
204791
204800
204852
204963
204983
205027
205098
205111
205145
205154
205168
205187
205201
205294
205343
205349
205397
205492
205657
205703
205724
205749
205757
205807
205826
205844
205899
205905
205943
206005
206129
206178
206193
206214
206239
206253
206276
206320
206350
206362
206371
206381
206774
206853
206939
207228
207230
207263
207292
207325
207333
207367
207371
207456
207697
207722
207845
207875
207877
207900
207945
207962
208045
208073
208080
208146
208327
208407
208487
208527
208545
208577
208579
208604
208614
208615
208642
208660
208678
208736
208829
208840
208870
208999
209001
209056
209078
209090
209152
209186
209194
209196
209198
209378
209469
209502
209526
209570
209587
209765
209801
209940
209942
209968
210036
210041
210065
210110
210150
210273
210325
210354
210384
210420
210423
210589
210650
210678
210781
210806
210863
210877
210929
210950
210965
210972
211037
211146
211184
211218
211226
211240
211324
211387
211388
211410
211466
211533
211563
211584
211713
211786
211798
211849
211862
211872
212046
212054
212081
212168
212195
212220
212308
212431
212481
212564
212595
212643
212648
212671
212675
212753
212814
212888
212987
213097
213142
213145
213146
213206
213216
213390
213426
213471
213547
213554
213613
213620
213627
213660
213695
213758
213797
213998
214140
214277
214287
214439
214447
214451
214454
214461
214505
214516
214546
214644
214664
214815
214833
214889
215042
215113
215281
215318
215326
215383
215390
215522
215585
215590
215615
215666
215781
215792
215804
215891
215910
215912
215925
215980
216093
216116
216216
216412
216419
216438
216478
216490
216522
216567
216614
216721
216735
216798
216826
216932
216946
216973
216997
217009
217036
217177
217230
217236
217259
217300
217382
217402
217423
217503
217607
217623
217699
217826
217928
218005
218040
218074
218132
218263
218277
218282
218395
218545
218618
218680
218696
218720
218734
218862
218927
218993
218995
219018
219021
219036
219195
219241
219309
219327
219410
219452
219457
219487
219529
219534
219628
219793
219829
220085
220090
220104
220118
220142
220149
220198
220230
220254
220269
220479
220508
220580
220613
220633
220673
220719
220759
220862
220866
220895
220919
220954
221076
221193
221209
221216
221229
221368
221382
221393
221395
221553
221672
221752
221758
221782
221918
221923
221959
222025
222043
222078
222081
222229
222255
222273
222278
222286
222288
222384
222394
222397
222449
222485
222650
222669
222676
222732
222736
222956
223000
223091
223228
223285
223296
223312
223344
223421
223522
223631
223636
223843
223903
224004
224095
224125
224164
224198
224253
224262
224264
224281
224282
224302
224305
224333
224357
224424
224475
224495
224590
224706
224721
224728
224789
224920
224941
224985
225066
225158
225178
225239
225289
225337
225339
225355
225369
225383
225397
225434
225439
225559
225565
225587
225634
225792
225829
225914
225955
225978
226142
226167
226190
226202
226331
226353
226404
226458
226552
226616
226720
226751
226761
226813
226878
226918
226933
226996
227030
227082
227193
227201
227316
227518
227531
227535
227586
227623
227653
227682
227801
227813
227832
227848
227858
227972
227980
227986
227994
228014
228033
228219
228295
228383
228416
228480
228525
228560
228681
228725
228758
228767
228784
228814
228969
229028
229117
229133
229148
229161
229169
229183
229218
229221
229227
229283
229308
229323
229345
229427
229428
229435
229478
229552
229557
229588
229590
229643
229694
229723
229769
229853
229870
229950
229992
230018
230057
230298
230400
230459
230530
230615
230670
230708
230773
230825
230856
230865
230875
230925
231054
231084
231086
231187
231217
231268
231307
231342
231346
231435
231470
231497
231506
231544
231760
231843
231856
232027
232045
232108
232170
232185
232274
232301
232315
232372
232516
232544
232642
232658
232703
232716
232820
232912
232941
232984
233015
233086
233146
233210
233219
233221
233250
233269
233333
233364
233497
233536
233700
233724
233935
233945
233955
234022
234064
234106
234223
234323
234357
234449
234542
234588
234696
234725
234775
234792
235056
235088
235314
235401
235561
235567
235725
235740
235808
235900
235928
236033
236038
236052
236181
236250
236262
236311
236419
236441
236443
236475
236490
236542
236565
236574
236590
236633
236708
236747
236749
236760
236796
236823
236906
236938
236957
237083
237101
237108
237157
237203
237248
237299
237340
237352
237630
237712
237756
237802
237813
237832
237958
237971
237973
238124
238129
238222
238237
238320
238370
238450
238454
238591
238620
238667
238716
238754
238760
238773
238803
238832
238874
238926
238933
238982
238998
239000
239138
239159
239209
239211
239331
239339
239380
239452
239477
239539
239746
239751
239767
239805
239814
240001
240175
240245
240249
240284
240322
240422
240431
240495
240521
240622
240626
240627
240647
240719
240729
240837
240886
240919
240967
240976
240985
241010
241041
241280
241331
241350
241365
241367
241380
241528
241533
241581
241651
241666
241673
241704
241705
241841
241886
241924
241946
241979
242047
242087
242108
242146
242242
242258
242266
242288
242404
242438
242512
242544
242549
242611
242629
242835
242872
242880
243099
243133
243204
243222
243235
243239
243257
243279
243310
243418
243457
243461
243646
243736
243774
243776
243878
243897
243910
243911
244072
244080
244101
244117
244135
244197
244199
244257
244267
244273
244313
244442
244478
244607
244634
244689
244824
244842
244851
244896
245006
245064
245089
245094
245104
245105
245114
245164
245184
245185
245223
245329
245344
245401
245414
245447
245609
245722
245734
245785
245841
245845
245925
245949
245977
246009
246046
246079
246154
246247
246329
246372
246391
246439
246499
246500
246601
246619
246660
246697
246727
246812
246829
246901
246938
246980
246987
246994
247040
247119
247227
247232
247347
247424
247506
247531
247542
247599
247732
247740
247759
247777
247906
248059
248122
248217
248298
248324
248486
248493
248723
248779
248795
248874
248935
249119
249208
249332
249455
249552
249645
249668
249674
249798
249843
249858
249869
249941
249979
249981
249987
250013
250026
250046
250047
250061
250090
250198
250202
250211
250255
250303
250485
250510
250612
250662
250695
250708
250762
250807
250891
250923
250958
251109
251111
251343
251531
251581
251598
251606
251637
251663
251716
251717
251879
251925
252160
252203
252332
252390
252397
252472
252492
252599
252664
252708
252752
252753
252835
252948
252951
252984
253042
253087
253136
253166
253396
253596
253622
253672
253741
253762
253766
253798
253814
253834
253857
253938
253993
254048
254057
254111
254165
254177
254244
254316
254403
254483
254537
254601
254700
254708
254729
254887
254903
254948
255130
255151
255342
255366
255444
255508
255530
255614
255637
255655
255779
255868
255917
256069
256071
256152
256328
256362
256461
256562
256717
256729
256808
256823
256828
257056
257072
257147
257154
257200
257203
257220
257331
257373
257379
257402
257490
257494
257517
257533
257560
257595
257603
257650
257736
257746
257760
257810
257924
258031
258112
258138
258154
258255
258261
258325
258453
258476
258545
258612
258721
258746
258785
258842
258869
258876
258893
258912
258949
258954
259075
259202
259248
259333
259423
259451
259469
259539
259577
259581
259611
259658
259676
259756
259769
259972
259986
260060
260212
260245
260274
260350
260377
260476
260546
260734
260773
260801
260814
260827
260845
260879
260889
260920
261100
261166
261199
261203
261214
261279
261322
261339
261451
261472
261505
261509
261553
261697
261737
261800
261834
261836
261843
261845
261874
261901
261945
261995
262186
262206
262228
262377
262380
262383
262396
262408
262415
262489
262638
262690
262762
262883
262969
263054
263130
263189
263202
263225
263346
263504
263530
263601
263876
263935
264072
264520
264524
264527
264579
264614
264616
264627
264634
264648
264651
264740
264752
264861
264938
264953
264980
265019
265076
265305
265306
265314
265337
265386
265509
265545
265644
265650
265668
265687
265782
265875
265883
265922
265949
265959
266156
266199
266327
266361
266443
266667
266674
266690
266696
266717
266730
266828
266870
266939
266984
267076
267083
267089
267204
267402
267412
267419
267572
267838
267852
268041
268117
268136
268262
268432
268474
268506
268541
268569
268629
268689
268692
268840
268932
269048
269052
269204
269215
269285
269299
269393
269400
269409
269440
269476
269504
269533
269607
269611
269618
269633
269718
269733
269935
270002
270242
270245
270303
270324
270333
270343
270391
270544
270574
270588
270604
270668
270694
270768
270902
270921
270954
270955
270996
271149
271159
271192
271239
271268
271297
271353
271384
271405
271461
271476
271555
271599
271679
271742
271844
271881
271891
271897
271933
271939
272018
272042
272094
272103
272115
272147
272213
272256
272314
272324
272425
272439
272575
272591
272655
272721
272758
272759
272820
272826
272853
272901
273020
273042
273075
273115
273246
273259
273270
273282
273288
273376
273411
273604
273779
273875
274162
274166
274220
274242
274396
274422
274447
274579
274607
274608
274636
274721
274913
274928
274929
274944
274967
275000
275003
275124
275133
275208
275232
275239
275263
275312
275518
275724
275740
275794
275885
275912
275971
275994
276022
276094
276099
276160
276222
276242
276511
276744
276757
276795
276967
277210
277212
277263
277378
277420
277422
277432
277450
277490
277601
277606
277709
277875
277876
278009
278013
278166
278170
278269
278326
278416
278444
278493
278508
278602
278659
