106
338
362
735
795
850
935
939
1184
2006
2040
2157
2796
2890
3027
3064
3206
3215
3231
3240
3250
3289
3356
3442
3479
3506
3655
3673
3697
3967
4195
4573
5061
5201
5757
5926
5990
6051
6107
6519
6830
6850
6976
7185
7422
7654
7802
8613
8932
9354
9358
9394
10171
10480
10578
10585
10601
10700
10877
10902
10929
11082
11483
11515
11616
11886
12024
12378
12439
12491
12536
12635
12761
12819
13037
13073
13298
13402
13717
13860
13929
14117
14176
14291
14345
14366
14483
14671
14742
15156
15256
15352
15599
15602
16295
16339
16578
16894
16949
17125
17138
17310
17314
17426
17436
17466
17600
17749
17978
18122
18142
18329
18747
19031
19141
19313
19912
20534
20783
20884
20987
21088
21321
21442
21510
21732
21980
22155
22997
23002
23139
23188
23300
23369
23484
23488
23722
23791
24484
24799
24828
25087
25149
25518
25523
25679
26261
26304
26570
26829
27019
27035
27216
27239
27576
27590
27693
28158
28550
28741
28758
28793
29203
29239
29296
29372
29423
29612
29855
29971
30126
30601
30759
30799
30829
30948
31003
31019
31189
31197
31468
31661
31730
31784
31978
32049
32112
32349
32462
32715
32772
32776
32832
32838
32855
32958
33137
33171
33213
33612
33801
33838
34126
34231
34254
34346
34387
34392
34454
34488
34552
34752
34761
35025
35222
35635
35732
36386
36672
37149
37241
37691
37760
37762
37781
37790
37989
38150
38367
38565
38571
38683
38823
38856
38911
39174
39245
39349
39501
39949
40012
40598
40599
40630
40704
40801
40970
41092
41485
41612
41629
41659
41886
41997
42060
42305
42359
42429
42603
42825
43012
43160
43165
43197
43294
43306
43502
43565
43774
43838
43964
44136
44245
44328
44354
44524
44526
44528
44614
44795
45026
45034
45074
45165
45333
45352
45363
45460
45482
45550
45627
45678
45730
45735
45840
45966
46036
46203
46217
46290
46603
46626
47026
47053
47093
47443
47980
48313
48327
48467
48557
48891
48983
48988
49117
49120
49505
49608
50588
50629
50830
50858
50944
50963
51057
51090
51399
51471
51583
51735
52052
52053
52194
52223
52413
53058
53136
53169
53324
53377
54111
54201
54594
54597
54739
54899
54963
55024
55071
55097
55302
55592
55681
56088
56265
56444
56455
56595
56751
57111
57195
57237
57503
57532
57606
57694
57743
57976
58017
58117
58129
58162
58253
58426
58580
58665
58930
59001
59018
59187
59298
59372
59499
59534
60072
60488
60607
60709
60906
61371
61828
61863
61996
62159
62204
62694
62768
63042
63779
63873
63885
63905
63943
64175
64692
64939
65160
65268
65845
66311
66333
66530
66595
66851
67273
67350
67506
67582
68078
68110
68118
68215
68381
68742
68771
68987
69020
69096
69297
69342
69858
69955
70236
70641
70654
70731
70757
70952
71000
71226
71273
71448
71566
72012
72487
72507
72552
72774
73096
73236
73256
73546
73639
73846
73862
74413
74545
74671
75065
75715
75843
75912
75913
75945
76055
76076
76132
76238
76562
76728
76811
76824
77165
77235
77397
77409
77441
77616
77697
77869
78065
78166
78287
78322
78339
78594
79153
79491
79611
80348
80592
80646
80887
80900
80905
80927
81172
81262
81540
81729
82161
82290
82360
83161
83166
83288
83498
83666
84156
84168
84219
84375
84378
84625
85204
85492
85494
85500
85597
85603
85780
85806
85892
86057
86397
86418
86476
86567
86570
86589
86594
87024
87292
87614
88213
88226
88313
88350
88443
88638
88701
88899
88976
89001
89108
89184
89313
89413
89572
90000
90175
90391
90804
90950
91029
91048
91556
91980
92378
92509
93096
93140
93250
93327
93427
93613
93922
93954
94070
94223
94224
94268
94539
94947
95282
95421
95436
95480
95576
95785
95975
96005
96131
96138
96153
96506
96557
96749
96815
96821
96983
97027
97060
97131
97773
97795
97872
98075
98080
98265
98388
98502
98592
98615
98626
99005
99135
99207
99237
99476
99501
99695
99959
99984
100553
100697
100698
100707
100753
100864
100989
101230
101232
101668
101885
102043
102370
102721
102761
102856
102888
102925
103057
103082
103223
103225
103349
103430
103593
103606
103615
103754
103905
103926
103972
104144
104231
104411
104466
104607
104735
104767
104938
105005
105079
105133
105362
105393
105663
105670
105750
105774
105837
105931
106188
106504
106635
106756
106843
107005
107031
107067
107093
107125
107193
107545
107710
107755
107758
108190
108206
108341
108342
108362
108431
108563
108667
108679
108708
108724
108725
108765
108783
109219
109297
109354
109607
109625
109683
110029
110418
110461
110480
111252
111306
111386
111642
111730
111737
111782
112136
112323
112530
112775
112877
113025
113106
113108
113128
113334
113376
113422
113445
113544
113679
113715
113835
113839
114032
114106
114134
114145
114470
114848
115038
115059
115572
115575
116179
116501
116657
117045
117073
117368
117665
117731
117836
117916
118084
118382
118492
118861
118883
118975
118979
119105
119212
119251
119578
119657
119945
120061
120450
120504
120712
120886
121150
121384
121413
121842
121981
122133
122173
122178
122730
122745
122873
123019
123043
123074
123407
123738
123767
123896
123924
123992
124393
124608
124952
125057
125321
125674
125792
126134
126252
126315
127057
127180
127421
127622
127629
127698
127801
127986
128083
128101
128336
128347
128351
128402
128717
129206
129281
129413
129933
129974
130403
130629
130733
130767
130852
131056
131201
131284
131508
131548
131598
131898
131938
132109
132153
132781
133228
133377
133988
134209
134263
134327
134432
134467
135270
135272
135407
135616
135659
135736
135866
135950
136044
136077
136284
136437
136534
136620
136771
136843
136848
136853
137143
137164
137175
137241
137439
137617
137680
137822
138272
138805
138839
138892
138965
139313
139314
139437
139620
139659
139739
139816
139955
139964
140071
140083
140188
140370
140443
140500
140516
140674
140772
141164
141173
141184
141232
141290
141625
141692
141695
141830
141848
141982
142265
142354
142366
142369
142385
142638
142657
142669
142705
142863
143348
143793
143808
144215
144226
144285
144596
144611
144682
144777
145185
145495
145767
145981
145997
146016
146047
146103
146298
146565
146577
146952
147074
147237
147324
147391
147414
147442
147900
148019
148482
148645
148967
149023
149216
149230
149262
149361
149406
149459
149493
149641
149868
149869
149975
150191
150812
150911
151173
151208
151264
151372
151375
151604
151634
151715
152076
152211
152706
152855
153244
153494
153574
153760
153828
153864
153884
153891
154029
154258
154305
154394
154606
154634
154726
154869
154973
155131
155264
155440
155470
155564
155832
155838
155914
155946
156088
156316
156467
156662
156700
156901
157117
157410
157413
157594
157792
157996
158080
158137
158636
158669
158786
158796
158843
158925
159221
159332
159369
159549
159758
160042
160273
160308
160391
160657
160719
160818
160825
160841
161116
161415
161520
162048
162050
162068
162129
162224
162263
162297
162303
162459
162625
162722
163180
163343
163372
163409
163539
163844
163852
163855
163908
163931
163950
163964
164058
164172
164229
164240
164247
164273
164387
164601
164717
164728
164911
165191
165292
165568
165592
165807
165836
165846
165865
165896
166165
166410
166584
166815
166930
166960
167238
167612
167833
167947
168038
168199
168395
168487
168836
169084
169195
169394
169539
169543
169698
169755
169781
170351
170541
170765
170894
171189
171272
171319
171322
171409
171482
171631
171750
172266
172426
172440
172495
172533
172864
172921
172941
173185
173271
173356
173494
174010
174232
174307
174760
174785
174819
175015
175027
175255
175269
175357
176108
176382
176416
176662
176673
176717
176897
176918
177302
177313
177335
177427
177520
177708
178244
178266
178386
178477
179031
179141
179144
179433
179438
179502
179709
179801
179841
180129
180142
180157
180211
180310
180806
180931
181076
181342
181351
181740
181785
181849
182030
182100
182106
182190
182212
182353
183010
183012
183022
183032
183121
183127
183186
183271
183306
183506
183838
183906
183969
183996
184103
184491
184647
184690
185178
185232
185242
185363
185518
185798
185975
186045
186094
186548
186606
186641
186667
186677
186706
186725
186817
186841
186862
186972
187066
187134
187357
187564
187608
187650
187943
188064
188554
188677
188825
188913
188950
188987
189050
189054
189114
189131
189318
189465
189505
189521
189588
189635
189942
189989
190412
190435
190436
190468
190499
190505
190511
190535
190573
190583
190636
190889
191104
191169
191252
191326
191329
191359
191426
191433
191441
191458
191625
191815
191975
191980
192252
192281
192524
192775
193267
193298
193311
193314
193367
193422
193507
193577
193813
194245
194375
194414
194483
194486
194737
194747
195017
195197
195228
195265
195435
195526
195653
195699
195955
196185
196346
196356
196364
196400
196402
196414
196421
196440
196515
196655
196672
196771
196942
196988
197050
197335
197410
197424
197489
197490
197499
197643
197789
197790
197796
198115
198197
198473
198603
198686
199000
199295
199323
199368
199376
199398
199666
199677
199862
199971
200046
200274
200330
200351
200869
201035
201049
201314
201316
201347
201395
201748
201973
201995
202155
202349
202564
202923
202950
203136
203177
203736
203784
203798
203915
203985
204003
204100
204618
204644
204908
205014
205424
205451
205504
205717
205725
205937
205968
206070
206175
206189
206198
206336
206375
206819
206908
206911
206942
207170
207857
207859
207944
208112
208307
208406
208499
208516
208633
209126
209623
209895
209941
210201
210306
210392
210436
210505
210800
211059
211133
211289
211370
211714
211829
211852
211897
212173
212302
212396
212470
212559
212953
213282
213285
213383
213511
213544
213664
213674
213696
213731
213733
213830
213834
213857
213894
214482
214884
214932
215210
215335
215736
215901
215982
216163
216327
216506
216550
216587
216618
216869
216954
217122
217360
217398
217549
217561
217795
217840
218130
218606
218770
218925
219074
219154
219258
219501
219510
219913
220186
220436
220445
220705
220727
220941
221055
221198
221274
221414
221500
221676
221841
221887
222042
222241
222382
222480
222514
222622
222814
222922
223094
223205
223207
223266
223486
223586
223826
224273
224380
224444
224453
224524
224613
224802
224835
224936
225225
225327
225387
225653
225718
225858
226213
226246
226358
226373
226394
226643
226677
226681
226922
227026
227198
227720
227744
227767
227968
228196
228204
228243
228263
228600
228701
228750
228753
228771
228896
228915
229068
229083
229138
229211
229298
229315
229520
229610
230012
230017
230150
230402
230438
230451
230645
230894
230924
230949
230976
231036
231140
231180
231233
231321
231784
232130
232166
232354
232650
232721
232902
232973
233348
233379
233889
234230
234298
234299
234301
234327
234652
234658
234705
234837
234934
235241
235257
235382
235389
235465
235587
235619
236106
236235
236434
236537
236566
236733
236734
236746
237426
237459
237635
237750
237805
238081
238311
238396
238436
238501
238543
238615
238681
238688
238710
238743
239473
239560
239611
239634
239955
240025
240044
240077
240118
240145
240334
240675
240731
240873
241054
241160
241511
241655
241807
241863
241978
242054
242104
242144
242279
242389
242474
242560
242824
243036
243144
243252
243277
243304
243312
243348
243370
243620
243750
243874
244215
244278
244318
244343
244393
244434
244635
244732
244771
245137
245209
245316
245524
245536
245621
246117
246235
246258
246416
246680
246688
246694
246783
246804
247012
247042
247074
247189
247276
247280
247498
248020
248475
248649
248746
248783
249055
249085
249114
249156
249198
249491
249492
249570
249747
249916
249965
249993
250039
250045
250098
250154
250241
250448
250593
250617
250905
251077
251318
251367
251464
251605
251621
251632
251748
252048
252209
252318
252756
252786
252860
252908
252978
253000
253036
253040
253054
253083
253314
253427
253502
253584
253645
253849
253859
253909
254042
254073
254188
254345
254616
254756
254996
255051
255092
255291
255649
255809
256244
256383
256511
256573
256589
256655
256710
256836
256861
256867
256878
256948
257047
257254
257420
257495
257741
257823
257868
257875
258132
258137
258172
258221
258519
258544
258570
258937
259003
259053
259101
259308
259409
259900
259918
260227
260579
260660
260805
260874
260985
261165
261332
261482
261485
261781
261857
261870
262089
262526
262774
262840
263204
263236
263401
263499
263524
263557
263674
263782
263973
264031
264115
264304
264551
264591
264628
264644
264678
264761
264831
264879
264883
264918
265281
265366
265992
266030
266080
266384
266596
266675
266787
267227
267599
267693
267734
267887
267981
267982
268277
268326
268375
268383
268408
268416
268489
268650
268751
268817
268907
269171
269547
269596
269746
269790
269817
269818
270106
270126
270166
270220
270362
270432
270435
270858
270905
270978
271194
271357
271396
271506
271576
271615
271862
272047
272137
272139
272504
273461
273500
273523
273563
273787
273800
273864
273974
274145
274161
274207
274209
274519
274613
274798
275264
275754
275774
275812
275836
275853
275878
276140
276302
276379
276421
276465
276495
276556
276582
276686
276787
276820
276903
276991
277173
277305
277593
277656
277775
277777
277821
277849
278020
278048
278050
278081
278258
278579
