118
129
611
963
1445
1762
1941
2688
2735
3028
3798
4703
4868
5001
5321
5714
5847
6552
6603
6673
6882
7707
8216
8270
9166
9796
9978
9996
10221
10615
10830
11124
11314
11425
11462
11885
12171
12575
12760
12887
12954
12978
13279
13456
14410
14689
15059
15143
15156
15602
15680
15728
15881
16353
17029
17426
17496
17590
17712
18438
18683
18712
19258
20073
20669
20759
20862
20903
21328
21632
21740
21751
21757
21782
21855
22354
23159
23920
24089
24103
24133
24561
24799
24846
25332
25590
25606
26161
26330
26629
26941
27019
27598
27689
27693
27733
28627
28952
29372
29394
29759
30230
30363
30764
30829
31098
31161
31175
31301
31331
31381
31386
31594
32189
32770
32810
32917
33098
33171
33256
33661
33821
34108
34613
35222
35302
35606
35681
35964
36269
36283
36541
37543
37572
37867
38001
38007
38245
38348
39586
39629
39987
40086
40367
40950
40969
41427
41854
41997
42430
43334
43342
43670
44245
44287
44292
44413
44424
44799
44888
45725
45769
46052
46601
46611
47053
47174
47278
47789
48174
48209
48213
48336
48370
48609
48665
48705
48822
48936
48980
49024
49668
50075
50598
51455
51708
51735
51788
52070
52196
52368
52660
52798
53169
53185
53401
53818
54113
54678
54983
55057
55441
55686
55721
57206
57471
57619
57648
57655
58253
59203
59411
59553
59827
60179
60905
62204
62420
62528
62838
63166
63641
63779
64011
65015
65465
65486
66011
66848
67536
67649
68073
68609
68662
68846
69130
70243
71226
71254
72016
72116
72569
73225
73236
73279
73660
75752
75895
76020
76055
77235
77689
78726
79149
79170
79224
79238
79563
79917
80050
80348
80531
80897
80958
81564
81819
81946
81985
82035
82603
83079
83157
83498
83638
83728
84094
84112
84471
84770
85012
85072
86968
87167
87474
87589
87615
87807
88212
88828
89001
89095
89735
89874
90248
90259
90764
90804
90979
90998
91500
91533
91775
91804
93283
93628
93682
93813
93888
93922
95170
95282
95478
97264
97405
97416
97470
97714
97952
98012
98080
98209
98627
98749
98765
99102
99173
99211
99825
100555
100697
101195
101365
101588
102685
102755
102926
103044
103199
103433
103779
103832
104091
104365
104818
104938
105131
105314
105384
105663
105774
106027
106095
106163
106508
106670
106687
106814
106848
106869
107138
107646
107647
107667
108037
108783
108852
108975
109134
109234
109253
109302
109624
109764
110307
110522
111218
111569
111982
111997
112006
112224
112240
112297
112304
112632
113081
113106
113465
113865
114470
116346
116657
117243
117247
117686
118652
118975
118979
119300
119391
121140
121312
121338
121418
121557
121749
121763
121981
122247
126315
126792
127175
127193
127320
127349
127629
128093
128425
129376
129818
130063
130475
130630
131099
131273
131427
131938
132932
133029
133775
133981
134044
135033
135114
135978
136077
136410
137151
137242
137437
137570
138417
139141
139859
140093
141816
141855
142170
142607
142669
142689
142851
143348
143372
143576
144164
144291
144547
145441
145458
146026
146059
146657
147262
147409
147862
148058
148255
148314
148592
148649
148818
148967
149530
149719
149856
150094
150133
150774
151420
151746
152164
153161
153474
153568
153587
153792
153895
154041
154116
154150
154634
154894
155004
155151
155189
155633
155809
156147
156169
156901
157252
157524
157549
157927
158216
158364
158735
158786
159724
160067
160084
160693
161780
162221
163170
163800
164037
164133
164172
164657
164781
164856
165495
165597
166925
166935
167242
167514
167576
167630
167837
167879
167993
168830
168974
169033
169611
169762
169875
169977
170351
170889
171188
171322
173220
175276
175615
176102
176167
176174
176695
176937
177029
177055
177329
177455
177522
177614
177642
177644
177794
178397
178620
178729
178866
179031
180403
180520
181163
181209
181740
181780
182055
182056
182649
183497
183939
184341
184652
185027
186863
187504
188987
189414
189477
190174
190461
190495
190700
191013
191751
191756
191980
192199
192565
192620
192693
193078
193563
193931
194205
194487
194640
195265
195526
196281
197550
198197
198401
198561
198899
199153
202363
202385
203112
203279
203781
204158
204171
204701
205586
205959
206147
206204
206859
206908
207736
207859
207944
208648
208898
209207
209288
209700
210075
210305
210540
211251
211382
211391
211897
212953
214198
214216
215517
215767
215885
216179
216350
216954
217389
218352
218832
218910
219596
219897
220308
220795
221300
222382
222555
222705
223135
223140
223663
223870
223883
224248
224308
224545
226461
226708
227072
227278
227750
227937
227948
228659
229244
230086
230159
230196
230787
230873
231097
231584
231671
231866
232349
232676
234073
234404
234791
235218
236183
236689
238566
238575
238651
238865
239082
239261
240642
240725
241178
242360
242402
242972
244291
244949
245012
245123
245531
245568
245751
245781
245971
246099
246677
246696
247498
247622
247984
248130
248251
248632
248697
248717
249156
250003
250412
250417
251048
251527
251709
251746
251848
252908
253502
253769
254790
255009
255226
255358
255480
255805
255849
256436
256710
256723
257167
257814
258081
258519
259518
259533
259564
259625
260660
261828
262746
262931
263091
263738
264148
264537
264628
264667
265253
266467
266665
266900
267249
267279
267693
267744
267982
268355
268393
268756
269511
269635
270015
270124
270166
270751
270758
270793
271224
271395
271454
271862
272062
272358
272625
272917
273057
273186
273709
273755
274760
274921
275258
275302
275806
276080
276686
276903
277129
277428
278104
278231
278258
278354
