113
118
129
143
174
304
471
718
746
793
931
935
963
1127
1146
1340
1445
1624
1684
1941
2058
2363
2385
2627
2688
2731
2735
2741
2780
3064
3240
3289
3479
3506
3752
3798
4068
4181
4195
4289
4459
4868
5001
5457
5498
5714
5841
5985
6165
6519
6552
6882
6976
6999
7524
7922
7950
8005
8052
8216
8239
8270
8542
8639
8863
8932
9126
9166
9392
9796
9798
9957
9978
9996
10020
10021
10221
10450
10615
10700
10830
11124
11314
11462
11483
11616
12171
12378
12400
12469
12575
12710
12760
12887
12978
12995
13309
13402
13456
13518
13566
13716
13717
14366
14410
14671
14685
14876
14960
15059
15113
15502
15602
15728
15774
15881
15906
16282
16353
16361
16578
16618
16701
16823
16949
17029
17138
17147
17466
17946
18142
18329
18500
18712
19031
19913
20461
20534
20627
20898
21138
21204
21321
21328
21561
21632
21729
21751
21782
21855
21938
21944
22535
22586
22997
23416
23658
23675
23698
23920
24089
24103
24133
24431
24484
24705
24786
24846
24894
25019
25087
25332
25358
25359
25606
25706
26259
26297
26330
26441
26629
26638
26941
27019
27287
27366
27598
27751
27795
27799
28952
29203
29226
29288
29394
29588
29673
30002
30160
30230
30235
30601
30829
30937
30962
31003
31098
31161
31175
31386
31447
31594
31666
31787
31823
32144
32189
32427
32462
32702
32776
32810
32832
32958
33098
33453
33663
33838
34108
34126
34298
34613
35047
35253
35302
35606
35681
35963
36258
36269
36283
36386
36541
36556
36560
36562
36663
36672
36737
36923
37048
37416
37440
37518
37543
37762
37781
37790
37838
37867
37908
37989
38004
38007
38245
38348
38410
38563
38565
38823
39501
39509
39555
39586
39629
39962
40012
40086
40134
40346
40598
40645
40652
40713
40804
40940
40969
41255
41479
41612
41659
41854
41974
41979
42267
42305
42336
42359
42430
42785
43080
43197
43212
43342
43469
43502
43658
43670
43838
43873
44042
44136
44208
44231
44287
44328
44413
44424
44496
44528
44696
44795
44799
44888
45333
45363
45450
45460
45678
45725
45735
46003
46203
46601
46611
46762
46922
46930
47053
47174
47278
47504
47789
47862
47876
47933
48140
48168
48213
48313
48322
48336
48468
48549
48665
48684
48936
48988
49122
49505
49553
49668
50313
50598
50634
50944
51260
51330
51471
51788
52053
52070
52249
52368
52450
52660
52798
52933
53169
53185
53401
53729
53818
53844
53847
54111
54200
54435
54900
54983
54997
55024
55057
55254
55515
55635
55686
55721
55843
56009
56047
56157
56337
56628
56741
56883
57111
57206
57261
57447
57471
57608
57619
57648
57655
57680
57936
58110
58167
58255
58337
58580
58665
59315
59411
60142
60181
60398
60825
60905
61299
61642
61863
61937
61960
61996
62159
62204
62360
62390
62420
62442
62490
62528
62738
62899
63054
63096
63166
63167
63641
63779
63905
63943
64006
64011
64311
64665
65160
65465
65486
65801
65845
65871
66484
66901
66992
67060
67175
67397
67649
67977
68073
68076
68110
68118
68242
68513
68609
68662
68846
68921
68967
69130
69223
69369
69460
70004
70243
70285
70440
70757
71369
71393
71738
71870
72016
72421
72507
72569
72639
72730
72774
72813
73256
74399
74686
74817
75235
75636
75895
76238
76326
77397
77409
77441
77767
77771
78075
78137
78322
78389
78791
78953
79016
79033
79102
79149
79170
79238
79293
79429
79563
79573
79611
79669
79917
79921
80036
80050
80348
80531
80589
80646
80754
80883
80897
81172
81819
81984
81985
82019
82035
82290
82930
83079
83095
83161
83164
83619
83842
84094
84112
84471
84625
84734
84770
84892
85012
85072
85399
85500
85603
85626
85892
85911
86195
86490
86567
86594
86813
87120
87167
87439
87474
87589
88212
88213
88226
88681
88828
88937
89001
89184
89221
89235
89339
89408
89443
89462
89572
89735
89874
90144
90248
90259
90274
90369
90391
90813
90844
90923
91029
91048
91281
91423
91500
91775
92467
92569
92937
93327
93790
93813
93888
93922
94012
94268
94758
95170
95255
95421
95478
95480
95576
95785
95975
95978
96005
96306
96387
96509
96514
96561
96695
96704
97163
97244
97246
97263
97264
97405
98012
98080
98088
98209
98388
98423
98494
98530
98592
98837
99173
99211
99476
99825
99856
99894
100101
100527
100555
100603
100659
100698
100707
100738
100753
100817
100818
100846
100877
101036
101365
101588
101668
101725
101749
101931
102106
102224
102685
102695
102755
102761
102926
103082
103199
103430
103433
103440
103458
103615
103779
103832
103959
104231
104354
104411
104735
104818
105079
105131
105314
105486
105490
105580
105615
105732
105816
105931
106012
106027
106095
106098
106163
106288
106504
106670
106687
106848
106869
107193
107259
107260
107445
107646
107647
107710
108188
108217
108285
108341
108362
108498
108725
108765
108830
108852
109126
109234
109302
109504
109624
109874
109942
109975
110108
110216
110460
110522
110595
111306
111386
111418
111737
111932
111982
111997
112136
112182
112224
112240
112297
112304
112323
112632
112638
112667
113106
113334
113376
113470
113509
113643
113865
113956
113963
114106
114134
114171
114470
114609
114848
115085
115621
116346
117073
117243
117247
117308
117686
117863
118111
118455
118492
118975
118979
119105
119212
119300
119325
119404
119684
119704
120245
120348
120712
120886
120929
121334
121557
121579
121753
121763
122017
122173
122406
122704
123043
123095
123396
123602
123808
123887
123896
123992
124266
124608
124841
125112
125131
125238
125455
125792
126036
126792
127059
127180
127268
127349
127592
127698
128083
128093
128766
129206
129608
129800
129818
129987
130002
130063
130131
130201
130581
130630
130767
130928
131099
131150
131271
131273
131298
131427
131584
131656
131938
132153
132932
133080
133250
133775
134391
134467
134642
134947
135033
135270
135407
135736
135742
135913
136226
136284
136325
136410
136697
136853
137151
137288
137398
137412
137916
138130
138417
138588
139129
139437
139608
139859
139928
139945
139955
140083
140093
140245
140249
140278
140358
140500
140775
141176
141190
141801
141816
141848
141977
142265
142354
142607
142638
142669
142689
142851
142868
143248
143599
143793
143796
143808
144164
144226
144291
144789
144936
145220
145441
145452
145575
146026
146035
146364
146435
146475
146549
146806
147237
147391
147409
147413
147414
147442
147503
147554
147862
147900
148058
148238
148288
148314
148590
148592
148648
148841
149230
149294
149530
149856
150094
150659
150774
150812
150944
150945
151067
151420
151518
152164
152192
153052
153161
153284
153396
153474
153482
153568
153587
153691
153891
153895
153961
154041
154204
154305
154394
154629
154634
154894
155004
155047
155186
155189
155442
155541
155809
155838
155883
155946
156467
156469
156609
156744
156987
157034
157410
157524
157549
157575
157927
158550
158562
158735
158786
158843
159053
159070
159221
159279
159310
159587
159758
159825
160067
160084
160691
160838
160999
161655
161780
161804
162221
162303
162459
162520
162613
162722
163170
163343
163372
163523
163690
163800
163940
164037
164070
164133
164221
164461
164501
164607
164781
164856
164897
164911
165197
165597
165907
165968
166320
166473
166815
166904
166925
166937
167168
167242
167338
167412
167514
167591
167630
167663
167837
167879
167993
168062
168199
168358
168487
169195
169197
169431
169539
169717
169762
169875
169977
170216
170494
170560
170569
170765
170775
170879
171188
171189
171250
171319
171482
171695
172426
172617
172848
173250
173356
173386
173759
173906
173940
173952
174275
174297
174307
174740
174995
175015
175255
175276
175357
175606
175615
175736
175774
176036
176102
176167
176174
176200
176466
176695
176937
176948
176979
177029
177055
177329
177397
177446
177455
177522
177642
177794
178261
178354
178397
178729
178866
179144
179221
180254
180403
180806
181163
181740
181780
182055
182056
182100
182340
182348
182351
182649
183110
183497
183939
184814
185149
185232
185289
185439
185447
185470
185518
185804
185900
186045
186667
186677
186774
186863
186904
187169
187351
187504
187735
188323
188347
188554
188787
188825
188865
189041
189237
189521
189552
189588
189658
190174
190182
190436
190468
190495
190700
190776
191158
191751
191975
192299
192620
192693
192775
192780
193265
193477
193484
193518
193638
193679
193935
194026
194245
194374
194487
194634
194640
195265
195955
196175
196244
196364
196410
196627
196799
196830
197549
197550
197753
197784
197789
198197
198271
198326
198423
198810
198841
198899
199295
199376
199459
199593
199925
200236
200508
200682
201314
201580
201995
202363
202532
202754
202859
203137
203473
203781
203923
204158
204231
204344
204400
204467
204701
204838
204908
204924
204980
205656
205937
205959
205968
206147
206204
206275
206523
206653
206908
206942
207294
207313
207469
207944
208241
208302
208361
208499
208685
208714
208898
208916
209100
209148
209246
209288
209700
209810
209895
210311
210379
210540
210815
211133
211251
211382
211714
212165
212178
212302
212953
213154
213684
213755
213894
214014
214198
214306
214482
214976
215210
215725
215736
215885
215915
216025
216179
216288
216411
216592
216618
217053
217122
218788
219181
219349
219501
219510
219596
220297
220308
220436
220795
221055
221263
221300
222042
222096
222136
222555
222607
223063
223094
223135
223140
223207
223826
223883
224248
224308
224339
224545
224613
224745
224900
225474
225501
225629
225639
225718
226797
226981
227072
227672
227860
227948
228243
228263
228426
228659
228753
228754
228771
229520
230012
230086
230150
230159
230215
230472
230949
231134
231180
231225
231794
231965
231985
232130
232349
232610
232676
233836
233973
234033
234055
234145
234230
234352
234404
234910
234942
235562
235587
236106
236183
236310
236566
236610
236733
236734
237251
237295
237695
237747
237968
238575
238650
238865
239150
239266
239433
240025
240441
240675
240679
240724
240725
240731
240827
241178
241416
241511
241754
241824
242104
242142
242362
242375
242532
242824
243036
243065
244278
244318
244732
244736
245123
245479
245568
245751
245781
246235
246535
246677
246688
246696
246773
246927
247121
247498
247574
247622
248130
248251
248717
248783
249570
249747
249842
250003
250020
250410
250431
250556
250596
251288
251626
251746
251748
251848
252071
252209
252756
253120
253290
253312
253406
253502
253769
254188
254457
254536
254620
254756
254790
254828
254910
255009
255358
255480
255729
255805
255886
256573
256583
256665
256974
257163
257167
257380
257451
257489
258071
258570
258889
259518
259625
259786
260163
260361
260467
260497
261157
261240
261625
261828
261858
261893
262746
262931
262977
263091
263236
263238
263392
263497
263828
263920
263936
264031
264046
264095
264341
264408
264522
264537
264576
264628
264847
265490
266039
266048
266080
266254
266596
266900
267249
267459
267465
267744
268029
268160
268489
268756
269100
269351
269511
269635
269702
269826
270015
270026
270124
270220
270362
270373
270647
270751
270758
270793
270844
271395
271506
271531
271832
272062
272139
272832
273000
273186
273466
273572
273709
273755
273913
273974
273992
274208
274307
274798
274921
274979
275225
275806
275873
276080
276140
276302
276322
276379
276801
277129
277404
277499
277593
277810
277976
278072
278104
278315
