119
297
391
459
465
473
577
652
657
731
755
774
782
787
811
812
835
900
926
964
1012
1107
1116
1124
1183
1201
1239
1260
1397
1429
1595
1720
1742
1802
1810
2060
2081
2136
2267
2286
2302
2328
2432
2483
2571
2717
2767
2845
2865
2868
2980
2992
3050
3189
3279
3308
3312
3328
3330
3416
3418
3526
3579
3731
3807
3868
3975
4006
4044
4065
4095
4162
4175
4210
4217
4256
4463
4501
4506
4607
4660
4731
4813
4891
5047
5263
5355
5393
5526
5672
5742
5908
5936
5948
5950
5956
5963
6019
6020
6166
6197
6235
6248
6262
6363
6392
6400
6418
6479
6506
6537
6607
6616
6664
6689
6722
6733
6806
6851
6863
6899
6945
6965
6980
7141
7195
7271
7298
7372
7395
7614
7677
7689
7923
8018
8020
8114
8284
8302
8340
8430
8480
8523
8558
8598
8941
8943
8960
9092
9140
9144
9163
9254
9291
9364
9553
9643
9976
10118
10206
10245
10351
10406
10656
10667
10672
10703
10930
11043
11272
11359
11394
11434
11471
11501
11668
11815
11906
12091
12106
12116
12295
12297
12346
12367
12482
12484
12492
12509
12676
12680
12734
12757
12786
12817
12825
12916
12924
12958
12963
13022
13040
13043
13069
13123
13131
13262
13387
13463
13482
13483
13666
13678
13838
13913
13921
13984
13988
14043
14056
14079
14121
14209
14340
14380
14438
14550
14569
14649
14773
14867
15170
15192
15260
15287
15307
15443
15460
15621
15671
15679
16367
16463
16610
16612
16624
16669
16850
16884
16901
16906
16960
16989
17014
17024
17123
17216
17468
17557
17642
17699
17720
17775
17980
18128
18246
18483
18638
18755
18850
18905
19083
19100
19113
19242
19277
19376
19454
19599
19632
19669
19862
19953
20021
20075
20088
20370
20437
20467
20468
20482
20485
20514
20613
20807
20811
20869
20871
20894
20972
21176
21295
21449
21598
21941
21950
21954
21974
22001
22270
22311
22426
22636
22661
22675
22848
22920
22977
22978
22981
22990
22992
23012
23020
23063
23064
23195
23218
23288
23517
23637
23693
23709
23800
23837
23923
23952
23966
23993
24010
24021
24033
24161
24203
24243
24302
24353
24522
24644
24784
24788
24907
25138
25283
25320
25401
25415
25546
25582
25677
25751
25868
26003
26017
26134
26276
26288
26312
26320
26399
26400
26494
26516
26672
26718
26759
26792
26803
26897
26976
27060
27199
27267
27285
27383
27384
27497
27533
27610
27731
27787
27815
27879
28061
28227
28392
28410
28445
28447
28458
28467
28475
28502
28551
28559
28561
28621
28622
28744
28945
29170
29213
29243
29254
29547
29643
29722
29765
29815
29857
29864
29916
29970
30039
30123
30234
30236
30256
30280
30509
30629
30673
30826
30866
30870
31015
31043
31075
31110
31136
31140
31177
31239
31240
31282
31307
31330
31369
31372
31495
31537
31538
31628
31708
31767
31833
31939
32086
32095
32102
32131
32134
32177
32181
32339
32377
32386
32428
32463
32513
32587
32773
33060
33150
33265
33378
33386
33460
33476
33492
33524
33544
33559
33579
33656
33699
33774
33954
33989
34015
34046
34193
34201
34290
34323
34331
34361
34494
34513
34614
34672
34757
34762
34784
34866
34900
35011
35024
35035
35045
35103
35124
35144
35272
35340
35359
35628
35697
35839
36040
36100
36143
36170
36198
36216
36231
36255
36319
36329
36475
36488
36519
36567
36642
36677
36776
37044
37072
37182
37226
37231
37291
37407
37430
37506
37561
37614
37673
37715
37979
38093
38113
38136
38142
38188
38361
38370
38377
38384
38442
38453
38475
38504
38517
38530
38656
38863
38926
38927
38967
39010
39112
39243
39320
39331
39334
39402
39463
39504
39556
39685
39712
39743
39823
39863
39982
40081
40219
40287
40304
40337
40415
40521
40530
40586
40637
40666
40766
40798
40824
40864
40869
40897
40987
40993
40998
41003
41065
41079
41099
41164
41326
41338
41507
41654
41660
41667
42196
42253
42419
42538
42550
42629
42746
42834
42897
42901
42917
42930
42951
42989
43033
43040
43044
43121
43243
43339
43363
43364
43370
43396
43445
43530
43596
43619
43632
43647
43656
43681
43711
43728
43767
43811
43858
43859
43895
44094
44300
44359
44365
44570
44654
44692
44704
44768
44937
44950
45032
45220
45233
45265
45315
45346
45426
45445
45478
45726
45733
45734
45746
45781
45804
45815
46113
46165
46186
46199
46368
46374
46376
46540
46559
46615
46619
46658
46693
46731
46768
46838
46884
47198
47225
47253
47273
47483
47496
47551
47618
47667
47769
47781
47790
47884
47983
47996
48072
48135
48153
48154
48155
48323
48409
48413
48541
48594
48690
48939
48968
49013
49038
49069
49087
49092
49127
49134
49139
49188
49335
49428
49448
49552
49580
49583
49661
49770
49797
49844
49954
49964
50392
50432
50554
50596
50651
50695
50776
50834
50850
50888
50899
50941
50945
50948
50951
50954
50991
51030
51157
51161
51191
51205
51223
51225
51249
51317
51340
51438
51513
51619
51664
51666
51691
51701
51713
51767
51789
51799
51836
51869
52011
52135
52237
52295
52373
52415
52418
52444
52463
52636
52737
52950
53005
53259
53272
53304
53313
53323
53713
53749
53823
53920
54008
54053
54204
54296
54308
54357
54485
54539
54545
54568
54610
54753
54803
54878
54903
54965
55073
55175
55238
55281
55290
55416
55467
55548
55647
55899
55928
55997
56083
56149
56233
56239
56240
56380
56387
56408
56490
56491
56537
56688
56943
56956
57010
57081
57100
57288
57340
57444
57489
57605
57675
57693
57757
57798
57835
57870
57917
58211
58237
58278
58287
58301
58377
58386
58419
58421
58602
58607
58649
58683
58834
58947
58981
59067
59146
59158
59204
59359
59381
59456
59540
59545
59663
59669
59670
59675
59689
59755
59758
59767
59815
59847
59869
59879
59993
60029
60031
60060
60070
60082
60090
60141
60170
60202
60208
60298
60397
60474
60509
60643
60669
60704
60763
60779
60813
60829
60908
61205
61218
61222
61274
61297
61327
61408
61442
61452
61527
61561
61648
61654
61697
61698
61732
62022
62042
62346
62366
62400
62407
62445
62472
62481
62504
62533
62541
62552
62675
62713
62761
62911
62946
62973
63026
63088
63157
63222
63288
63300
63329
63463
63487
63547
63570
63667
63700
63737
63893
63941
63962
64000
64001
64025
64113
64126
64342
64359
64414
64421
64443
64606
64644
64659
64950
64969
65172
65286
65314
65316
65327
65345
65405
65468
65508
65668
65798
65818
65907
65956
65961
65965
66061
66078
66441
66460
66542
66568
66655
66735
66827
66969
67101
67109
67112
67158
67188
67252
67263
67268
67280
67336
67377
67437
67477
67581
67633
67694
67835
67864
67919
67929
67993
68011
68043
68113
68183
68196
68268
68277
68291
68300
68350
68361
68511
68599
68719
68820
68838
68859
68985
68997
69050
69085
69113
69218
69220
69250
69262
69273
69299
69316
69426
69433
69450
69660
69666
69732
69795
69845
69851
69931
69984
70005
70007
70085
70114
70136
70197
70485
70497
70666
70700
70709
70712
70764
70784
70866
70887
70896
70900
70914
70917
70937
70969
70992
71024
71050
71147
71223
71408
71434
71543
71546
71739
71749
71835
71906
72115
72160
72179
72203
72243
72272
72278
72294
72379
72409
72458
72490
72674
72807
72956
72967
73036
73252
73271
73393
73394
73407
73545
73831
73881
73974
74153
74219
74268
74393
74459
74470
74571
74594
74684
74868
74878
74892
75019
75023
75041
75218
75247
75402
75419
75521
75602
75643
75654
75693
75710
75722
75853
75892
75946
76115
76122
76149
76272
76306
76417
76423
76431
76470
76480
76669
76748
76818
76826
76919
76941
76991
77177
77216
77221
77307
77325
77343
77353
77386
77387
77439
77493
77587
77608
77614
77681
77742
77806
77808
77896
77931
78003
78108
78157
78164
78182
78201
78276
78280
78390
78617
78652
78842
78977
79005
79007
79055
79084
79124
79128
79135
79184
79237
79240
79304
79551
79644
79910
79977
79986
79989
80006
80014
80134
80230
80255
80276
80458
80607
80772
80790
80862
81000
81006
81112
81114
81161
81250
81327
81358
81359
81408
81513
81536
81620
81639
81650
81659
81664
81713
81788
81805
81882
82144
82245
82257
82301
82388
82408
82467
82617
82723
82934
83071
83105
83113
83152
83226
83246
83407
83453
83522
83649
83770
83782
83825
83831
83931
83948
84091
84113
84145
84206
84261
84262
84379
84462
84491
84657
84867
84947
84979
84994
85003
85005
85379
85462
85624
85644
85740
85848
86016
86060
86130
86185
86193
86278
86318
86410
86423
86461
86578
86585
86721
86758
86860
86890
86949
87027
87042
87065
87151
87187
87188
87449
87452
87523
87536
87637
87716
87737
87828
87928
88036
88085
88217
88228
88298
88451
88462
88573
88655
88700
88749
88809
88822
88884
88889
88920
88954
89035
89079
89127
89171
89193
89201
89302
89317
89331
89340
89457
89458
89575
89703
89719
89732
89759
89801
89820
89885
89945
89963
89977
90104
90110
90161
90310
90332
90465
90836
90859
90984
90994
91275
91345
91351
91415
91486
91681
91771
91790
91805
91844
92022
92111
92397
92458
92473
92474
92505
92536
92608
92735
92804
92953
93137
93141
93162
93175
93192
93198
93225
93244
93380
93385
93498
93515
93529
93799
93847
94025
94065
94161
94170
94397
94536
94573
94603
95025
95158
95243
95298
95300
95409
95435
95444
95529
95566
95610
95724
95766
95891
96106
96259
96290
96336
96510
96618
96657
96725
96745
96773
96814
96817
97028
97255
97270
97349
97358
97499
97518
97531
97598
97642
97705
97716
97732
97774
97775
97824
97834
97920
98100
98107
98116
98152
98359
98375
98379
98447
98460
98476
98545
98551
98565
98612
98656
98687
98973
99131
99146
99158
99253
99255
99263
99266
99271
99356
99471
99484
99504
99540
99617
99657
99787
99877
99882
99932
99960
99966
100170
100189
100251
100326
100383
100390
100391
100466
100499
101127
101238
101292
101332
101346
101419
101424
101618
101681
101753
101886
101905
102001
102147
102225
102286
102302
102349
102367
102385
102429
102467
102536
102631
102910
103078
103133
103149
103168
103231
103248
103262
103280
103337
103383
103400
103525
103544
103834
103869
103904
103909
104055
104064
104101
104104
104171
104185
104193
104232
104322
104327
104331
104499
104503
104525
104538
104552
104638
104691
104715
104756
104898
104973
104978
105001
105189
105230
105313
105361
105375
105630
105744
105828
105884
105902
105974
106020
106063
106166
106245
106382
106496
106510
106674
106830
106896
106957
106965
107129
107217
107274
107299
107519
107558
107612
107876
107939
107959
108105
108167
108284
108311
108412
108444
108465
108723
108828
109016
109137
109377
109400
109402
109633
109707
109721
109802
109854
110010
110015
110263
110271
110386
110584
110706
110783
110801
110940
111176
111232
111244
111334
111352
111390
111447
111493
111511
111519
111536
111565
111621
111669
111719
111794
111848
111859
111908
111979
112015
112137
112164
112183
112186
112208
112250
112309
112327
112462
112477
112479
112518
112521
112609
112659
112804
112836
112910
112927
113042
113093
113321
113325
113545
113549
113611
113614
113753
113762
113928
113965
114097
114110
114216
114241
114248
114431
114536
114630
114645
114756
114759
114802
114819
114825
114855
114941
115119
115170
115187
115247
115285
115286
115617
115739
115863
115892
115896
115956
115992
116025
116047
116146
116215
116463
116500
116625
116781
116797
117085
117087
117187
117227
117238
117272
117304
117332
117346
117398
117443
117673
117683
117800
117869
117905
118082
118418
118586
118634
118661
118682
118709
118752
118823
118945
119219
119372
119407
119463
119504
119569
119846
119856
119861
119969
120000
120070
120115
120248
120261
120311
120345
120366
120464
120465
120544
120582
120849
120961
121122
121296
121355
121360
121440
121459
121640
121836
121852
121899
121904
121922
121989
122051
122244
122282
122290
122334
122454
122466
122529
122577
122605
122741
122810
122875
122895
122933
123033
123040
123063
123162
123191
123230
123541
123584
123593
123610
123679
123697
123706
123734
123744
123874
123881
123914
123940
123984
124039
124180
124205
124346
124363
124428
124577
124603
124621
124733
124743
124824
124838
124919
125075
125106
125237
125325
125331
125344
125380
125406
125418
125430
125447
125461
125586
125684
125884
125906
126100
126118
126214
126219
126243
126250
126332
126352
126428
126438
126458
126546
126569
126918
126991
127004
127239
127346
127383
127456
127557
127570
127580
127586
127908
127965
128310
128353
128355
128487
128488
128494
128604
128611
128740
128829
128851
128943
129077
129105
129111
129159
129292
129422
129430
129433
129489
129591
129626
129712
129736
129757
129843
129938
130021
130054
130137
130159
130260
130287
130316
130344
130405
130408
130419
130463
130534
130536
130618
130681
130716
130760
130776
130825
130915
130997
131144
131256
131292
131330
131375
131413
131556
131619
131620
131645
131693
131741
131911
132009
132070
132071
132077
132097
132151
132205
132450
132491
132657
132741
132766
132786
133003
133013
133037
133038
133141
133184
133188
133202
133277
133370
133393
133422
133585
133816
133892
133937
134061
134081
134200
134416
134621
134666
134807
134877
134984
135068
135216
135304
135379
135433
135441
135463
135600
135624
135625
135725
135781
135867
135943
136009
136078
136148
136154
136240
136295
136411
136491
136536
136650
136657
136790
136881
136988
137056
137137
137145
137170
137192
137247
137257
137258
137268
137309
137317
137549
137633
137658
137769
137781
137789
137879
137928
137937
138046
138065
138157
138164
138187
138196
138228
138325
138329
138386
138451
138455
138456
138522
138529
138548
138556
138603
138695
138875
139032
139136
139157
139241
139476
139615
139624
139715
139756
139802
139806
139810
139880
139970
140023
140144
140165
140320
140369
140379
140592
140603
140619
140646
140810
140834
140942
140990
141051
141197
141250
141354
141357
141491
141812
141904
141951
141993
142100
142218
142230
142259
142277
142389
142415
142594
142640
142643
142674
142677
142688
142715
142716
142845
142901
143064
143111
143167
143227
143247
143346
143428
143539
143623
143711
143765
143831
144002
144042
144044
144077
144155
144367
144377
144397
144448
144503
144511
144536
144592
144601
144642
144688
144748
144869
145097
145143
145157
145160
145196
145249
145293
145415
145493
145547
145582
145689
145712
145732
145887
145915
146021
146041
146165
146168
146185
146195
146204
146223
146276
146303
146344
146374
146393
146534
146554
146611
146613
146707
146786
146788
146835
146881
146937
147246
147293
147362
147549
147651
147674
147679
147757
147760
147773
147970
148173
148241
148294
148349
148385
148392
148557
148596
148644
148666
148671
148689
148806
149217
149467
149513
149867
149925
149929
150275
150332
150413
150496
150590
150764
150893
150923
150958
150972
151040
151088
151150
151497
151498
151528
151537
151553
151605
151610
151696
151731
151761
151860
152061
152139
152268
152306
152368
152391
152493
152546
152573
152609
152659
152695
152745
152792
152828
152976
153143
153342
153521
153537
153616
153633
153657
153716
153719
153875
153901
153986
153990
154001
154002
154192
154231
154306
154345
154453
154464
154670
154806
154842
154927
154974
154983
155048
155077
155084
155094
155095
155124
155156
155177
155292
155309
155421
155463
155575
155778
155834
156019
156083
156182
156206
156245
156285
156286
156432
156584
156631
156643
156741
156860
156949
156999
157095
157144
157152
157202
157237
157242
157266
157300
157350
157375
157399
157430
157519
157537
157675
157759
157831
157852
157929
157940
157997
158052
158067
158126
158154
158292
158416
158420
158648
158753
158783
159043
159228
159273
159336
159360
159450
159556
159596
159602
159657
159746
159786
159801
159811
160070
160587
160628
160641
160868
160891
160971
161032
161176
161193
161217
161239
161306
161351
161381
161405
161534
161598
161652
161664
161687
161762
161770
161802
161905
161976
162045
162136
162278
162384
162559
162605
162663
162668
162724
162725
162918
162976
162983
163040
163074
163113
163128
163169
163360
163466
163486
163774
163898
163965
163978
164040
164042
164121
164140
164171
164463
164472
164528
164536
164576
164577
164597
164632
164640
164811
164910
164930
164959
165018
165125
165245
165262
165407
165484
165502
165508
165509
165526
165550
165708
165866
165948
165976
166112
166145
166152
166275
166331
166384
166530
166546
166581
166600
166601
166871
166914
166915
167112
167251
167255
167281
167291
167479
167547
167637
167762
167771
167774
167800
167810
167836
167850
168169
168198
168424
168481
168499
168537
168586
168608
168617
168719
168779
168919
169003
169102
169191
169337
169345
169389
169427
169450
169476
169515
169529
169544
169581
169657
169702
169719
169764
169806
169815
169846
169922
170038
170061
170093
170135
170144
170202
170215
170219
170345
170474
170568
170695
170874
171039
171143
171159
171312
171487
171525
172393
172406
172411
172423
172475
172521
172708
172711
172719
172727
173117
173176
173212
173235
173241
173318
173462
173546
173554
173716
173769
173848
173910
173967
174009
174013
174116
174129
174134
174149
174175
174213
174265
174310
174327
174467
174539
174608
174622
174675
174815
175018
175139
175215
175334
175423
175642
175648
175704
175803
175974
176030
176256
176349
176400
176424
176817
176988
177033
177038
177064
177069
177076
177133
177181
177194
177545
177553
177555
177620
177629
177662
177707
177998
178006
178011
178035
178080
178107
178134
178150
178205
178287
178467
178474
178505
178623
178680
178778
179051
179165
179411
179415
179590
179680
179748
180095
180165
180172
180632
180641
180674
180694
180792
180913
180993
181043
181157
181238
181337
181341
181394
181419
181508
181530
181554
181576
181615
181624
181825
181944
181985
181990
182084
182146
182376
182425
182437
182461
182531
182592
182617
182683
182705
182739
182807
182827
182881
182995
183016
183111
183213
183249
183341
183520
183521
183663
183680
183768
183827
183882
184079
184132
184227
184230
184235
184351
184477
184766
184940
184963
185313
185324
185442
185496
185810
185875
185895
185934
185936
186165
186187
186213
186249
186284
186325
186386
186397
186503
186536
186634
186839
186864
186882
186910
187077
187107
187109
187120
187181
187195
187207
187335
187338
187373
187510
187638
187668
187856
187890
187963
188026
188042
188075
188080
188103
188135
188179
188328
188475
188518
188745
188747
188778
188919
188997
189026
189035
189078
189168
189242
189549
189582
189594
189708
189832
189854
189863
189983
190055
190143
190309
190312
190352
190374
190441
190467
190500
190504
190543
190627
190638
190716
190891
191201
191399
191490
191499
191555
191627
191715
191854
191920
191932
192073
192120
192128
192241
192283
192315
192351
192445
192478
192624
192690
192728
192736
192788
192826
192871
192942
192988
193084
193102
193210
193313
193324
193519
193535
193603
193827
193863
193887
193917
193983
194003
194250
194272
194380
194507
194529
195157
195187
195217
195247
195286
195319
195363
195482
195547
195698
195702
195753
195809
195813
195945
195950
196001
196013
196040
196055
196242
196288
196304
196371
196373
196464
196538
196554
196572
196574
196621
196654
196760
196768
196826
196858
197047
197130
197161
197169
197226
197301
197336
197393
197411
197461
197517
197563
197613
197660
197718
197720
197766
197767
197938
197984
198183
198262
198338
198339
198369
198503
198627
198652
198687
198716
198760
198956
199011
199064
199095
199171
199189
199235
199282
199491
199510
199616
199617
199774
199917
200085
200089
200115
200326
200327
200375
200406
200446
200493
200566
200677
200768
200864
201001
201111
201135
201155
201426
201521
201561
201606
201635
201649
201712
201716
201807
201822
201886
201901
201931
201985
201987
202100
202374
202394
202494
202498
202588
202594
202658
202678
202680
202706
202880
203169
203184
203234
203241
203398
203414
203417
203428
203446
203540
203661
203697
203770
203849
203881
203898
203922
203937
203970
204018
204328
204338
204403
204419
204594
204626
204688
204707
204800
204833
204905
204977
205172
205430
205481
205602
205626
205755
205760
205883
205921
205938
206041
206056
206129
206193
206214
206235
206244
206266
206339
206367
206387
206584
206774
206862
206869
206887
207040
207085
207140
207142
207157
207192
207216
207218
207349
207446
207472
207474
207638
207683
207702
207706
207720
207813
207816
207877
207880
207949
208057
208092
208188
208195
208311
208351
208540
208545
208999
209021
209254
209296
209370
209378
209393
209555
209592
209629
209801
209809
209811
209876
209984
210041
210055
210110
210127
210135
210184
210384
210421
210719
210767
210771
210773
210863
210921
210922
210923
211037
211146
211170
211179
211215
211240
211388
211392
211397
211426
211441
211456
211542
211563
211584
211690
211713
211884
212087
212216
212220
212221
212290
212323
212324
212477
212516
212604
212643
212771
212900
212994
213013
213107
213108
213142
213206
213424
213471
213547
213589
213620
213656
213660
213694
213695
213864
213998
214086
214140
214147
214291
214308
214369
214454
214505
214603
214704
214912
214934
214948
215075
215076
215226
215254
215274
215326
215475
215581
215663
215753
215789
215792
215894
215907
215912
216048
216065
216086
216181
216185
216280
216298
216403
216417
216489
216521
216595
216614
216719
216721
216735
216922
216963
216966
217009
217049
217080
217204
217259
217270
217362
217363
217557
217607
217723
217931
217959
217962
218001
218005
218040
218059
218185
218324
218394
218402
218482
218502
218727
218755
218757
218802
218805
218833
218885
218985
218993
219018
219021
219036
219093
219195
219236
219241
219309
219385
219387
219830
219880
220080
220288
220423
220441
220546
220569
220574
220600
220698
220866
220869
220919
220930
220954
220963
220992
221001
221167
221174
221254
221288
221353
221395
221748
221773
221794
222081
222184
222233
222300
222319
222328
222384
222575
222650
222676
222707
222736
222774
222781
222931
222949
222963
223037
223132
223175
223193
223296
223312
223345
223420
223431
223515
223604
223673
223691
223782
223822
223937
224066
224113
224125
224177
224305
224391
224460
224475
224557
224607
224633
224728
224893
224920
225012
225096
225184
225265
225361
225372
225416
225439
225587
225796
225955
225982
226212
226275
226282
226290
226328
226385
226388
226404
226414
226458
226579
226720
226811
226918
226931
227124
227225
227380
227496
227524
227531
227552
227700
227869
227972
227980
228113
228561
228658
228681
228784
228791
228814
228824
228903
228969
228988
228992
229073
229133
229165
229178
229183
229221
229227
229264
229308
229427
229453
229513
229552
229557
229618
229711
229813
229916
229980
230019
230102
230110
230298
230383
230415
230527
230774
230914
230925
230933
231073
231325
231497
231530
231544
231648
231655
231978
232088
232143
232157
232251
232261
232313
232576
232640
232765
232809
232934
232965
232982
233053
233199
233319
233391
233464
233500
233524
233623
233694
233709
233785
233837
233881
233959
233978
234193
234225
234259
234263
234340
234354
234423
234542
234590
234687
234835
235009
235056
235064
235187
235191
235269
235277
235346
235366
235395
235455
235478
235571
235645
235648
235725
235751
235986
236032
236033
236250
236288
236377
236514
236564
236565
236582
236661
236962
237017
237037
237059
237158
237250
237352
237413
237622
237690
237702
237705
237952
237958
237962
237971
237996
238124
238216
238330
238431
238432
238450
238454
238760
238920
238970
239000
239035
239159
239242
239334
239374
239528
239539
239564
239582
239588
239671
239692
239714
239788
239790
239818
240001
240009
240225
240422
240443
240458
240474
240498
240645
240719
240810
240886
240919
240985
241014
241051
241070
241077
241137
241280
241481
241488
241501
241547
241617
241708
241841
241924
241925
241980
242047
242061
242125
242365
242451
242596
242629
242635
242754
242835
243048
243077
243078
243099
243195
243235
243418
243501
243510
243524
243525
243570
243649
243736
243759
243836
243838
243897
243902
244019
244043
244173
244456
244517
244573
244585
244591
244653
244666
244691
244692
244704
244863
244991
245033
245054
245081
245110
245153
245213
245609
245643
245713
245722
245846
245872
245881
246009
246270
246298
246610
246722
246799
246829
246896
246906
246994
247205
247227
247245
247328
247334
247347
247460
247474
247506
247542
247593
247718
247740
247771
247840
247846
247922
248254
248278
248353
248454
248582
248666
248769
248867
248891
248921
248985
249036
249039
249063
249166
249208
249245
249555
249618
249665
249668
249941
249944
249946
249956
250026
250064
250091
250136
250261
250334
250397
250413
250478
250729
250740
250804
250853
250878
250886
250923
251053
251086
251109
251216
251260
251277
251316
251338
251472
251571
251573
251615
251716
251772
251855
251925
251939
252050
252110
252330
252332
252390
252395
252472
252574
252605
252655
252745
252760
252818
252824
252924
252932
253013
253042
253118
253136
253466
253596
253614
253630
253740
253798
253857
253993
254010
254330
254400
254407
254420
254537
254650
254708
254787
254818
254835
254849
254896
254915
254948
255144
255151
255398
255400
255466
255474
255557
255868
255904
255911
256240
256313
256491
256643
256808
256995
257003
257056
257147
257203
257228
257347
257359
257374
257490
257560
257650
257668
257677
257696
257707
257746
257770
257810
257850
257881
257888
257890
257997
258069
258104
258244
258291
258468
258476
258513
258545
258604
258605
258695
258891
258898
258912
258939
259036
259077
259084
259191
259269
259373
259579
259676
259691
259714
259797
259986
260012
260178
260245
260306
260331
260365
260462
260476
260540
260546
260555
260629
260719
260744
260792
260814
260845
260920
260940
260994
261070
261118
261163
261199
261203
261214
261478
261583
261681
261802
261995
262000
262040
262185
262206
262228
262373
262396
262472
262638
262658
262730
262740
262899
262920
262932
263189
263393
263452
263476
263504
263582
263583
263612
263728
263795
263829
263857
264067
264094
264137
264185
264205
264219
264220
264227
264238
264251
264414
264571
264604
264980
265194
265252
265314
265353
265386
265545
265557
265644
265830
265995
266044
266122
266141
266157
266199
266234
266327
266471
266559
266560
266674
266690
266728
266729
266730
266785
267076
267113
267374
267596
267618
267634
267721
267796
267826
267832
267838
268005
268018
268041
268117
268136
268170
268198
268262
268275
268404
268467
268541
268565
268692
268802
268909
269006
269078
269215
269377
269418
269476
269481
269572
269714
269733
269862
269917
269949
269952
270000
270129
270147
270211
270274
270299
270359
270364
270414
270565
270574
270695
270698
270907
270955
271078
271159
271281
271330
271364
271415
271466
271489
271586
271679
271872
271907
271933
271978
272054
272055
272059
272175
272180
272232
272314
272334
272381
272423
272477
272611
272659
272735
272742
272748
272798
272916
272940
272998
273151
273259
273604
273877
274079
274230
274249
274261
274293
274322
274499
274577
274608
274688
274705
274728
274913
274928
274944
274948
275000
275061
275087
275208
275250
275272
275333
275342
275391
275559
275724
275778
275789
275842
275926
275989
276018
276022
276094
276207
276416
276461
276502
276554
276607
276616
276744
276781
276834
276930
277021
277036
277072
277151
277251
277346
277432
277556
277607
277670
277700
277720
277759
277785
277923
278154
278156
278166
278204
278273
278444
278472
278508
278564
278664
278676
