70
143
338
718
735
746
772
935
939
963
1022
1127
1184
1249
1445
1762
1941
2363
2621
2627
2731
2741
3028
3064
3240
3289
3356
3479
3506
3658
3798
4173
4246
4289
4459
4523
4713
4868
5001
5457
5847
5985
6049
6519
6552
6700
6850
6882
7390
7524
7654
8052
8216
8239
8347
8771
8790
8855
8863
8932
9166
9170
9392
9796
9798
9978
10079
10221
11082
11124
11314
11483
11504
11852
12066
12171
12196
12378
12465
12575
12678
12760
12820
12954
13279
13298
13456
13518
13716
13717
13860
14176
14662
14671
14685
14689
14876
14920
15059
15502
15602
15881
15906
16161
16282
16353
16361
16441
16443
16633
16701
16949
17029
17314
17426
17496
17712
17729
17872
18438
18500
18558
18683
18717
19258
20364
20461
20574
20611
20619
20670
20764
20898
21138
21321
21328
21561
21632
21701
21729
21751
21862
22040
22586
22997
23416
23487
23976
24133
24340
24705
24786
24799
24846
24866
24894
25087
25332
25359
25523
25606
25744
25838
26029
26203
26259
26330
26441
26621
26629
26941
27166
27598
27647
27649
27713
27795
28758
28952
29139
29226
29288
29372
29394
29588
29759
29845
30002
30148
30235
30601
30799
30937
30944
30948
31161
31175
31317
31331
31386
31594
31724
31730
31787
31823
32564
32832
32917
32958
32973
33098
33225
33256
33612
33663
33836
34009
34126
34488
34948
35047
35222
35253
35302
35461
35591
35606
35635
35681
35964
36168
36258
36386
36541
36560
36923
37048
37241
37518
37691
37760
37790
37808
37991
38150
38245
38348
38367
38403
38856
38911
39174
39245
39555
39586
39629
39858
39999
40086
40134
40367
40560
40704
40713
40784
40804
40940
40950
40970
41322
41479
41854
41979
42267
42430
43080
43094
43197
43212
43469
43670
44256
44287
44292
44413
44496
44526
44528
44696
44775
44888
45324
45352
45482
45730
45735
45840
46003
46052
46203
46290
46490
46592
46597
46601
46611
46724
46762
46922
47053
47174
47504
47806
47862
47933
48140
48174
48209
48213
48327
48467
48665
48705
48822
48980
49024
49117
49553
49608
49668
49713
50075
50598
51339
51455
51627
51684
51708
51776
52053
52196
52249
52368
52450
52583
52619
52660
52798
53058
53169
53185
53818
53847
54392
54435
54597
54688
54701
54900
54963
55071
55102
55254
55302
55635
55686
56009
56053
56157
56470
56595
56628
56741
56983
57111
57522
57619
57648
57811
58003
58017
58167
58337
58426
58580
58917
59363
59553
60072
60142
60181
60201
60362
60398
61095
61543
61752
61828
61863
61960
62025
62159
62420
62442
62490
62528
62572
62899
63054
63096
63593
63876
63905
64006
64016
64035
64109
64696
65137
65486
65714
65801
66468
66530
66848
66928
67649
67977
68077
68078
68110
68118
68329
68513
68593
68662
68742
68846
68921
69039
69130
69297
69460
70059
70274
70450
70673
70789
70965
71226
71254
71273
71768
72186
72421
72507
72552
72730
72774
72813
73236
73256
73660
73868
74399
74413
74817
75107
75235
76055
76238
76728
77081
77397
77409
77441
77609
77625
77689
77758
78228
78339
78665
78953
79016
79033
79149
79170
79293
79563
79921
79929
80107
80348
80531
80644
80754
80887
80900
81427
81564
81819
81830
81921
81946
81984
82019
82035
82290
82353
82930
83079
83095
83166
83244
83498
83638
83646
83842
84094
84097
84112
84154
84375
84625
85215
85399
85597
85806
86080
86594
86626
86813
86875
86968
87120
87167
87561
87615
88212
88429
88443
88525
88817
88848
88983
89108
89221
89235
89339
89462
89951
90138
90144
90259
90274
90391
90804
90844
91048
91281
91346
91440
91500
91710
91775
91804
91980
92189
92558
92588
92623
92937
93283
93299
93327
93790
93813
94060
94539
95255
95421
95478
96005
96306
96561
96695
96704
96749
96983
97027
97264
97405
97684
97714
98080
98204
98423
98502
98530
98581
98592
98615
98672
98765
98837
99053
99069
99135
99825
99894
99936
99959
100278
100527
100555
100659
100697
100698
100707
100738
100845
100877
100989
101195
101232
101365
101588
101657
101749
101949
102177
102224
102358
102370
102685
102726
102749
102755
102899
102926
103044
103199
103440
103441
103597
103615
103657
103779
103926
103959
104365
104520
104735
104938
105005
105079
105202
105314
105384
105486
105580
105615
105670
105816
105837
105931
106027
106095
106288
106508
106870
106916
107067
107260
107284
107646
107755
108037
108285
108341
108830
108975
109077
109234
109297
109302
109305
109504
109624
109647
109845
109942
110216
110460
110522
110595
110714
111218
111306
111521
111691
111737
111932
112006
112088
112136
112182
112184
112224
112240
112297
112323
112530
112632
112663
112877
113106
113115
113334
113376
113445
113470
113474
113956
114014
114134
114322
115038
115339
115572
115621
116657
117142
117243
117247
117319
117368
117465
117731
117863
117916
118157
118293
118382
118492
118870
119105
119212
119325
119389
119400
119404
119622
119657
119684
119858
119915
120495
120504
120539
120886
121150
121334
121338
121418
121763
121902
121981
122091
122148
122173
122730
123479
123615
123646
123703
123767
123808
123972
123992
124167
124266
124666
124814
124841
125057
125131
126763
127014
127057
127349
127592
127629
128093
128347
128425
129206
129800
129873
129933
130002
130127
130581
130630
130767
130928
131056
131099
131146
131273
131427
131584
131799
131938
132153
132616
132932
133029
133588
133628
133753
133775
133988
134263
134327
134467
134605
134823
134947
135075
135270
135272
135659
135736
135742
135866
136325
136415
136437
136853
137143
137151
137398
137412
137437
137709
137861
137916
138130
138272
138452
138588
139141
139339
139608
139739
139821
139859
139945
139954
140044
140071
140093
140348
140360
140443
140500
140508
140775
140862
141119
141173
141176
141190
141716
141814
141816
141855
141856
141914
141979
142354
142385
142540
142607
142657
142821
142868
143248
143348
143576
143599
143793
144065
144197
144226
144333
144936
145427
145452
145551
145570
146035
146047
146080
146158
146657
146806
147074
147409
147414
147720
147900
147916
148174
148255
148411
148590
148818
148841
148967
149230
149262
149294
149719
149984
150191
150495
150670
150774
150983
151173
151208
151518
152014
152069
152192
152669
152850
153284
153474
153482
153568
153961
154029
154041
154116
154258
154505
154634
154726
154894
154978
155004
155069
155151
155186
155297
155832
156147
156169
156229
156346
156467
156662
156915
157034
157090
157413
157524
157872
158137
158550
158616
158669
158796
158924
159101
159279
159310
159332
159426
159513
159724
159758
160067
160084
160237
160370
160667
160691
160693
160818
160988
161655
161780
161804
162068
162129
162221
162303
162613
162642
162994
163343
163372
163409
163448
163690
163800
163940
164037
164449
164461
164585
164781
164856
164897
164911
165398
165541
165568
165687
165846
166271
166366
166473
166682
166937
166960
167124
167242
167338
167402
167412
167514
167591
167630
167663
167750
167879
167936
168199
168358
168830
168974
168979
169195
169197
169519
169611
169616
169781
169875
170113
170311
170329
170351
170494
170541
170560
170569
170775
171250
171319
171322
171328
171657
172355
172512
172700
172848
172920
173037
173220
173250
173279
173386
173494
173719
173759
173771
173906
173940
174206
174232
174544
174760
174995
175319
175453
175673
175736
176102
176108
176174
176200
176382
176627
176662
176673
176759
176909
176937
177029
177397
177446
177455
177614
177636
177642
177644
177794
178244
178565
178620
178738
178849
179210
179704
179709
179904
180146
180463
180520
180751
181471
181717
181785
182056
182190
182348
182353
182623
182649
183012
183022
183110
183121
183211
183497
183506
183939
184335
184341
184817
185149
185439
185518
185804
185900
185975
185994
186096
186172
186425
186547
186580
186667
186677
186706
186904
187169
187317
187603
187649
187788
187943
188222
188347
188554
188658
188829
188865
188926
188950
189414
189465
189505
189844
189942
190058
190182
190249
190302
190311
190316
190378
190495
191013
191433
191728
191751
191756
191968
191975
191980
192199
192213
192299
192565
192620
192731
193293
193461
193477
193518
193679
193723
193750
193857
193923
193931
193935
194026
194245
194374
194483
194487
194634
194640
194942
195125
195265
195653
195865
195955
195981
196185
196244
196467
196627
196830
196942
196988
197025
197410
197424
197489
197536
197549
197680
197730
197784
197789
198213
198326
198810
198841
199295
199323
199593
199920
199925
200682
200852
200972
201043
201209
201314
201316
201995
202075
202134
202385
202532
202648
202859
202874
202950
203279
203440
203473
203476
203505
203755
203775
203781
203798
203985
204158
204344
204701
204838
204908
205319
205937
206198
206343
206493
207004
207170
207210
207294
208102
208241
208307
208361
208406
208499
208516
208648
208685
208708
208714
208891
208898
209100
209336
209700
209775
209810
209835
209895
209941
210306
210436
211251
211582
211829
211897
212178
212606
212857
212928
212953
213755
213834
214014
214482
214705
215222
215517
215885
215915
216025
216163
216179
216592
216618
216633
217053
217066
217197
217375
217434
217593
217879
218352
218485
218788
219181
219596
219897
220297
220308
220727
220817
221300
221314
221414
221477
221500
221887
222239
222403
222480
222539
222607
222612
222622
222827
222922
223135
223266
223767
223883
224339
224545
224745
224900
225197
225364
225392
225474
225501
225522
225639
225718
226358
226461
226495
226677
226797
226981
227063
227072
227187
227421
227523
227702
227860
228199
228263
228426
228659
228701
228742
228754
228771
228896
229083
229211
229244
229315
229454
229515
229641
230017
230451
230472
231180
231233
231965
231985
232100
232130
232349
232491
232810
232973
233973
234033
234055
234145
234652
234934
234976
235389
235619
236037
236235
236292
236310
236610
236734
236996
237459
237635
237775
237830
238436
238566
238575
238583
238650
238901
239150
239611
239683
239952
239955
240145
240675
240724
240725
240731
240827
241178
241179
241416
241471
241741
241754
241824
241863
242274
242532
242972
243097
243252
243312
243348
243750
244291
244732
244736
244949
245123
245209
245543
245568
245751
245781
246023
246075
246117
246677
246696
247012
247189
247203
247498
247574
247622
247750
248064
248130
248632
249085
249156
249594
249842
249916
250098
250143
250191
250401
250410
250430
250431
250556
250882
251077
251288
251632
251667
251761
251771
252071
252073
252209
252756
253120
253502
253652
253769
253859
253909
254025
254187
254198
254345
254536
254620
254828
254910
254939
254971
254996
255140
255290
255358
255603
255643
255677
255805
256436
256573
256665
256710
256958
257858
257876
257914
257990
258016
258519
258668
258889
259003
259129
259308
259518
259900
259921
259945
260037
260122
260163
260467
260502
260647
260874
261119
261150
261240
261332
261828
261893
262193
262601
262826
262931
263203
263379
263392
263401
263406
263828
264031
264046
264095
264304
264408
264542
264576
264628
264667
264680
264847
264918
265553
265646
265891
266048
266596
266693
266826
266900
267249
267459
268029
268326
268383
268625
268751
269100
269171
269207
269208
269511
269547
269596
269635
269702
269854
270026
270126
270166
270167
270353
270581
270751
270758
270788
270793
271245
271502
271503
271511
271862
271889
271895
271975
272047
272062
272354
272573
272832
272917
272949
272961
272984
273000
273466
273531
273584
273755
273800
273864
273974
273992
274161
274208
274613
274837
274861
274979
275372
275514
275525
275806
276021
276041
276409
276582
276637
276686
276801
276820
278050
278104
278151
278161
278231
278315
