282
307
621
720
904
925
1036
1193
1300
1417
1592
1901
1910
1999
2102
2254
2842
2977
3151
3254
3556
3701
3876
3912
3915
4151
4167
4245
4316
4421
5145
5315
5445
5627
5670
5858
6085
6528
6855
6907
7251
7554
7702
7726
8218
8417
8557
8750
8775
8939
8955
9030
9065
9208
9253
9293
9520
9628
10024
10163
10334
10422
10563
11162
11360
11565
11716
12044
12257
12290
12662
12694
13148
13201
13212
13368
13379
13426
13462
13523
13748
13978
14333
14383
14655
14845
14897
14967
15615
15722
15794
15799
16137
16142
16162
16319
16807
17612
17768
17787
17977
18757
18829
18928
19145
19830
20079
20087
20445
20491
21370
21452
21937
22204
22480
22493
22685
23184
23743
23796
23957
24011
24132
24169
24195
24385
24450
24770
24868
25237
25514
25737
25866
26555
26925
27105
27125
27549
27589
27718
27917
28310
28327
28366
28750
28895
29046
29158
29370
29380
29464
29474
29485
29522
29774
29839
29932
29996
30016
30147
30157
30385
30625
30645
30734
30821
30895
31223
31393
31707
31746
31845
32327
32500
32512
32526
33031
33571
33731
33827
34003
34113
34304
34605
34631
34975
35023
35044
35336
35599
35611
35639
35645
35870
36016
36116
36220
36474
36752
36816
36944
37032
37465
37651
37789
37807
37825
38017
38072
38295
38387
38524
38632
38678
38892
38944
38978
39503
39581
39813
39953
40026
40301
40351
40438
40618
40779
40783
40793
40846
40957
41268
41288
41362
41600
41681
41764
42007
42053
42096
42749
42916
42939
43109
43425
43466
43571
43865
43893
44074
44218
44396
44427
44478
45063
45121
45247
45364
45555
45556
46159
46171
46177
46613
46763
46888
47146
47240
47429
47581
47673
47810
48118
48837
49047
49078
49265
49627
49637
49886
50116
50122
50148
50162
50192
50204
50484
50518
50542
50788
50805
50886
51200
51326
51423
51430
51675
51685
51740
51759
51850
52106
52183
52188
52250
52617
52979
53146
53777
53834
53851
53934
53988
54269
54343
54365
54574
54955
55018
55106
55726
55819
55821
55894
56081
56107
56126
56465
56532
56695
56923
57145
57256
57400
57597
57637
57750
57938
57979
58013
58153
58341
58509
58690
59174
59438
59440
59517
59877
60111
60138
60143
60782
60808
60847
60852
60902
61141
61211
61433
61546
61569
61681
62020
62047
62141
62181
62474
62574
62599
62898
63065
63311
63633
63992
64474
64542
64549
64749
64913
64934
64983
65098
65111
65739
65748
66027
66161
66163
66508
66731
66744
67071
67128
67151
67439
67688
67791
67812
67903
67920
68262
68272
68307
68629
68893
69038
69259
69294
69337
69391
69592
70036
70177
70537
70758
70955
71183
71472
71782
71854
72070
72139
72148
72183
72345
72446
73085
73235
73317
73592
73593
73594
73646
73877
73954
74150
74515
74546
74566
74834
75102
75484
75515
75871
75982
76191
76475
76534
76686
77019
77023
77100
77324
77398
77407
77669
77721
77738
77889
77951
78067
78235
78398
78428
78441
78476
78756
79382
79408
79540
79750
79808
79940
79945
80053
80298
80594
80732
81008
81493
82059
82294
82407
82479
82519
82602
82690
82822
83228
83340
83351
83355
83389
83416
83431
83435
84174
84301
84421
84492
84531
84619
85123
85356
85441
85585
85686
86061
86279
86552
86772
86781
86997
86999
87186
87192
87375
87544
87724
87910
88078
88243
88415
88931
88986
89158
89454
89512
89681
89901
90157
90176
90357
90377
90514
90649
90711
90746
90857
91030
91298
91542
91638
92371
92513
92553
92559
92579
92799
92878
93143
93316
93319
93337
93395
93604
94007
94269
94443
94454
94896
94931
95135
95185
95312
95430
95467
95488
95503
95600
95611
95770
96007
96262
96271
96374
96410
96463
96475
96736
97600
97603
97657
97664
97682
97698
97803
98167
98454
98495
98678
98729
98988
98990
99048
99267
99512
99614
99620
99728
99865
100036
100124
100399
102000
102040
102097
102378
102558
102698
103059
103071
103322
103367
103562
103647
103660
103792
103829
103929
103939
104054
104275
104338
104345
104362
104431
104442
104970
105030
105196
105255
105318
105370
105575
105993
106016
106275
106346
106558
106585
106620
106690
106774
106811
107010
107490
107561
107714
107937
108094
108109
108622
108623
108769
108857
108890
108967
109524
109622
109708
109757
109886
110028
110399
110499
110543
110726
111255
111266
111309
111329
112277
112295
112828
113263
113371
113740
113745
113789
113818
113945
113997
114007
114636
115104
115415
115486
115704
115726
116078
116495
116632
116645
117034
117056
117089
117141
117337
117721
118021
118131
118882
119090
119186
119305
120044
120228
120468
120489
120893
121138
121264
121290
121316
121454
121568
121717
121923
122061
122238
122249
122421
122579
122581
122828
122839
123067
123166
123266
123325
123605
123639
123683
124336
124383
124413
124631
124633
124817
125001
125192
125269
125448
125540
125978
126732
126815
126928
127126
127143
127226
127249
127453
127462
127495
127546
127595
127823
128026
128073
128074
128126
128146
128319
128337
128366
128386
128421
128434
128805
128983
129003
129080
129115
129432
129614
129747
130033
130059
130220
130288
130396
130500
130602
130702
130823
130840
130932
131159
131165
131214
131472
132101
132136
132202
132207
132220
132268
132354
132484
132833
132857
132926
133143
133308
133590
134051
134107
134211
134216
134463
134483
134507
134844
134990
135062
135140
135269
135412
135434
135471
135679
135942
136000
136072
136101
136380
136394
136669
137132
137149
137174
137259
137463
137506
137884
137945
138102
138274
138293
138387
138771
139034
139055
139250
139421
139772
139853
140065
140208
140436
140959
141085
141218
141273
141390
141512
141646
141863
142051
142107
142114
142115
142167
142168
142173
142187
142270
142489
142516
142573
142831
143364
143385
143399
143571
143621
143641
143658
143713
143939
143940
144409
144635
145245
145310
145321
145408
145461
145683
145798
145840
146254
146287
146466
147310
147572
147843
148043
148176
148454
148794
149063
149146
149331
149451
149541
149572
149634
149968
150341
150599
150792
150964
151730
151768
152044
152112
152156
152264
152548
152619
152641
152684
152851
153075
153078
153159
153333
153651
153943
154188
154193
154247
154402
154483
154610
154762
154763
154778
155107
155109
155123
155207
155255
155274
155298
155407
155779
155872
156025
156040
156340
156433
156759
156863
157096
157467
157545
157925
157939
157990
158034
158122
158248
158291
158705
158714
158844
158884
159003
159059
159209
159231
159400
159867
160002
160199
160363
160413
160424
161078
161224
161263
161318
161410
161495
161509
161730
161925
162755
162842
163039
163442
163641
163901
163956
164029
164268
164422
164595
164691
164740
164878
164933
165209
165225
165234
165271
165343
165496
165542
165612
165648
165736
165782
165960
166203
166282
166322
166417
166568
166768
166809
166893
166953
167050
167104
167209
167225
167262
167775
167887
168066
168162
168188
168194
168390
168565
168627
168659
168773
168932
168988
169001
169242
169283
169420
169422
169683
169700
169788
170552
170582
170644
171278
171316
171420
171647
171707
171753
171766
171872
172335
172390
172786
173039
173147
173216
173447
173458
173561
173796
174173
174285
174296
174730
174900
174931
175060
175119
175492
175597
175602
175728
175777
175911
175928
176061
176664
176770
177094
177271
177315
178069
178185
178348
178420
178482
178569
178604
178607
178689
179018
179036
179089
179106
179220
179439
179695
179766
179900
180037
180107
180414
180595
180661
180711
180712
180783
180805
180831
180881
181035
181083
181213
181278
181307
181523
181562
181643
181660
181704
181959
181987
182199
182343
182404
182981
183101
183233
183266
183302
183337
183590
183619
183672
184082
184273
184336
184413
185029
185061
185750
185952
185962
186027
186540
186655
186898
187293
187404
187880
187942
188068
188203
188345
188358
188631
188849
189251
189315
189578
189615
189768
190007
190050
190196
190210
190248
190267
190508
190723
190851
190903
190971
191308
191310
191322
191443
191532
191621
191865
191867
191871
191942
191959
192084
192152
192243
192272
192274
192363
192390
192398
192507
192619
192721
192809
192901
192955
193235
193523
193525
193597
193768
193894
194254
194266
194351
194456
194511
194965
195051
195076
195667
195721
195744
195794
195872
195913
195973
196034
196046
196528
196587
196592
196602
196624
196634
196682
196837
196953
196987
197340
197360
197395
197425
197618
197734
197748
197774
197778
197787
197897
197914
198244
198270
198274
198331
198390
198422
198468
198564
198677
198797
198980
199129
199380
199411
199458
199528
199590
199651
200048
200295
200729
200754
200763
200769
200815
200945
200969
201644
201940
202149
202194
202214
202350
202568
202613
202694
202861
202862
203046
203173
203189
203337
203472
203475
203646
203987
204089
204187
204292
204471
204936
205394
205871
206045
206113
206195
206221
206326
206562
206650
206987
207122
207249
207618
207738
207852
207874
207905
207927
207997
208079
208386
208546
208841
208968
209015
209023
209040
209051
209431
209552
210018
210037
210256
210291
210313
210353
210356
210357
210610
210659
210786
210823
210988
211110
211241
211297
211343
211541
211565
211587
211906
212128
212245
212419
212464
212529
212622
212754
212812
213076
213166
213189
213204
213263
213422
213615
213717
213732
214246
214683
214846
214950
215177
215248
215422
215443
215506
215533
215571
215693
215698
216003
216018
216081
216104
216157
216254
216263
216342
217013
217121
217757
217835
217908
218385
218424
218450
218603
218634
218652
218794
218815
219035
219158
219290
219398
219715
219812
219849
219860
219874
219947
220099
220131
220218
220438
220623
220632
220778
220779
220823
220917
221360
221459
221765
221851
221852
221987
222008
222135
222187
222214
222313
222623
222995
223029
223214
223609
224069
224087
224184
224289
224412
224464
224542
224738
224848
224894
225029
225107
225113
225189
225272
225549
225572
225850
226330
226437
226642
226645
226919
226964
227010
227096
227164
227405
227466
227957
228041
228100
228158
228303
228431
228597
228805
228811
228987
229031
229057
229243
229259
229260
229758
229807
229814
229846
229849
230417
230598
230745
230874
231109
231157
231288
231341
231662
231796
231855
232002
232059
232173
232208
232338
232485
232657
232659
232792
232840
232923
233274
233284
233286
233652
233759
233880
233884
234311
234334
234499
234531
234670
234683
234773
234795
234831
235173
235230
235254
235374
235377
235463
235756
235794
235817
235862
235865
235891
235936
236189
236464
236480
236485
236528
236589
236659
236693
236720
237154
237411
237475
237575
237744
237965
238655
238731
238817
238858
239077
239315
239508
239595
239606
239667
239679
239743
239802
239873
239978
240031
240080
240206
240244
240287
240304
240343
240412
240421
240933
241032
241330
241522
241680
242023
242268
242426
242475
242600
242799
242904
242937
243205
243359
243425
243456
243718
244024
244083
244093
244145
244202
244298
244341
244382
244463
244729
245072
245151
245303
245345
245356
245400
245406
245600
246058
246085
246171
246326
246338
246551
246639
246776
246830
246904
247052
247107
247421
247551
247562
248142
248346
248393
248485
249157
249317
249539
249759
249781
249787
249891
249897
250082
250114
250171
250353
250394
250414
250944
251144
251301
251304
251534
251591
251618
251852
251868
251933
252167
252252
252370
252380
252503
252591
252700
252813
253104
253112
253248
253605
253648
253676
253748
254223
254541
254545
254548
254633
254651
254719
254760
254909
255222
255331
255517
255810
255888
256254
256444
256567
256593
256617
256776
256845
256847
256879
256890
256988
257087
257179
257346
257407
257464
257540
257715
257848
257856
257948
258014
258238
258661
258664
258745
258840
258950
259015
259164
259195
259245
259270
259273
259371
259403
259440
259474
259913
260067
260077
260088
260128
260278
260374
260662
260857
260893
260930
260954
260964
261541
261735
262035
262038
262252
262292
262445
262879
262892
262912
263011
263030
263041
263074
263102
263105
263449
263459
263537
263627
263673
263708
263719
263729
263746
263800
263958
264039
264056
264119
264143
264242
264332
264349
264529
264582
264650
264802
264864
264947
265246
265270
265329
265534
265566
265586
265615
265791
265815
265816
265841
265844
265987
266004
266015
266198
266274
266420
266563
266599
266774
266780
266871
267036
267044
267096
267103
267105
267129
267238
267275
267305
267354
267386
267637
267892
268128
268216
268225
268249
268333
268406
268499
268779
268814
269124
269214
269309
269588
269650
269688
269753
269849
269877
269890
269903
269910
269926
270421
270455
270528
270605
270726
270816
270994
271004
271101
271120
271173
271332
271490
271496
271523
271582
271805
271846
272257
272295
272563
272580
272714
272855
272863
272922
272948
272970
273198
273418
273434
273487
273588
273590
273902
273956
274040
274251
274255
274309
274438
274604
274845
275030
275156
275161
275243
275417
275516
275704
275711
275854
275892
275972
276000
276010
276098
276147
276339
276484
276813
276818
276962
277063
277112
277125
277154
277318
277353
277367
277591
277669
277761
277784
277800
277805
277986
278062
278118
278132
278160
278201
278257
278262
278275
278356
278363
278413
278437
278461
278484
278488
278519
278526
278583
