26
195
307
371
666
720
904
1039
1128
1193
1197
1219
1384
1592
1853
1901
1970
1999
2251
2265
2344
2392
3151
3556
3786
3876
3912
3915
3999
4021
4054
4125
4169
4238
4328
4392
4421
5032
5193
5238
5315
5627
5670
5820
5858
5864
5980
5982
6085
6345
6361
6597
6718
6907
7251
7255
7434
7554
7643
7702
7726
8019
8345
8366
8417
8443
8775
8812
8988
9065
9131
9253
9293
9378
9477
9520
9628
9769
10088
10334
10347
10431
10563
11062
11113
11145
11361
11413
11716
12041
12138
12257
12290
12382
12395
12476
12606
12614
12662
12670
12751
12814
12989
13148
13201
13212
13283
13441
13516
13687
13732
13765
13811
13864
14138
14144
14255
14333
14423
14488
14510
14845
14897
14905
15066
15417
15440
15615
15654
15794
15798
15799
15949
16115
16137
16208
16319
16670
16899
16991
17000
17278
17329
17420
17850
17977
18337
18388
18757
18920
18928
19078
19303
19326
19830
19838
20058
20059
20124
20129
20395
20445
20491
20766
20774
20886
20958
20960
20975
21452
21837
21872
21905
21928
22359
22404
22480
22493
22668
23189
23395
23433
23688
23750
23764
23796
23957
24028
24169
24191
24385
24450
24504
24549
24899
24904
24983
25231
25237
25537
25637
25737
25864
25866
25941
26168
26220
26232
26262
26420
26555
27125
27589
27898
28119
28159
28241
28327
28366
28528
28581
28618
28654
28750
28883
29009
29046
29158
29160
29167
29249
29522
29839
29932
29996
30097
30109
30147
30154
30157
30320
30354
30371
30402
30484
30664
30665
30672
30734
30752
30952
30963
30965
31200
31223
31393
31524
31564
31676
31707
31754
31958
32103
32113
32123
32327
32440
32484
32500
32517
32523
32792
33004
33218
33457
33571
33644
33763
33766
34035
34113
34304
34438
34544
34605
34795
34975
35336
35403
35449
35599
35611
35639
35645
35870
35966
36009
36116
36220
36224
36270
36340
36373
36474
36816
36976
37411
37465
37469
37567
37651
37653
37684
37732
37825
37942
38017
38030
38115
38295
38307
38376
38497
38524
38559
38632
38699
38704
38944
38978
39197
39581
40026
40180
40230
40351
40618
40779
40783
40793
40957
40996
41062
41166
41170
41268
41400
41698
42096
42287
42487
42501
42606
42635
42677
42883
42916
43073
43104
43181
43425
43444
43500
43571
43679
43801
43834
44073
44074
44240
44298
44302
44384
44427
44478
44607
44633
44842
44913
45039
45063
45084
45243
45247
45266
45278
45349
45364
45392
45402
45404
45556
45616
45847
45964
45971
45997
46038
46078
46159
46171
46763
46858
46945
46952
47145
47146
47206
47240
47458
47581
47584
47673
47681
47831
48000
48125
48193
48214
48865
48995
49047
49078
49088
49265
49269
49309
49482
49638
49886
50006
50031
50078
50116
50148
50162
50192
50226
50504
50518
50542
50635
51025
51067
51200
51259
51326
51420
51423
51460
51685
51723
52183
52251
52491
52534
52599
52617
52847
52909
52979
53777
53793
53795
53835
53851
53905
54054
54205
54287
54375
54477
54574
54955
54982
55234
55455
55660
55661
55675
55713
55758
55821
55979
56008
56081
56138
56156
56255
56465
56474
56521
56646
56675
56756
56923
57057
57064
57070
57145
57400
57597
57634
57654
57671
57750
57915
57979
58013
58153
58245
58272
58340
58341
58347
58373
58394
58586
58690
59174
59195
59438
59517
59620
59646
59842
59894
59985
60006
60040
60045
60111
60138
60183
60233
60684
60782
60902
61099
61117
61211
61252
61393
61433
61449
61464
61546
61569
61680
61906
61932
61994
62181
62329
62419
62491
62574
62762
62777
62898
62935
63065
63173
63202
63219
63233
63311
63312
63551
63576
63585
63618
63958
64226
64245
64261
64268
64353
64474
64542
64616
64688
64749
64934
64979
64983
65304
65487
65730
65835
66014
66027
66161
66249
66408
66537
66675
66716
66744
66995
67126
67408
67430
67439
67521
67602
67688
67770
67791
67812
68066
68177
68262
68331
68629
68634
68658
68707
68793
68893
69140
69216
69259
69337
69592
70046
70112
70177
70226
70575
70667
70751
70758
70761
70830
70955
71253
71372
71782
71800
71823
71849
72070
72133
72139
72159
72183
72345
72460
72615
72641
73027
73085
73267
73317
73592
73594
73600
73623
73632
73646
73650
73730
73827
73864
73896
73954
74080
74275
74306
74311
74356
74357
74362
74391
74515
74566
74834
74958
75097
75438
75484
75509
75585
75591
75699
75726
75787
75852
75871
76214
76381
76392
76475
76534
76836
77019
77023
77100
77116
77278
77398
77407
77649
77669
77720
77738
77799
77947
77951
78015
78153
78235
78241
78335
78360
78376
78441
78474
78476
78756
79049
79117
79382
79399
79540
79580
79717
79750
79991
80071
80272
80298
80594
80688
80732
80834
81008
81269
81610
81822
81957
82059
82308
82407
82479
82605
82822
82972
83051
83195
83228
83298
83389
83416
83431
83435
83437
84174
84196
84387
84421
84492
84531
85123
85351
85356
85441
85486
85513
85635
86061
86112
86154
86165
86279
86401
86552
86699
86757
86781
86790
86999
87144
87190
87215
87358
87375
87544
87674
87724
87748
88243
88504
88513
88520
88526
88640
88810
89089
89158
89165
89213
89454
89465
89466
89475
89681
89708
89733
89794
89901
90157
90171
90271
90357
90712
90746
90851
90857
91166
91185
91298
91308
91542
91828
91870
91876
92187
92269
92383
92405
92553
92559
92799
92878
92901
93031
93179
93257
93319
93368
93866
94038
94147
94269
94436
94454
94693
94872
95073
95135
95151
95185
95248
95251
95420
95452
95467
95471
95488
95503
95955
96007
96262
96710
96735
96736
96864
97034
97659
97803
97875
98167
98187
98206
98495
98673
98729
98754
98783
98933
98996
99030
99048
99085
99512
99614
99620
99655
99728
99860
99865
99884
99891
100111
100116
100124
100399
100607
100639
100677
100792
100823
100910
100912
101366
101619
101677
101695
101760
101796
102005
102164
102245
102368
102378
102442
102443
102557
102558
102564
102671
102698
102707
102824
103059
103072
103126
103236
103367
103562
103647
103737
103777
103792
103829
103950
103979
104054
104243
104275
104283
104298
104321
104338
104345
104348
104362
104387
104442
104547
104727
104764
104782
104787
104804
104949
105032
105069
105089
105255
105318
105369
105370
105436
105453
105575
105638
105990
105993
106016
106176
106268
106346
106433
106558
106650
107198
107203
107296
107316
107398
107490
107561
107714
107857
108035
108121
108376
108421
108623
108857
108916
108959
108963
108967
108979
109173
109448
109524
109547
109622
109650
109664
109676
109708
109810
109905
109961
109984
110011
110028
110339
110399
110447
110543
110618
110726
111158
111328
111329
111795
111942
111949
112295
112828
112949
113119
113263
113338
113522
113582
113687
113699
113714
113800
113816
113818
113939
113997
114001
114007
114042
114184
114194
114221
114273
114399
114464
114546
114744
114808
114887
115030
115104
115214
115233
115486
115573
115722
115947
116078
116121
116122
116182
116653
116684
116884
117022
117088
117310
117327
117347
117666
117733
117785
117978
117998
118021
118131
118229
118460
118687
118693
118712
118894
118986
119320
119694
119766
119898
119911
119959
120048
120335
120468
120595
120894
120950
120978
121316
121454
121478
121568
121605
121821
121923
121979
122012
122123
122154
122158
122238
122263
122421
122581
122839
123067
123079
123092
123131
123151
123266
123310
123325
123326
123755
123962
124025
124336
124383
124399
124413
124477
124513
124571
124631
124633
124863
124866
124876
125078
125146
125192
125227
125235
125269
125283
125442
125448
125516
125578
125649
125746
125910
125978
126381
126461
126928
126949
127143
127163
127209
127217
127274
127449
127453
127530
127546
127792
127900
127945
128026
128052
128073
128074
128126
128146
128321
128337
128366
128445
128517
128539
128572
128586
128805
128998
129003
129115
129202
129225
129362
129432
129438
129551
129747
129793
129905
130033
130220
130396
130625
130675
130778
130837
130917
130932
131393
131414
131472
132101
132136
132202
132207
132236
132268
132390
132426
132745
133178
133190
133305
133318
133364
133593
133875
134070
134240
134762
134771
134844
134876
134990
135170
135305
135405
135653
135679
135818
135827
135838
135924
135984
136000
136098
136172
136326
136394
136426
136669
136685
136798
136849
137119
137132
137134
137139
137149
137176
137259
137391
137402
137463
137490
137506
137511
137732
137820
137884
137920
138096
138102
138250
138281
138488
138538
138619
138771
139034
139089
139170
139250
139281
139353
139607
139703
139762
139790
139853
139860
139991
140065
140206
140432
140436
140959
140972
141085
141213
141218
141315
141351
141384
141390
141512
141600
141646
141837
141863
142107
142114
142148
142167
142168
142173
142187
142270
142489
142501
142516
142573
142655
142919
142986
143027
143137
143337
143364
143385
143399
143444
143476
143541
143621
143641
143713
143928
143939
143940
144071
144262
144284
144409
144649
144716
144793
145139
145310
145391
145408
145630
145683
145840
145955
146126
146318
146708
147051
147142
147427
147446
147477
147530
147827
147942
148043
148176
148282
148721
149061
149118
149178
149331
149441
149489
149541
149634
149861
150055
150426
150586
150661
150792
151066
151423
151506
151532
151717
151723
151730
151742
151768
152044
152156
152207
152262
152264
152500
152569
152684
152865
152896
152934
153159
153333
153569
153710
153727
153803
153825
153838
153896
154067
154148
154247
154291
154295
154369
154562
154610
154614
154656
154763
154778
154836
155107
155109
155125
155168
155255
155407
155446
155499
155622
155699
155701
155755
156023
156025
156040
156046
156048
156314
156433
156906
157125
157467
157482
157545
157840
157907
157990
158122
158188
158189
158228
158234
158248
158291
158530
158630
158705
158714
158779
158782
158807
159003
159059
159091
159197
159366
159520
159577
159628
159793
159867
160027
160351
160363
160407
160413
160424
160438
160496
160551
160589
160711
160781
160826
160860
161000
161078
161224
161256
161263
161410
161551
161648
161740
161766
161784
161927
161986
162087
162383
162405
162755
163168
163368
163395
163442
163934
163956
163984
164029
164117
164187
164198
164268
164326
164524
164595
164611
164691
164713
164878
164879
165004
165225
165496
165540
165754
166173
166211
166226
166326
166409
166417
166418
166553
166568
166861
166893
167050
167209
167262
167332
167520
167522
167530
167541
167716
167775
167955
168066
168101
168161
168162
168188
168423
168485
168579
168598
168607
168627
168638
168729
168866
168956
169019
169156
169255
169272
169283
169422
169562
169683
169727
169788
170448
170478
170552
170576
171027
171177
171420
171443
171574
171648
171682
171872
172034
172173
172227
172230
172586
172636
172873
173147
173269
173447
173535
173796
173821
173912
173993
174032
174730
174979
175119
175355
175370
175585
175609
175683
175728
175777
175911
175928
176023
176222
176244
176266
176381
176564
176664
176770
176941
176997
177016
177239
177315
177316
177486
177495
177623
178166
178185
178230
178281
178348
178420
178482
178571
178766
178833
178946
179036
179089
179106
179114
179120
179154
179187
179220
179284
179366
179439
179652
179695
179763
179766
179875
179902
179911
179957
180224
180451
180475
180491
180540
180600
180661
180776
181064
181114
181167
181278
181307
181500
181523
181562
181585
181643
181704
181718
181899
181987
182065
182154
182199
182343
182400
182431
182453
182551
182758
182981
183175
183233
183332
183337
183421
183539
183619
183672
183685
183726
183946
184004
184049
184174
184641
184651
184671
185029
185137
185445
185498
185507
185932
185952
185958
185962
186012
186027
186140
186192
186290
186330
186540
186630
186790
187056
187094
187185
187229
187294
187323
187404
187799
188345
188358
188361
188450
188849
188902
188968
189008
189029
189038
189042
189074
189090
189251
189517
189533
189574
189578
189585
189615
189768
189769
189877
189881
190007
190196
190381
190702
190723
190851
190892
190971
191054
191214
191221
191325
191443
191532
191621
191668
191743
191782
191865
191867
191893
191942
192024
192390
192469
192507
192547
192686
192696
192807
192820
192873
192912
192991
193096
193235
193279
193340
193512
193523
193597
193640
193768
193825
193894
194113
194330
194351
194456
194459
194465
194792
195076
195083
195185
195296
195508
195541
195744
195794
195817
195908
195983
196018
196046
196078
196158
196245
196267
196323
196408
196507
196560
196577
196587
196602
196624
196682
196696
196837
196838
196850
196965
196973
196987
197006
197141
197282
197340
197351
197360
197395
197425
197448
197453
197618
197630
197681
197703
197734
197748
197778
197897
198021
198077
198091
198168
198244
198270
198298
198390
198468
198564
198648
198755
198797
198832
198965
198980
199129
199272
199301
199380
199402
199458
199472
199504
199585
199590
199675
199828
199859
199924
200016
200048
200078
200093
200139
200295
200427
200514
200534
200573
200704
200729
200815
200822
200947
200969
201076
201476
201522
201557
201644
201655
201801
202000
202038
202194
202350
202377
202436
203010
203173
203189
203337
203341
203562
203646
203916
204186
204292
204314
204471
204604
204634
204661
204936
205382
205394
205466
205872
206024
206113
206133
206136
206200
206288
206315
206326
206546
206683
206808
206824
206987
206992
207134
207249
207852
207874
207887
207927
207952
208019
208079
208101
208362
208383
208386
208478
208551
208722
208841
208968
209015
209023
209051
209416
209586
209680
209760
209885
210002
210086
210313
210353
210449
210599
210610
210665
210786
210822
210823
210853
210988
211024
211159
211241
211343
211505
211565
211587
211686
211756
211821
211854
211906
212101
212128
212234
212356
212419
212423
212529
212712
212737
212754
212812
213015
213166
213189
213204
213316
213550
213575
213717
213732
213782
213898
214101
214126
214170
214199
214246
214572
214886
215209
215248
215339
215533
215571
215686
215689
215698
215745
215844
216003
216018
216091
216166
216203
216254
216482
216824
216874
217013
217056
217095
217248
217305
217452
217559
217674
217794
217805
217954
217976
218303
218315
218385
218424
218493
218589
218652
218794
218932
219035
219043
219115
219198
219206
219228
219231
219333
219345
219398
219462
219524
219627
219693
219715
219790
219849
219870
219874
219881
219902
220019
220138
220218
220225
220391
220483
220548
220641
220778
220823
220917
221148
221223
221305
221342
221360
221635
221654
221697
221800
221804
221828
221851
221852
221987
222008
222009
222055
222093
222135
222187
222214
222222
222313
222371
222417
222822
222856
223029
223041
223168
223209
223214
223391
223714
223825
224031
224114
224184
224216
224343
224412
224464
224653
224669
224671
224894
224947
225168
225171
225272
225320
225348
225530
225549
225596
225675
225689
225715
225765
225810
225836
225850
225883
226193
226330
226423
226437
226539
226642
226645
226703
226722
226745
226919
227010
227161
227164
227408
227466
227592
227625
227688
227740
227957
227971
227988
228041
228075
228158
228173
228183
228389
228523
228666
228811
229031
229063
229070
229136
229215
229219
229243
229245
229260
229268
229367
229628
229807
229814
229846
229849
230076
230349
230417
230456
230557
230598
230625
230831
230941
230970
231004
231109
231157
231211
231566
231662
231796
231893
232002
232059
232208
232307
232346
232659
232694
232821
232840
232923
233158
233306
233781
234431
234499
234518
234531
234670
234773
234776
234795
234831
235173
235230
235374
235375
235377
235421
235431
235450
235477
235756
235792
235794
235800
235817
235826
235862
235865
235891
236023
236189
236248
236463
236469
236528
236587
236589
236659
236709
236720
236722
236773
236786
236874
237129
237259
237356
237613
237713
237744
237835
237873
237926
237965
238001
238072
238123
238165
238633
238668
238689
238963
239072
239129
239606
239670
239802
239911
239978
240031
240065
240144
240206
240287
240301
240304
240421
240468
240500
240512
240696
240895
240903
240918
240933
241032
241330
241610
241678
241680
242011
242022
242089
242197
242199
242268
242364
242475
242602
242799
242904
242905
242930
242937
243018
243216
243406
243425
243442
243866
243992
243993
244093
244145
244171
244252
244341
244382
244421
244482
244489
244524
244579
244597
244662
244879
244954
245217
245303
245356
245400
245406
245827
245852
245919
245956
245958
246058
246064
246338
246440
246612
246639
246776
246895
246904
246915
246988
247052
247107
247421
247455
247562
247697
247780
247957
248393
248565
248645
248732
249008
249137
249160
249539
249543
249554
249581
249781
249891
249897
250027
250082
250114
250222
250373
250446
250536
250599
250609
250692
251144
251161
251240
251301
251304
251479
251490
251534
251618
251807
251835
251852
251868
251933
251945
252167
252308
252370
252415
252503
252622
252700
252813
252857
253112
253119
253248
253452
253570
253676
253801
253931
254305
254364
254495
254545
254569
254633
254707
254719
254760
254782
254804
254886
254981
255063
255100
255174
255222
255331
255517
255682
255683
255749
255810
255883
255888
256091
256159
256168
256238
256289
256327
256384
256475
256499
256567
256593
256776
256845
256847
256853
256886
256890
256907
256990
257051
257087
257264
257405
257407
257467
257540
257695
257697
257704
257722
257920
258014
258050
258143
258238
258242
258343
258367
258620
258800
258900
258950
259015
259051
259245
259270
259301
259407
259437
259511
259720
259887
260059
260067
260088
260128
260177
260199
260269
260278
260324
260356
260374
260394
260420
260500
260632
260698
260729
260765
260767
260893
260930
260964
260980
260997
261062
261173
261252
261644
261735
261748
262038
262213
262252
262292
262394
262445
262486
262509
262558
262646
262777
262879
262923
263001
263011
263023
263030
263058
263074
263078
263105
263192
263351
263449
263459
263461
263537
263627
263708
263719
263895
263923
263950
264039
264056
264164
264254
264349
264503
264529
264594
264638
264650
264675
264771
264873
265008
265208
265246
265270
265417
265454
265473
265534
265566
265572
265611
265623
265678
265720
265815
265841
265867
265987
266020
266235
266274
266599
266638
266707
266709
266774
266782
266871
266942
266994
267000
267044
267103
267129
267135
267177
267496
267627
267690
267881
267892
268128
268216
268249
268281
268363
268406
268468
268734
268814
268926
269113
269124
269165
269193
269217
269503
269537
269586
269688
269753
269793
269847
269873
269877
269890
269910
269926
270130
270249
270268
270284
270352
270384
270421
270528
270531
270829
270911
271063
271072
271083
271141
271173
271259
271332
271439
271444
271458
271510
271523
271549
271569
271582
271719
271789
271805
271846
271976
272026
272080
272165
272182
272257
272279
272295
272580
272601
272700
272714
272855
272863
272910
272922
272936
273198
273208
273294
273356
273413
273418
273487
273518
273532
273562
273679
273778
273816
273870
273872
273902
273956
273973
274174
274246
274251
274277
274286
274299
274375
274432
274438
274538
274679
274810
274845
274876
274882
274933
275030
275136
275155
275156
275165
275235
275243
275373
275466
275516
275689
275726
275854
275855
275894
275946
276000
276098
276107
276147
276172
276282
276339
276589
276596
276634
276756
276818
276876
276953
276998
277045
277054
277125
277154
277318
277354
277367
277513
277531
277594
277654
277761
277767
277784
277800
277825
277921
277954
278062
278068
278090
278098
278132
278239
278264
278275
278356
278363
278398
278413
278418
278429
278437
278470
278488
278491
278526
278583
