113
118
129
143
174
304
323
338
362
611
718
850
939
963
1060
1146
1249
1445
1624
1684
1762
1941
2058
2201
2363
2385
2627
2688
2731
2735
2890
3028
3064
3080
3240
3479
3506
3798
3862
4009
4031
4289
4459
4703
4713
4868
5001
5201
5321
5498
5714
5847
5926
6165
6519
6552
6603
6700
6882
6999
7185
7348
7390
7524
7707
7950
8216
8239
8270
8639
8790
8932
9126
9166
9392
9394
9796
9978
9996
10020
10079
10171
10221
10450
10475
10507
10615
10828
10830
10929
11124
11314
11425
11462
11483
11491
11616
11852
12024
12171
12400
12445
12465
12575
12760
12761
12813
12847
12887
12978
12995
13037
13270
13279
13309
13327
13456
13518
13564
13566
13717
13860
14176
14366
14410
14671
14685
14689
14742
14784
14876
14920
14960
15059
15113
15143
15156
15502
15602
15680
15728
15881
15906
16353
16443
16451
16578
16633
16701
16949
17029
17138
17147
17310
17426
17466
17496
17590
17712
18329
18438
18558
18683
18712
18818
19037
19258
19913
20073
20574
20611
20669
20759
20776
20783
20862
20903
21113
21138
21204
21328
21442
21561
21632
21729
21740
21751
21757
21782
21811
21855
21944
22354
22586
22688
23159
23658
23675
23920
24089
24103
24133
24179
24431
24506
24561
24705
24733
24786
24846
24894
25019
25332
25504
25590
25606
25706
25838
26259
26297
26330
26441
26629
26638
26941
27019
27035
27598
27689
27693
27713
27733
27795
27799
28455
28627
28758
28952
29132
29226
29372
29394
29588
29759
29787
29971
30160
30230
30363
30753
30764
30829
30994
31098
31175
31301
31331
31381
31386
31510
31594
31690
31823
32189
32288
32462
32614
32702
32770
32776
32832
32917
32958
32973
33098
33171
33225
33256
33307
33497
33661
33663
33821
33838
34108
34126
34387
34613
34761
34948
35020
35099
35222
35253
35302
35591
35606
35681
35732
35963
35964
36078
36258
36269
36283
36427
36541
36556
36560
36562
36663
36672
36737
37048
37543
37572
37576
37691
37762
37790
37867
37908
38007
38245
38563
38565
39349
39555
39586
39629
39949
39987
40012
40086
40367
40598
40684
40713
40940
40950
40969
41427
41479
41612
41773
41854
41979
42267
42305
42336
42339
42359
42429
42430
43094
43197
43294
43334
43342
43469
43580
43658
43670
43873
43964
44042
44136
44287
44292
44328
44413
44424
44496
44696
44799
44888
44978
45324
45352
45363
45450
45460
45725
45735
46052
46223
46490
46592
46601
46611
46724
46762
46922
47053
47278
47504
47862
47923
48047
48140
48174
48209
48213
48313
48336
48370
48468
48609
48665
48822
48936
48988
49024
49405
49553
49668
49713
50075
50313
50692
50944
51330
51455
51471
51627
51708
51788
52053
52070
52194
52368
52450
52583
52660
52798
52831
52933
53169
53185
53401
53818
53847
54111
54113
54392
54421
54597
54701
54739
54900
54983
54997
55057
55071
55254
55295
55441
55515
55635
55686
56009
56088
56157
56628
56741
56883
57149
57206
57261
57471
57522
57608
57619
57636
57648
57655
57680
57694
57811
57936
58167
58253
58580
59014
59203
59315
59411
59499
59553
59827
60142
60362
60398
60463
61828
61863
61960
62204
62256
62317
62390
62420
62528
62838
62899
63054
63096
63166
63559
63593
63779
64006
64011
64018
64035
64665
65103
65160
65465
65486
65801
65845
65871
66002
66848
66851
67175
67372
67397
67536
67649
67758
67977
68073
68076
68078
68110
68118
68242
68470
68513
68609
68662
68921
68955
68967
69130
70243
70285
70438
70440
71226
71254
71369
71393
71708
72016
72421
72569
72639
72730
72813
73225
73256
73279
73660
73862
74399
74686
75117
75636
75752
75895
76020
76055
76238
76728
77120
77235
77326
77409
77441
77616
77689
77697
77758
77771
77772
77803
78322
78389
78594
78665
78726
78953
79016
79033
79149
79153
79170
79238
79429
79563
79571
79669
79917
80036
80050
80287
80531
80589
80590
80608
80754
80796
80883
80897
80900
80958
81172
81564
81819
81946
81984
81985
82019
82035
82161
82290
82531
82603
83079
83095
83157
83164
83244
83288
83484
83498
83638
83646
83728
83842
84094
84112
84471
84734
84945
85012
85072
85399
85500
85814
85892
86197
86490
86567
86594
86813
86875
86968
87167
87439
87474
87589
87614
87615
87807
88212
88213
88226
88237
88443
88681
88828
89001
89095
89184
89221
89235
89313
89443
89572
89735
89874
89969
90144
90175
90248
90259
90764
90804
90813
90844
90979
90998
91281
91285
91423
91440
91500
91775
91804
91808
92558
92623
92937
93283
93299
93327
93628
93790
93813
93888
93922
94060
94223
94268
94707
95170
95190
95282
95478
95480
95576
95978
96297
96306
96509
96704
96821
96929
97131
97163
97244
97246
97263
97264
97405
97416
97470
97588
97684
97714
97795
97952
98012
98080
98209
98265
98388
98494
98530
98615
98627
98672
98720
98749
98765
98837
99045
99102
99173
99211
99825
100527
100555
100603
100697
100707
100738
100845
100846
101036
101195
101365
101588
101749
101931
102106
102685
102721
102749
102755
102761
102926
103044
103199
103433
103440
103615
103754
103779
103832
103872
104091
104144
104343
104365
104411
104611
104767
104818
104938
105079
105119
105314
105486
105580
105583
105615
105774
105816
105837
106012
106027
106163
106508
106635
106670
106687
106703
106735
106814
106848
106869
107147
107260
107646
107647
107667
107755
108037
108079
108217
108285
108341
108725
108830
108852
108975
109126
109234
109253
109302
109305
109465
109504
109624
109647
109680
109764
109845
109874
109942
110029
110211
110216
110307
110460
110522
110595
111218
111306
111418
111932
111982
111997
112103
112136
112182
112184
112224
112240
112297
112304
112632
112667
113081
113106
113334
113376
113493
113643
113956
113963
113991
114106
114134
114470
114609
114848
114937
115038
115059
115621
116069
116229
116346
116532
117243
117247
117665
117686
117863
118509
118652
118813
118975
118979
119212
119300
119306
119325
119389
119391
119704
120495
120929
121140
121312
121338
121418
121557
121579
121763
121981
122247
122406
122704
123043
123381
123396
123602
123625
123808
123839
123887
123896
123924
124608
124814
124841
124952
125112
125131
125238
125455
125792
126036
126389
126792
127059
127175
127180
127193
127268
127320
127592
127629
128093
128351
128402
129206
129281
129376
129608
129705
129800
129818
129845
129987
130002
130063
130131
130767
130928
131056
131099
131271
131273
131298
131427
131667
132153
132925
132932
133029
133185
133250
133398
133588
133775
133981
134021
134044
134391
134642
134797
134947
135033
135114
135115
135270
135563
135609
135736
135742
135913
135978
136055
136077
136410
136430
136697
137151
137164
137242
137398
137412
137570
137680
137822
138019
138130
138417
138588
138668
139105
139129
139141
139608
139620
139821
139859
139928
139945
139955
140083
140093
140245
140278
140358
140531
140674
140775
141348
141692
141740
141816
141848
141914
141977
141998
142170
142265
142354
142495
142607
142638
142669
142689
142705
142821
142851
142868
143248
143348
143372
143473
143520
143576
143599
143793
144164
144226
144291
144547
144777
144936
145220
145441
145452
145458
145570
145575
146026
146047
146059
146475
146549
146657
146806
146952
147043
147237
147409
147413
147414
147442
147503
147720
147862
148058
148174
148255
148288
148314
148365
148411
148590
148592
148649
148841
149230
149294
149530
149641
149719
149856
149900
150094
150133
150774
150944
150945
151067
151420
151518
151604
151746
152164
152192
152850
153052
153161
153284
153474
153482
153568
153587
153691
153792
153895
153932
154041
154116
154150
154204
154364
154394
154629
154634
154894
155004
155083
155151
155186
155189
155442
155633
155809
155883
155896
156147
156169
156467
156469
157034
157252
157410
157413
157549
157575
157872
157927
157996
158080
158137
158216
158364
158562
158735
158786
158843
159070
159310
159513
159724
159758
159825
159831
159934
160067
160084
160308
160667
160691
160693
160818
160838
160888
161655
161780
162221
162303
162613
162716
163170
163372
163523
163539
163690
163800
163852
163940
164037
164070
164133
164172
164461
164501
164585
164607
164657
164781
164856
164897
164911
165197
165363
165495
165541
165568
165592
165597
165836
165907
165968
166320
166682
166904
166925
166935
166937
167242
167338
167412
167514
167576
167591
167630
167663
167686
167833
167837
167879
167993
168062
168529
168830
168974
169033
169195
169197
169394
169431
169543
169611
169616
169762
169875
169977
170216
170329
170357
170494
170569
170775
170889
171188
171189
171232
171250
171319
171322
171695
171750
172617
172848
173220
173250
173279
173386
173629
173759
173940
174206
174275
174282
174297
174740
174995
175255
175276
175357
175615
175774
175990
176102
176108
176167
176174
176466
176627
176695
176775
176937
176948
176979
177029
177055
177329
177397
177455
177520
177522
177614
177642
177644
177794
178243
178620
178729
178849
178866
179031
179433
180089
180254
180403
180463
180520
180806
180851
181163
181209
181471
181717
181740
181780
182055
182056
182351
182353
182649
183010
183015
183032
183093
183110
183404
183497
183506
183538
183544
183939
184341
184491
184814
185027
185149
185363
185439
185470
185518
185804
185900
186045
186548
186580
186606
186863
186904
187066
187169
187317
187504
187639
187788
187943
188323
188681
188787
188865
188926
189041
189228
189294
189414
189477
189521
189552
189588
189804
190174
190378
190423
190495
190511
190700
191019
191158
191456
191751
191756
191980
192199
192213
192299
192565
192620
192693
192731
192775
193078
193293
193461
193477
193484
193518
193563
193594
193638
193750
193891
194026
194205
194374
194415
194483
194487
194634
194640
195139
195265
195699
195735
195904
196183
196185
196244
196410
196537
196830
197489
197550
197605
197635
197790
198401
198561
198899
199153
199207
199295
199376
199398
199920
200046
200236
200508
200663
200682
201039
201049
201209
201395
201618
201995
202363
202385
202754
202844
202851
202874
203112
203136
203137
203177
203473
203755
203781
203788
204158
204344
204412
204467
204602
204701
204908
204980
205451
205586
205656
205937
205959
205968
206147
206175
206204
206523
206653
206838
206859
206908
206942
207024
207294
207415
207453
207736
207944
208105
208241
208307
208499
208516
208557
208621
208633
208648
208685
208714
208891
208898
209207
209246
209288
209700
210075
210540
211059
211195
211221
211251
211382
211391
211714
211829
211852
211897
212302
212342
212851
213211
213383
213894
214014
214198
214216
214324
214482
214884
214976
214989
215210
215218
215517
215677
215725
215885
215915
216025
216179
216288
216350
216618
217053
217122
217389
217561
218352
218814
218832
219181
219510
219596
219897
220223
220297
220308
220436
220795
220927
221263
221300
221314
222068
222096
222325
222520
222555
222601
222607
222622
222705
222819
222986
223094
223135
223318
223368
223663
223767
223870
223883
224248
224279
224308
224339
224545
224613
224801
224835
224900
224943
225030
225392
225474
225501
225629
225639
225718
226135
226461
226708
226797
226981
226987
227026
227072
227197
227278
227421
227672
227708
227860
227937
227948
227968
228204
228263
228426
228659
228771
228896
229244
229520
229979
230086
230159
231097
231134
231137
231180
231579
231584
231866
232349
232354
232491
232650
232676
233348
233953
233973
234145
234230
234299
234301
234327
234352
234404
234791
235218
235271
235587
236037
236106
236183
236501
237095
237251
237295
237695
237736
237968
238189
238311
238436
238566
238575
238651
238656
238865
239261
239634
240369
240441
240642
240675
240679
240724
240725
240952
241178
241179
241384
241416
241824
241978
242054
242104
242144
242360
242362
242375
242402
242972
243065
243277
243370
244291
244732
244941
244949
245123
245479
245529
245531
245568
245603
245664
245751
245781
245971
246099
246235
246677
246696
246773
247012
247276
247305
247498
247622
247984
248130
248251
248632
248702
248717
248783
249055
249842
250003
250055
250191
250412
250431
250556
250596
250598
250855
250882
251048
251164
251288
251527
251626
251709
251746
251848
252071
252908
253290
253502
253769
254042
254457
254536
254620
254756
254790
254827
254828
254910
255009
255290
255358
255480
255677
255805
255809
256383
256573
256583
256607
256723
256838
257167
257451
257868
257990
258081
258657
258889
259053
259518
259533
259564
259625
260163
260187
260660
260911
260985
261049
261157
261552
261828
262702
262746
262786
262931
262977
263091
263392
263920
263936
264031
264148
264304
264341
264522
264537
264576
264628
264667
264918
265253
265490
265537
265904
266039
266048
266176
266254
266614
266665
266900
267249
267459
267465
267693
267744
267982
268355
268393
268489
268756
268811
269100
269208
269331
269338
269511
269547
269635
269702
269826
269922
270015
270026
270124
270220
270751
270758
270793
270978
271224
271245
271395
271454
271503
271506
271832
271862
272062
272139
272309
272358
272504
272625
272832
272917
273057
273186
273468
273573
273708
273709
273755
273864
273866
273974
273992
274159
274201
274760
274798
274861
275258
275302
275525
275806
275873
276021
276041
276080
276302
276318
276379
276686
276903
277129
277515
277810
277976
278020
278048
278050
278072
278104
278231
278258
278315
278354
278442
278623
