119
297
391
465
657
774
782
787
811
835
847
983
1007
1201
1260
1275
1423
1429
1472
1595
1720
1748
2060
2286
2316
2393
2432
2806
2868
3050
3279
3646
3676
3820
3916
3975
4013
4095
4175
4210
4221
4256
4501
4540
4607
4731
4891
5153
5263
5355
5761
5908
5936
5963
5995
6019
6235
6262
6400
6479
6668
6669
6689
6722
6806
6821
6851
6899
6964
6980
7141
7195
7372
7384
7450
7492
7502
7614
7715
7901
7923
8018
8020
8114
8171
8430
8598
8941
8943
9043
9092
9242
9291
9364
9801
10406
10407
10508
10667
10672
11033
11043
11272
11307
11394
11525
11668
11777
11906
11947
12091
12106
12233
12295
12346
12415
12580
12676
12734
12757
12782
12786
12796
12916
12958
12963
13022
13034
13092
13293
13463
13481
13482
13913
13921
13984
14043
14079
14209
14340
14380
14569
14575
14632
14773
14867
15043
15061
15192
15248
15260
15307
15460
15621
15671
16195
16610
16612
16615
16800
16874
16885
16906
17049
17607
17720
18088
18128
18570
18723
18755
18905
19125
19236
19297
19376
19428
19599
19632
19821
19862
20212
20338
20398
20437
20685
20811
20894
20972
21449
21941
21950
22001
22326
22636
22747
22978
22992
23020
23288
23366
23598
23710
23745
23856
23923
23956
24033
24098
24173
24187
24203
24226
24243
24644
24699
24788
24907
25013
25119
25138
25241
25320
25401
25415
26016
26193
26276
26391
26494
26506
26976
27052
27060
27222
27610
27731
27815
27879
28113
28192
28318
28374
28379
28392
28467
28502
28559
28561
28863
29120
29170
29213
29243
29547
29643
29765
29798
29815
29864
29916
29970
29993
30121
30123
30189
30234
30236
30280
30629
30690
31043
31075
31094
31170
31255
31330
31362
31399
31495
31708
31761
31833
31851
31857
31939
32086
32092
32095
32131
32157
32299
32302
32365
32377
32386
32513
33265
33274
33378
33386
33460
33492
33544
33643
33954
33989
34193
34289
34318
34331
34494
34614
34762
34784
35024
35124
35144
35839
36143
36216
36387
36390
36422
36488
36519
36567
36746
36776
36844
37036
37084
37152
37182
37522
37561
37614
37906
38015
38016
38114
38136
38142
38223
38431
38453
38475
38483
38530
38663
38863
38927
38967
39057
39196
39243
39402
39471
39695
39863
39982
40219
40287
40304
40337
40586
40637
40795
40802
40864
40879
40886
40930
40987
40993
41003
41164
41338
41373
41447
41501
42196
42419
42538
42550
42629
42710
42897
42930
42989
43044
43339
43364
43530
43636
43711
43728
43767
43811
44300
44359
44644
44692
44704
44714
44950
44958
45032
45220
45265
45416
45445
45467
45734
45804
45917
46071
46110
46113
46314
46342
46376
46559
46591
46884
47004
47161
47225
47245
47551
47618
47769
47884
47957
48315
48377
48594
48690
48892
48968
49012
49013
49037
49069
49083
49092
49580
49590
49661
49701
49844
49961
49964
50532
50834
50850
50888
50991
51028
51157
51249
51263
51438
51555
51619
51691
51701
51799
51837
51848
52295
52444
52463
52577
52737
52866
53272
53304
53313
53323
53807
53823
53874
54053
54082
54204
54296
54308
54610
54869
54903
54965
55290
55416
55428
55467
55497
55846
55976
55992
56078
56240
56250
56360
56387
56415
56490
56491
56538
56956
57180
57267
57675
57693
57757
57798
57835
57917
58186
58211
58377
58386
58607
58782
58834
58981
59396
59540
59689
60029
60060
60082
60202
60298
60340
60397
60643
60669
61028
61172
61205
61218
61222
61274
61289
61327
61408
61654
61732
62314
62366
62443
62445
62452
62472
62484
62504
62533
62552
62644
62675
62800
62972
63026
63222
63620
63893
63962
64000
64025
64359
64389
64414
64561
64950
65172
65286
65327
65668
65675
65690
65854
65956
65961
65998
66175
66460
66568
66692
66711
66725
66915
66993
67069
67188
67231
67280
67336
67437
67539
67581
67633
67930
67993
68113
68300
68687
68695
68820
68859
68876
68984
69027
69085
69243
69316
69418
69426
69491
69617
69984
69994
70007
70042
70104
70136
70142
70197
70235
70497
70666
70764
70784
70866
70914
70917
71015
71050
71147
71419
71434
71546
71595
71747
71749
71946
71967
72268
72379
72490
72943
72956
72967
73116
73831
73881
73974
74331
74368
74375
74388
74393
74459
74571
74588
74690
74750
75023
75041
75710
75722
76136
76272
76404
76480
76538
76605
76704
76889
76941
77072
77150
77221
77307
77353
77386
77387
78003
78108
78307
78390
78544
78896
78918
78926
78977
79084
79124
79128
79135
79184
79191
79269
79304
79375
79381
79460
79578
79986
79989
80230
80607
80772
80790
80862
81006
81063
81114
81287
81495
81620
81788
81861
81871
82245
82388
82397
82400
82467
82679
82874
82934
82948
83071
83246
83407
83427
83522
83711
83766
83869
84145
84429
84633
84657
84979
85003
85010
85013
85020
85087
85092
85379
85447
85499
85589
85624
86016
86130
86410
86461
86505
86578
86585
86721
86801
86885
86890
87027
87151
87188
87449
87536
87716
87737
87760
88014
88036
88217
88224
88228
88379
88462
88506
88573
88731
88739
88749
88751
88809
88920
89035
89193
89201
89278
89575
89732
89759
89906
89986
90110
90465
90836
90994
91275
91351
91415
91499
91527
91681
92296
92392
92397
92803
92804
92809
93076
93336
93377
93380
93438
93458
93515
93641
93680
93764
94025
94065
94573
94862
95006
95025
95156
95158
95205
95300
95409
95444
95529
95566
95580
95937
96012
96106
96228
96248
96578
96618
96725
96745
96814
96817
97518
97531
97598
97642
97765
97766
97834
97920
98107
98116
98147
98176
98447
98460
98476
98545
98551
98612
98656
98680
98687
98796
98929
98939
99255
99266
99331
99471
99546
99617
99708
99787
99846
99877
99932
99960
100248
100251
100326
100335
100620
100658
100772
100972
101009
101346
101386
101883
101886
102001
102147
102225
102316
102467
102508
102631
102910
103133
103212
103248
103289
103383
103525
103783
104101
104171
104185
104193
104267
104322
104499
104538
104642
104756
104973
104978
104994
105064
105375
105744
105746
105783
105884
105902
106082
106166
106245
106510
106590
107074
107129
107217
107274
107299
107519
107567
107579
107612
107939
108167
108465
108717
108723
108785
108854
108977
109016
109238
109552
109754
110008
110066
110396
110500
110529
110584
111232
111244
111390
111493
111511
111536
111621
111654
111729
111751
111859
111979
111987
112015
112086
112137
112142
112160
112279
112327
112479
112609
112910
113042
113093
113160
113337
113561
113753
113924
114097
114248
114536
114645
114756
114802
114819
114941
115121
115170
115268
115286
115364
115896
115944
115994
116025
116184
116318
116468
116516
116625
117085
117187
117246
117346
117420
117443
117474
118351
118547
118634
118709
118823
118908
118945
119372
119592
119613
119642
119658
120077
120248
120264
120332
120375
120490
120544
120588
120774
120849
120961
120982
121050
121355
121434
121440
121613
121810
121852
121899
121986
121989
122051
122153
122290
122382
122454
122741
122831
122877
122933
123063
123191
123276
123308
123342
123427
123455
123548
123686
123744
124180
124603
124733
125331
125430
125897
126332
126339
126438
126458
126723
127239
127456
127570
127832
127928
128107
128355
128486
128487
128604
128610
128611
128740
128808
128829
128903
129077
129150
129159
129177
129292
129422
129500
129624
129929
130054
130158
130161
130405
130408
130418
130505
130536
130776
130915
130916
130997
131292
131413
131556
131594
131619
131712
131853
132071
132077
132205
132397
133003
133202
133585
133778
133892
134081
134666
134807
134905
134984
135068
135219
135304
135379
135441
135584
135624
135729
135867
135918
135943
136070
136154
136166
136205
136411
136491
136650
136729
136790
136881
136924
137257
137309
137401
137454
137578
137658
137789
137801
137928
138046
138228
138233
138325
138451
138455
138556
138634
138930
139241
139476
139520
139615
139756
139856
140055
140144
140568
140595
140781
141265
141324
141357
141416
141965
141973
141986
142070
142251
142259
142277
142715
142717
142792
142845
142886
142977
143064
143111
143227
143742
143788
143822
143872
144042
144044
144115
144127
144128
144141
144642
144674
144888
145143
145160
145170
145249
145258
145357
145429
145582
145712
145736
145887
145966
146165
146223
146276
146374
146699
146707
146771
146835
147219
147335
147695
147970
148349
148380
148392
148489
148495
148596
148666
148689
148855
148882
148932
149217
149408
149420
149501
149672
149925
150275
150332
150741
150893
151035
151088
151176
151353
151406
151694
151758
151860
151919
152268
152421
152493
152659
152695
152944
153154
153217
153608
153633
153719
153901
153986
153990
154231
154246
154340
154439
154464
154806
154842
154889
155048
155156
155177
155778
155834
156019
156024
156269
156285
156432
156729
156999
157152
157237
157300
157303
157399
157466
157530
157537
157563
157635
157759
157831
157852
157929
158119
158126
158292
158783
159043
159360
159450
159556
159726
159746
159786
159899
160587
160625
161102
161217
161239
161351
161405
161406
161536
161592
161598
161652
161734
161741
161770
161976
162014
162136
162278
162384
162511
162574
162724
162742
162783
163022
163074
163113
163353
163466
163774
163845
164040
164171
164181
164182
164199
164259
164419
164472
164509
164576
164577
164597
164707
164794
164811
164910
165001
165018
165125
165245
165290
165509
165614
166182
166331
166384
166395
166397
166497
166581
166600
166795
166873
167255
167281
167573
167588
167786
167836
167850
168131
168169
168424
168888
169003
169189
169191
169316
169336
169345
169427
169450
169476
169657
169719
169846
170038
170060
170061
170093
170144
170202
170215
170403
170474
170549
170568
170586
170671
170803
171048
171143
171154
171405
171487
171760
171914
172294
172393
172475
172521
172719
172727
172807
172910
172932
173117
173214
173462
173848
173967
174134
174175
174213
174260
174310
174327
174393
174467
174479
174539
174622
174650
174684
174718
174921
175018
175642
175648
175679
175803
175974
176030
176424
176668
176719
176988
177038
177104
177133
177153
177442
177449
177492
177553
177629
177662
177890
177998
178006
178011
178035
178107
178150
178205
178219
178342
178471
178683
178778
179008
179051
179209
179274
179535
179590
179680
179839
180172
180252
180405
180550
180674
180700
180810
180993
181025
181238
181337
181341
181419
181449
181508
181615
181632
181903
181944
181985
182593
182595
182737
182739
182807
183016
183111
183164
183213
183341
183520
183827
184230
184235
184351
184477
184645
184940
185313
185859
185870
185885
186165
186187
186194
186249
186386
186536
186882
187080
187195
187207
187249
187335
187463
187510
187638
187641
187870
187890
187908
188004
188027
188042
188075
188080
188103
188126
188179
188234
188261
188745
188778
188997
189026
189035
189242
189368
189440
189594
189708
189832
189863
189980
190258
190309
190312
190352
190543
190565
190716
190729
190891
190953
191563
191955
192120
192241
192283
192561
192658
192690
192728
192733
192826
192871
193063
193189
193313
193355
193412
193535
194102
194507
194529
194919
194936
195157
195187
195217
195363
195482
195571
195746
195753
195945
195950
196001
196146
196242
196272
196373
196554
196572
196621
196760
196858
196895
197047
197130
197161
197393
197408
197411
197461
197504
197673
197708
197718
197985
198186
198339
198503
198514
198687
199095
199214
199282
199609
199616
199617
199679
199837
199917
200085
200089
200115
200172
200326
200375
200406
200820
200950
201027
201606
201635
201716
201753
201789
201807
201854
202191
202415
202418
202627
202706
202783
203077
203398
203414
203446
203540
203547
203599
203613
203881
204018
204059
204419
204473
204679
204688
204724
204800
204833
204954
205317
205544
205734
205921
205938
206015
206028
206056
206127
206129
206193
206235
206244
206266
206464
206584
206862
206863
206976
207040
207085
207140
207192
207216
207218
207227
207349
207371
207446
207472
207474
207638
207720
207813
207829
207880
208002
208188
208512
208540
208999
209009
209116
209526
209592
209801
209811
209876
209984
210041
210110
210127
210135
210437
210719
210771
210863
211350
211392
211397
211410
211466
211508
211542
211563
211798
212086
212087
212443
212477
212516
212577
212855
212892
212900
213120
213296
213308
213424
213471
213589
213656
213695
213716
213864
213959
213998
214147
214308
214369
214505
214600
214704
215254
215326
215663
215753
215912
216065
216087
216251
216861
216922
216966
217080
217120
217125
217204
217243
217270
217358
217362
217363
217557
217609
217723
217962
218005
218324
218482
218670
218755
218856
218884
218885
218985
219021
219036
219080
219172
219195
219813
219830
219919
220428
220569
220877
220963
220992
221011
221162
221174
221288
221442
221612
221672
221748
221782
221794
222081
222255
222300
222319
222384
222575
222676
222712
222736
222963
223296
223312
223313
223345
223421
223431
223673
223782
224051
224066
224116
224125
224305
224357
224359
224382
224475
224557
224855
225096
225184
225234
225439
225566
225796
225881
226328
226565
226720
226918
227193
227380
227524
227552
227682
227787
227972
228113
228408
228561
228784
228814
228950
228970
229046
229073
229165
229183
229221
229264
229269
229618
229711
229770
230102
230527
230774
230914
231072
231073
231089
231202
231482
232003
232313
232575
232576
232867
232934
233087
233199
233464
233837
234354
234542
234687
235064
235366
235455
235648
235649
235725
235805
235947
235986
236565
236661
236801
236811
236950
237017
237059
237157
237158
237250
237293
237352
237413
237537
237600
237952
237962
238075
238317
238353
238454
238504
238579
238716
238754
238920
238970
239000
239035
239159
239195
239513
239528
239539
239570
239653
239671
239818
240225
240422
240426
240431
240443
240458
240479
240729
240919
240985
241008
241051
241070
241077
241137
241206
241257
241280
241547
241841
241924
241980
242056
242399
242429
242835
242868
243048
243058
243078
243099
243114
243195
243218
243235
243239
243289
243524
243649
243701
243888
243937
244043
244101
244206
244340
244517
244573
244591
244666
244684
244692
244760
244862
245033
245110
245118
245153
245216
245273
245344
245459
245480
245881
245966
246051
246093
246270
246722
246799
246994
247227
247328
247334
247347
247718
247740
247771
247840
247846
247922
247988
248278
248360
248440
248582
248779
248867
248891
248985
249036
249039
249063
249208
249245
249529
249552
249618
249665
249941
249946
250026
250136
250218
250334
250397
250413
250740
250886
250923
250973
251086
251260
251277
251338
251370
251573
251615
251676
251855
251858
251925
251939
252332
252395
252449
252745
252824
252932
253013
253179
253215
253614
254094
254101
254330
254355
254400
254708
254775
254787
254835
254884
254915
255151
255164
255349
255398
255400
255466
255474
255557
255637
255653
255868
255885
255904
255911
256117
256155
256240
256458
256727
256808
257101
257359
257447
257533
257589
257650
257668
257677
257696
257732
257746
257770
257818
257850
257881
257890
257997
258173
258291
258325
258476
258628
258691
258876
259077
259191
259451
259579
259691
259811
259897
259986
260118
260178
260306
260540
260546
260610
260792
260814
260845
260920
260990
261070
261214
261681
261799
261836
261995
262026
262040
262396
262638
262658
262740
262820
262899
262920
263080
263189
263201
263353
263452
263476
263926
264018
264085
264094
264137
264185
264227
264277
264414
264571
264604
265353
265386
265477
265545
265557
265761
265830
265912
266141
266192
266234
266327
266345
266674
266690
266728
267076
267088
267394
267596
267713
267826
267841
267844
268041
268117
268198
268235
268262
268316
268467
268476
268565
268803
269006
269215
269377
269418
269476
269481
269545
269733
270108
270129
270245
270274
270299
270331
270414
270695
270902
271165
271330
271415
271466
271586
271599
271679
271774
271797
271872
272042
272054
272055
272060
272232
272423
272439
272735
272758
272940
273711
273739
274088
274149
274261
274322
274499
274577
274705
274712
274728
274913
274944
274948
275208
275250
275252
275272
275333
275646
275695
275775
275778
275880
275926
275962
275989
276022
276257
276502
276511
276554
276607
276781
276795
276930
277051
277396
277422
277700
277791
277822
278269
278326
278444
278472
278508
278524
