70
106
362
735
939
1070
1184
1689
1983
2006
2157
2624
2796
2890
3028
3080
3206
3215
3250
3286
3655
3658
4009
4019
4046
4173
4231
4247
4361
4573
4680
4691
4807
5201
5877
5926
5990
6049
6051
6083
6465
6850
7185
7230
7278
7422
7654
7802
8043
8838
8980
9170
9354
9358
9798
10139
10448
10480
10507
10601
10646
10828
10902
10929
11029
11082
11886
12439
12536
12710
12820
12954
13073
13564
13630
13929
14176
14291
14742
14784
15048
15067
15138
15599
15627
16295
16339
16443
16633
16894
17314
17426
17600
17712
17749
17946
17978
18122
18381
18526
18717
18731
18793
18823
19308
19313
19912
20364
20466
20759
20888
20903
20987
21088
21113
21260
21422
21510
21701
21811
22155
22175
22354
22461
22688
23188
23300
23484
23487
23513
23791
23976
24345
24484
24697
24726
24733
24799
24828
25694
26188
26621
26829
27216
27387
27598
27689
27713
28158
28195
28550
28627
28793
29239
29288
29296
29372
29423
29855
30019
30148
30221
30235
30363
30759
30944
30948
30994
31019
31189
31197
31259
31301
31317
31451
31468
31510
31690
31723
31730
31784
31889
31978
32564
32715
32772
32855
32904
33148
33307
33333
33497
33801
33821
33836
34254
34284
34346
34392
34451
34454
34488
34552
34756
34761
35020
35025
35099
35412
35591
35685
35732
36386
37149
37285
37691
38001
38367
38403
38406
38410
38571
38647
38917
38925
39174
39245
39987
40134
40367
40389
40599
40630
40684
40704
40970
41059
41092
41202
41427
41485
41886
41896
41997
42460
42825
43259
43334
43565
43646
43774
43833
44243
44245
44292
44354
44613
44614
44978
45019
45026
45034
45352
45414
45550
45620
45678
45966
45982
46052
46290
46296
46486
46603
46626
46724
47026
47093
47795
47923
47980
48044
48131
48140
48209
48213
48327
48557
48609
48822
48891
49024
49120
49546
49608
50075
50294
50680
50830
51057
51455
51583
51627
51708
51858
52052
52192
52194
52413
52568
52575
53136
53324
54081
54171
54193
54270
54421
54463
55071
55097
55102
55302
55329
55374
55430
55681
55744
56088
56416
56455
56983
57195
57237
57447
57532
57606
57636
57694
57811
57976
58000
58003
58025
58253
58391
58446
59001
59187
59372
59534
59769
60072
60179
60362
60463
60468
60488
60709
61230
61419
61543
61641
62317
62360
62572
62694
62838
63186
63873
63876
64016
64018
64035
64109
64692
64939
65015
65578
66246
66311
66333
66484
66848
67350
67372
67536
67582
67996
68030
68047
68215
68584
68742
68771
68987
69020
69096
69342
69588
69858
70059
70236
70274
70538
70639
70654
70789
70952
71179
71226
71254
71448
72012
72052
72487
72552
72764
73073
73225
73639
73692
73862
74221
74224
74545
74656
75117
75576
75715
75843
75913
76132
76562
76728
77165
77697
77758
77845
78050
78065
78166
78287
78339
78414
78432
78452
78693
78726
78934
79153
79224
79491
79579
79677
80287
80592
80618
80807
80887
80927
81262
81540
81564
81729
81907
81923
81946
82360
82531
83166
83244
83484
83498
83646
83681
83727
84156
84178
84219
84343
84375
84378
84945
85204
85215
85320
85378
85492
85494
85806
85907
86397
86476
86589
86626
86832
86974
87024
87615
87732
88237
88313
88429
88443
88540
88638
88899
89108
89313
89413
89601
89951
89969
89991
90000
90178
90391
90804
90950
90954
90998
91193
91285
91346
91440
91533
91550
91808
91971
91988
92189
92509
92558
93030
93140
93218
93250
93283
93628
93682
93936
93954
94041
94070
94223
94392
94423
94674
94947
95115
95760
96131
96297
96506
96557
96749
96815
97027
97131
97145
97588
97795
97835
97872
98070
98265
98267
98615
98627
98946
99012
99077
99102
99135
99207
99237
99501
99936
99984
99993
100553
100817
100845
100864
101195
101232
101885
102043
102370
102749
102856
102943
103044
103082
103223
103349
103597
103606
103754
103972
104091
104209
104305
104436
104520
104938
105005
105133
105384
105393
105583
106088
106188
106211
106685
106756
106814
106870
107005
107067
107125
107284
107545
107667
107963
107991
108037
108342
108563
108667
108679
108708
108724
108726
108783
109040
109134
109219
109297
109305
109469
109607
109621
109625
109680
109763
109845
109871
110163
110211
110418
110480
110715
111252
111521
111569
111596
111642
111680
111991
111998
112184
112306
112311
112504
112530
112667
112775
112835
112877
113025
113081
113108
113128
113164
113422
113445
113501
113644
113667
113679
113991
115572
115575
115646
116229
116532
117045
117319
117665
117731
117836
118084
118157
118169
118382
118789
118861
118870
119251
119347
119422
119578
119657
119730
119915
120061
120245
120404
120495
120504
120539
121140
121150
121214
121338
121413
121418
121902
121981
122091
122133
122178
122745
122747
122872
123019
123074
123121
123148
123407
123443
123479
123500
123625
123646
123703
123767
123839
123924
124469
124814
124952
125046
125057
125163
125321
125572
125674
125980
126134
126315
126589
126950
127057
127193
127221
127622
127629
127747
127801
127932
127986
128101
128141
128336
128347
128351
128402
128418
128425
128717
129093
129280
129281
129376
129413
129705
130005
130475
130852
131096
131199
131283
131526
131598
131667
132074
132109
132200
132925
133228
133588
133628
133753
134432
134474
134825
134992
135075
135563
135609
135616
135634
135659
135855
135950
135978
136055
136121
136211
136226
136325
136437
136534
136771
136843
136848
136923
137064
137143
137175
137241
137288
137439
137691
137710
137946
138272
138422
138805
138839
138892
138965
139313
139314
139339
139537
139659
139816
139821
139826
139936
139964
140155
140188
140210
140353
140360
140370
140443
140598
140674
140758
140772
140817
141164
141184
141509
141649
141692
141695
141740
141811
141814
141830
141831
141855
141914
141979
141982
141998
142134
142209
142495
142705
142821
142837
142863
143327
144026
144132
144596
144611
144682
144777
144789
145185
145317
145495
145528
145981
145997
146047
146059
146103
146199
146298
146565
146589
147262
147272
147581
148135
148482
148818
148966
149493
149641
149869
149975
150317
150495
150659
150670
150983
151107
151172
151208
151264
151375
151384
151604
151634
151692
151715
152706
152850
152857
153032
153369
153414
153494
153574
153760
153785
153792
153828
153884
153967
153997
154150
154155
154275
154391
154505
154668
154726
154973
155069
155131
155151
155422
155440
155633
155832
155914
155962
156041
156229
156316
156700
156901
157117
157252
157524
157792
158216
158364
158636
158732
158796
158843
158925
159332
159369
159434
159549
160237
160308
160391
160601
160657
160719
160825
160834
160841
161520
161541
161714
161735
161747
161875
161884
161984
162129
162224
162263
162342
162578
162625
162716
162865
162985
163729
163855
163950
164058
164240
164247
164387
164449
164501
164601
164657
164717
165179
165460
165503
165541
165568
165592
165605
165836
165865
165876
165896
166156
166366
166382
166572
166584
166728
167034
167124
167612
167833
167947
168075
168395
168510
169363
169519
169543
169616
169698
169755
170113
170398
170889
170894
171272
171322
171409
171631
172266
172304
172372
172440
172508
172700
172768
172864
172941
173037
173185
173271
173494
173496
174232
174382
174688
174760
174785
174819
175027
175235
175511
176000
176029
176069
176356
176416
176627
176759
176775
176897
177029
177302
177427
177520
177767
177771
178041
178243
178266
178386
178477
178620
178849
179031
179210
179438
179791
179841
180066
180142
180149
180211
180310
180463
180520
180596
180709
180851
180931
181076
181085
181236
181342
181351
181513
181692
181784
182106
182250
183186
183187
183298
183404
183553
183572
183906
183982
183996
184103
184181
184341
184491
184647
184690
185178
185215
185242
185752
185793
185975
186094
186425
186548
186606
186706
186725
186810
186817
186862
186972
187066
187149
187374
187406
187603
187608
187769
187788
188064
188677
188881
188913
188916
188950
188953
189048
189114
189131
189228
189505
189804
189851
189993
190182
190311
190435
190461
190499
190505
190583
190636
190889
191169
191252
191316
191329
191433
191441
191458
191559
191625
191756
191815
191968
192199
192213
192252
192281
192464
192730
192780
192805
193298
193314
193367
193500
193563
193594
193813
193923
193959
193971
194097
194228
194375
194414
194737
194942
195017
195224
195435
195526
195653
195955
196185
196281
196346
196414
196421
196515
196655
196672
197050
197315
197335
197410
197490
197499
197536
197635
197643
197680
197705
197730
197796
197878
198213
198401
198473
198561
198603
198686
198801
199000
199323
199368
199606
199666
199862
199890
199920
200790
200869
201049
201316
201347
201614
201618
202013
202155
202402
202404
202564
202636
202670
202844
202923
202944
203005
203116
203440
203798
203915
204003
204171
204304
204412
204602
204618
204958
205014
205451
205491
205725
206070
206189
206336
206375
206819
207004
207024
207453
207469
207543
207736
207857
207956
208004
208112
208143
208167
208307
208406
208633
208648
208810
208891
208993
209207
209235
209775
209835
209936
209941
210075
210305
210309
210392
210483
210827
211059
211289
211302
211829
211852
212131
212173
212252
212396
212470
212559
213211
213458
213511
213544
213664
213683
213731
214307
214884
215200
215218
215222
215517
215528
215772
216059
216213
216327
216506
216587
217360
217389
217451
217549
217593
217840
218130
218169
218525
218770
218817
219074
219154
219501
219893
219897
220145
220469
220727
220927
220941
221055
221274
221821
221841
222068
222095
222241
222290
222325
222382
222403
222436
222480
222520
222755
222776
222814
222864
222922
222980
222986
223265
223266
223486
223534
223586
223767
224199
224362
224444
224524
224739
224802
224879
225364
225387
225392
225653
225858
226246
226358
226373
226394
226677
226750
226866
226922
226987
227007
227026
227197
227452
227513
227523
227662
227702
227728
227750
227767
228050
228142
228196
228199
228600
228750
228753
229083
229138
229203
229211
229244
229315
229454
229479
229599
229841
229994
230017
230196
230220
230346
230438
230924
230976
231036
231097
231137
231140
231271
231579
231671
232126
232354
232729
232973
233348
233953
234157
234299
234658
234787
234791
234837
235087
235241
235382
235389
235743
235831
236037
236289
236572
236746
236996
237375
237459
237635
237736
237775
237810
238081
238189
238311
238501
238543
238566
238681
238688
238710
239473
239560
239683
239868
239952
240025
240044
240118
240128
240145
240334
240873
240917
240952
241160
241384
241513
241546
241616
241655
241709
241741
241863
242054
242144
242389
242446
242648
243097
243144
243252
243277
243304
243370
243620
243750
243874
244215
244393
244635
244742
244771
245012
245209
245621
245664
246075
246416
246680
246746
246783
246804
246945
247019
247074
247189
247203
247236
247280
247928
247984
248020
248758
249114
249305
249491
249594
249758
249965
249993
250039
250154
250417
250448
250593
250617
250888
250905
251138
251164
251318
251367
251464
251595
251605
251621
251632
252048
252298
252318
252756
252786
252860
252908
253000
253040
253054
253083
253222
253287
253314
253342
253427
253645
253849
253866
254042
254132
254134
254345
255051
255603
255643
255649
255711
255789
255809
255881
256269
256438
256511
256589
256655
256723
256861
256878
256971
257096
257127
257248
257254
257420
257495
257823
257830
257868
257875
258132
258464
258519
258668
258809
258937
259003
259053
259101
259288
259525
259564
259698
259918
260187
260318
260516
260805
260911
260985
261119
261165
261442
261485
261781
262089
262193
262526
262786
262826
263057
263085
263204
263237
263401
263499
263557
263562
263674
263782
263973
264002
264304
265281
265760
265876
265990
265992
266384
266467
266565
266665
266675
266705
266826
267630
267693
267734
267850
267981
268020
268277
268326
268355
268375
268383
268393
268408
268416
268650
268751
268817
269207
269218
269331
269510
269511
269596
269713
269746
269790
269817
269854
269922
270106
270126
270166
270362
270432
270858
270905
270950
271194
271245
271357
271396
271454
271502
271511
271576
271615
272013
272137
272309
272354
272504
272523
272625
272634
272949
272973
273069
273232
273238
273461
273550
273584
273708
273787
273800
273866
273950
274159
274207
274222
274519
274714
274760
275066
275108
275258
275514
275820
275836
275852
275878
276318
276495
276556
276637
276772
276820
277503
277775
277777
277849
278048
278050
278081
278442
278579
278623
