129
143
174
304
323
362
471
611
718
735
795
850
963
1146
1445
1624
1684
1762
1941
2040
2058
2363
2385
2624
2627
2688
2735
2780
2890
3028
3064
3080
3240
3289
3479
3506
3798
3862
3990
4019
4270
4289
4459
4703
4713
4868
5001
5201
5457
5498
5714
5847
5926
6448
6519
6552
6700
6850
6882
6999
7185
7366
7524
7707
7950
8216
8239
8339
8639
8790
8855
8932
9100
9166
9394
9796
9978
9996
10020
10079
10221
10450
10475
10615
10700
10830
11082
11124
11314
11379
11425
11462
11483
11491
11616
11852
12024
12171
12400
12445
12465
12575
12760
12761
12813
12887
12954
12978
12995
13037
13279
13309
13327
13456
13518
13566
13717
14366
14410
14685
14689
14784
14876
14920
14960
15059
15067
15113
15156
15196
15352
15502
15602
15680
15728
15881
15906
16282
16353
16443
16578
16701
16949
17029
17138
17147
17310
17426
17466
17590
17712
18142
18144
18683
18712
18818
19037
19913
20611
20669
20759
20776
20862
20903
21138
21204
21321
21328
21442
21561
21632
21729
21740
21751
21782
21855
21944
22040
22354
22586
22688
23658
23675
24089
24133
24431
24484
24561
24733
24786
24799
24846
24894
25019
25332
25504
25590
25679
25706
25838
26259
26297
26330
26629
26638
26941
27019
27590
27598
27689
27693
27733
27795
27799
28303
28627
28758
28952
29132
29226
29372
29394
29787
29971
30230
30235
30363
30753
30764
30829
30994
31098
31161
31175
31331
31381
31386
31510
31594
31614
31823
32144
32189
32288
32462
32614
32702
32776
32810
32832
32917
32973
33098
33137
33171
33225
33256
33497
33661
33663
33821
33838
34108
34126
34284
34387
34613
34756
35020
35047
35099
35253
35302
35502
35606
35681
35721
35732
35963
35964
36078
36258
36269
36283
36427
36541
36556
36560
36562
36663
36672
36737
37149
37518
37543
37572
37576
37583
37762
37790
37867
37908
38007
38245
38410
38565
39349
39456
39509
39555
39586
39629
39843
39858
39987
40012
40086
40181
40367
40560
40598
40684
40713
40940
40950
40969
41479
41612
41854
41979
42267
42305
42336
42359
42429
42430
43094
43197
43294
43342
43469
43658
43670
43833
43873
44042
44136
44231
44287
44292
44328
44413
44424
44496
44696
44799
44888
44978
45074
45158
45324
45333
45352
45363
45460
45725
45735
46052
46601
46611
46724
46762
46922
47053
47278
47504
47862
48140
48168
48174
48209
48213
48313
48336
48468
48549
48609
48665
48684
48822
48936
48988
49117
49553
49668
49713
50075
50313
50692
50944
51330
51471
51583
51708
51788
52053
52194
52249
52368
52450
52583
52660
52831
52933
53169
53185
53401
53729
53818
53847
54113
54392
54421
54435
54597
54678
54739
54900
54983
54997
55057
55071
55254
55441
55635
55686
56009
56088
56628
56741
56883
56983
57111
57149
57206
57447
57471
57608
57619
57655
57694
57811
57936
58017
58167
58253
58580
59203
59315
59411
59499
59553
60142
60181
60362
60398
60463
60905
61828
61863
62204
62390
62420
62528
62899
63054
63166
63559
63593
63779
63905
64006
64011
64665
65103
65160
65465
65486
65572
65801
65845
66011
66456
66597
66848
66851
66928
66992
67175
67321
67372
67397
67536
67649
67977
68073
68076
68078
68110
68118
68242
68470
68513
68593
68609
68662
68921
68955
68967
69130
69223
69369
69460
70243
70274
70285
70440
70673
71226
71254
71369
71393
71708
71738
72012
72016
72116
72421
72569
72639
72730
72813
73256
73660
74399
74686
74817
75752
75895
76020
76055
76238
76728
76987
77120
77235
77326
77397
77409
77441
77616
77689
77697
77771
77772
77803
78322
78389
78665
78726
79016
79033
79149
79170
79238
79293
79429
79563
79579
79669
79917
80036
80050
80287
80348
80531
80589
80754
80796
80883
80897
80900
80958
81172
81202
81564
81729
81819
81946
81984
81985
82019
82035
82161
82290
83079
83095
83157
83164
83244
83498
83638
83646
84088
84094
84112
84471
84734
84770
85012
85072
85334
85399
85500
85814
85892
85911
86197
86490
86567
86594
86813
86875
87167
87439
87474
87589
87614
87615
87807
88212
88226
88443
88681
88828
88976
89001
89184
89221
89235
89339
89408
89443
89572
89735
89969
90175
90248
90259
90764
90804
90844
90950
90979
90998
91281
91285
91423
91475
91500
91775
91808
91988
92588
92623
92937
93283
93299
93327
93628
93790
93813
93888
93922
94060
94223
94268
95170
95190
95255
95282
95478
95576
95676
95975
95978
96005
96297
96306
96509
96704
96821
97163
97244
97246
97263
97264
97405
97470
97588
97684
97714
98012
98080
98155
98209
98265
98388
98423
98494
98530
98615
98627
98720
98749
98765
99045
99102
99173
99211
99476
99825
100527
100555
100603
100697
100707
100738
100753
100845
100877
101036
101195
101365
101588
101749
101885
101931
102106
102685
102755
102761
102926
103044
103199
103433
103440
103615
103754
103779
103832
103872
104091
104144
104343
104365
104436
104818
104938
105079
105131
105314
105384
105580
105583
105615
105774
105816
105837
105931
106012
106027
106095
106098
106163
106508
106635
106670
106687
106703
106814
106848
106869
106925
107147
107260
107646
107647
107755
107951
108037
108079
108217
108285
108341
108725
108830
108852
109126
109234
109297
109302
109465
109504
109624
109680
109874
109942
109975
110029
110216
110307
110460
110522
110595
111218
111306
111418
111569
111932
111982
111997
112006
112051
112136
112182
112184
112240
112297
112304
112632
112667
113081
113106
113334
113376
113493
113544
113643
113865
113956
113963
114106
114134
114145
114470
114848
114937
115085
115339
115621
115700
116069
116229
116346
116532
116618
117243
117247
117665
117686
117863
118084
118382
118975
118979
119212
119300
119306
119325
119391
119684
119704
120061
120929
121140
121312
121338
121418
121557
121579
121763
121981
122173
122247
122406
122704
123043
123095
123381
123562
123602
123703
123808
123839
123887
123896
123924
124608
124814
124841
125112
125131
125455
125792
126792
127175
127180
127193
127268
127320
127349
127592
127629
128093
128351
128359
128402
128924
129206
129281
129800
129818
129845
129987
130002
130063
130131
130767
130928
131099
131150
131271
131273
131298
131427
131667
131938
132153
132925
132932
133029
133080
133185
133250
133775
134021
134044
134171
134391
134642
134797
134947
135114
135270
135609
135736
135742
135913
135978
136055
136077
136138
136325
136410
136430
136437
136697
137151
137242
137288
137398
137412
137570
137680
137822
138019
138130
138417
138422
138588
138668
139105
139129
139141
139608
139620
139859
139928
139945
139955
139964
140083
140093
140245
140278
140358
140500
140674
140769
140775
141190
141348
141816
141848
141914
142170
142354
142495
142607
142689
142821
142851
142868
143248
143372
143473
143520
143599
143793
143808
144164
144226
144291
144547
144777
144936
145220
145441
145452
145458
145495
145570
146026
146035
146047
146059
146475
146657
146806
146952
147237
147391
147409
147413
147414
147442
147503
147862
148058
148174
148255
148288
148314
148365
148411
148590
148592
148645
148648
148649
148841
149230
149294
149530
149641
149719
149856
149900
149984
150094
150774
150812
150945
151067
151420
151518
152076
152164
152192
152850
153052
153161
153284
153474
153482
153568
153587
153691
153792
153895
153932
154041
154116
154204
154394
154505
154629
154634
154894
155004
155083
155151
155186
155189
155442
155564
155633
155809
155883
156147
156169
156467
156469
156744
157034
157410
157413
157549
157575
157927
157996
158080
158137
158364
158562
158786
158843
159070
159250
159279
159310
159513
159724
159758
159825
159934
160067
160084
160308
160691
160693
160818
160838
160888
160996
161655
161780
162221
162613
163170
163372
163523
163690
163800
163852
163940
164037
164070
164133
164172
164461
164585
164657
164717
164781
164856
164897
164911
165197
165363
165385
165495
165541
165592
165597
165907
165968
166320
166682
166904
166925
166935
166937
167242
167412
167514
167576
167630
167663
167686
167750
167833
167837
167879
167993
168529
168830
168974
169033
169195
169197
169394
169539
169543
169616
169762
169875
169977
170216
170329
170357
170494
170560
170569
170775
170889
171188
171189
171232
171250
171319
171322
171695
171750
172249
172512
172617
172848
173220
173250
173386
173494
173629
173719
173759
173906
174275
174297
174740
174819
175255
175276
175357
175606
175615
175990
176102
176167
176174
176200
176466
176567
176627
176695
176775
176918
176937
176948
176979
177029
177055
177329
177397
177455
177520
177522
177614
177642
177644
177794
178243
178397
178620
178729
178849
178866
179031
179433
180089
180254
180403
180520
180806
180851
181163
181209
181471
181740
181780
182055
182056
182351
182353
182649
183015
183093
183110
183404
183497
183939
184097
184341
184491
184814
185027
185149
185363
185439
185470
185518
185804
185900
186045
186548
186606
186677
186863
186904
187066
187169
187317
187504
187639
187788
187943
188347
188681
188787
188825
188865
188987
189041
189294
189414
189477
189521
189552
189588
189635
190058
190174
190378
190495
190511
190700
190776
191158
191751
191756
191980
192037
192524
192565
192620
192693
192731
193078
193293
193461
193477
193484
193518
193638
193750
193923
193931
194012
194026
194097
194114
194205
194374
194487
194634
194640
195139
195265
195699
195735
195869
195904
196185
196244
196410
196515
196708
196799
196830
197489
197490
197550
197635
197784
197789
197790
198197
198252
198271
198401
198561
198899
199207
199295
199376
199398
199593
199920
200046
200236
200508
200663
200682
200972
201049
201209
201316
201618
201995
202363
202385
202754
202844
202851
202874
203112
203136
203137
203279
203529
203755
203781
203788
204158
204344
204412
204467
204602
204701
204908
204924
204980
205451
205586
205656
205937
205959
205968
206147
206175
206204
206275
206493
206523
206653
206838
206859
206908
206942
207170
207294
207415
207453
207859
207944
208105
208241
208406
208499
208516
208557
208621
208633
208685
208714
208891
208898
208993
209126
209246
209288
209700
209810
210075
210540
211059
211221
211251
211382
211391
211897
212302
212342
212606
212953
213684
213834
213894
214014
214198
214324
214482
214976
214989
215677
215725
215885
215915
216025
216288
216350
216618
217053
217122
217561
218352
218817
219181
219510
219596
219897
220223
220297
220308
220436
220795
220927
221263
221300
221314
221841
222068
222096
222520
222555
222601
222612
222622
222705
222819
222864
223094
223135
223318
223368
223382
223663
223767
223870
223883
224101
224248
224279
224308
224339
224545
224613
224745
224835
224900
224943
225030
225392
225474
225501
225629
225639
225718
226135
226373
226461
226708
226797
226981
226987
227026
227072
227452
227672
227744
227860
227948
227968
228243
228263
228426
228659
228753
228771
228896
229298
229515
229520
230086
230159
230787
231134
231180
231584
231794
232349
232354
232650
232676
233348
233973
234033
234073
234145
234230
234327
234352
234404
234942
235218
236037
236106
236183
236310
236501
236734
237095
237295
237695
237968
238311
238396
238436
238566
238575
238650
238651
238656
238865
238901
239261
239266
239634
240441
240642
240675
240679
240724
240725
241178
241179
241416
241824
241978
242104
242142
242144
242360
242362
242375
242402
242972
243065
243277
244291
244434
244732
244917
244949
245123
245137
245479
245529
245531
245568
245751
245781
246099
246235
246677
246688
246696
246773
247012
247276
247305
247498
247622
247714
247984
248130
248251
248632
248697
248702
248717
248783
249055
249156
249842
249916
250003
250020
250055
250191
250556
250596
250882
250888
251048
251164
251288
251527
251626
251746
251805
251848
252071
252209
252383
252860
253120
253502
253769
253859
253909
254440
254457
254536
254620
254714
254756
254790
254828
254910
255290
255358
255480
255677
255805
255809
256383
256573
256583
256723
256838
257047
257163
257167
257380
257451
257659
258081
258137
258172
258657
258889
259518
259525
259533
259564
259625
260911
260973
260985
261049
261552
261625
261828
262702
262746
262931
262977
263091
263237
263238
263392
263920
263936
264031
264148
264304
264341
264522
264537
264576
264628
264667
264918
265253
265490
265537
265904
266039
266048
266254
266614
266700
266900
267249
267279
267459
267465
267734
267744
267982
268033
268355
268489
268756
268811
269100
269208
269331
269338
269351
269511
269635
269702
269826
270015
270124
270220
270751
270758
270793
271245
271395
271503
271506
271832
271862
272062
272139
272309
272625
272832
272917
273000
273057
273186
273238
273466
273468
273573
273685
273708
273709
273755
273974
273992
274159
274201
274307
274798
274861
274921
275258
275302
275372
275514
275525
275806
275873
276021
276041
276080
276302
276379
276686
276903
277129
277428
277499
277515
277593
277976
278020
278050
278072
278104
278148
278231
278258
278315
278354
278408
278442
278623
