35
76
79
101
124
131
161
196
221
302
308
329
333
419
427
452
472
491
494
506
569
625
634
652
660
668
676
677
713
755
774
800
835
847
863
878
879
886
896
940
954
968
983
988
998
1012
1024
1040
1047
1057
1086
1107
1111
1143
1156
1185
1211
1235
1238
1239
1295
1319
1321
1332
1351
1370
1374
1387
1406
1411
1416
1423
1443
1493
1500
1529
1558
1570
1575
1589
1635
1648
1727
1728
1738
1765
1771
1807
1828
1846
1865
1870
1883
1886
1914
1923
1929
1954
1966
1977
2018
2045
2081
2086
2122
2176
2231
2235
2302
2336
2367
2417
2429
2458
2459
2504
2605
2620
2648
2680
2694
2712
2713
2847
2880
2882
2889
2914
2947
2954
2987
3106
3112
3158
3164
3180
3189
3201
3207
3238
3299
3304
3343
3353
3357
3367
3416
3419
3463
3504
3518
3537
3548
3583
3596
3614
3616
3621
3630
3643
3646
3651
3689
3725
3738
3757
3787
3807
3848
3901
3921
3930
3946
3994
4022
4039
4053
4058
4107
4112
4124
4150
4162
4176
4207
4215
4217
4239
4272
4362
4411
4443
4465
4468
4506
4510
4511
4526
4541
4600
4666
4739
4865
4919
4945
4961
5015
5042
5059
5090
5122
5133
5181
5241
5254
5273
5309
5314
5400
5402
5428
5525
5610
5617
5631
5637
5641
5653
5654
5659
5677
5706
5716
5770
5789
5831
5902
5969
5974
6029
6059
6117
6248
6264
6306
6316
6341
6355
6438
6451
6456
6483
6537
6607
6625
6652
6657
6663
6668
6691
6698
6729
6733
6792
6821
6833
6841
6849
6883
6899
6974
6975
7180
7198
7271
7273
7275
7319
7367
7392
7398
7429
7487
7520
7570
7578
7588
7591
7616
7640
7664
7668
7674
7685
7690
7705
7717
7733
7796
7815
7816
7819
7861
7866
7908
7910
7916
7937
7972
7987
8031
8045
8050
8082
8135
8171
8186
8196
8199
8260
8355
8365
8398
8409
8415
8420
8442
8480
8488
8510
8551
8561
8567
8576
8581
8671
8672
8681
8687
8709
8740
8774
8787
8807
8856
8860
8925
8935
8943
8994
9002
9016
9027
9039
9043
9054
9102
9123
9161
9194
9242
9255
9259
9291
9357
9373
9411
9463
9473
9485
9492
9506
9522
9535
9577
9590
9654
9658
9683
9690
9696
9700
9721
9752
9801
9809
9836
9919
9937
9941
9955
9960
9961
9988
9998
10000
10010
10016
10058
10063
10064
10151
10180
10196
10201
10206
10262
10291
10308
10324
10362
10438
10444
10471
10481
10544
10557
10566
10598
10616
10659
10682
10697
10723
10748
10752
10764
10825
10848
10866
10883
10899
10923
10941
10948
10961
10972
10978
10994
11033
11044
11052
11152
11180
11194
11200
11280
11328
11393
11396
11417
11475
11525
11536
11545
11577
11607
11639
11689
11696
11720
11723
11749
11791
11943
11959
12007
12018
12047
12053
12113
12118
12142
12153
12156
12161
12168
12172
12178
12212
12285
12303
12327
12345
12361
12443
12479
12482
12510
12556
12578
12592
12601
12609
12621
12656
12674
12703
12711
12720
12732
12748
12753
12773
12774
12792
12808
12868
12950
13131
13141
13161
13202
13215
13240
13273
13291
13373
13389
13458
13483
13508
13571
13572
13577
13610
13614
13655
13664
13666
13694
13722
13741
13797
13812
13826
13833
13870
13871
13939
13947
13949
13996
14019
14077
14096
14133
14149
14168
14182
14187
14221
14231
14256
14273
14324
14335
14359
14367
14370
14381
14398
14404
14491
14520
14542
14575
14583
14632
14634
14635
14637
14643
14660
14682
14713
14728
14737
14801
14818
14830
14841
14893
14899
14907
14935
15054
15055
15061
15062
15101
15140
15158
15212
15240
15262
15267
15283
15288
15293
15424
15429
15463
15495
15527
15560
15585
15596
15597
15617
15619
15620
15624
15645
15697
15715
15737
15742
15764
15780
15781
15900
15947
15967
15973
16021
16074
16075
16125
16139
16166
16306
16369
16412
16432
16439
16540
16561
16571
16585
16592
16593
16600
16602
16611
16628
16636
16653
16700
16718
16724
16732
16780
16799
16850
16853
16854
16890
16892
16900
16902
16938
16981
17088
17123
17187
17196
17239
17257
17272
17369
17381
17425
17443
17465
17476
17533
17608
17627
17641
17658
17709
17735
17741
17785
17815
17818
17823
17899
17911
17912
17917
17933
17980
17991
18054
18066
18072
18080
18081
18118
18216
18227
18272
18312
18397
18400
18420
18446
18483
18503
18515
18518
18533
18571
18579
18596
18619
18762
18765
18801
18812
18816
18820
18838
18844
18848
18869
18872
18906
18978
19004
19017
19030
19083
19109
19149
19176
19181
19194
19213
19217
19221
19233
19250
19282
19297
19298
19368
19382
19385
19392
19397
19424
19453
19457
19487
19490
19527
19554
19572
19599
19653
19670
19687
19701
19714
19777
19794
19802
19829
19845
19859
19869
19875
19878
19881
19905
19926
19968
19998
20035
20060
20061
20068
20081
20113
20139
20142
20145
20158
20166
20212
20219
20220
20222
20237
20238
20244
20260
20285
20330
20333
20336
20338
20383
20415
20451
20512
20516
20524
20542
20550
20610
20692
20700
20718
20755
20781
20807
20820
20824
20837
20854
20857
20910
20916
20952
21085
21096
21117
21128
21129
21208
21223
21295
21317
21410
21411
21448
21598
21609
21616
21675
21716
21725
21733
21767
21812
21827
21828
21884
21894
21899
21925
21941
22032
22088
22131
22143
22173
22194
22252
22255
22267
22270
22272
22273
22287
22330
22341
22410
22446
22494
22518
22524
22548
22661
22696
22723
22747
22773
22780
22793
22802
22807
22872
22883
22966
22981
22984
23063
23064
23176
23195
23207
23234
23240
23269
23324
23343
23356
23366
23392
23425
23451
23456
23486
23527
23588
23598
23604
23605
23640
23682
23693
23701
23713
23724
23734
23749
23768
23841
23852
23863
23866
23943
23952
23956
23958
23993
24007
24020
24034
24049
24059
24095
24140
24187
24210
24226
24227
24277
24280
24338
24341
24382
24392
24407
24420
24428
24462
24499
24512
24515
24528
24547
24572
24593
24612
24618
24635
24653
24667
24679
24699
24730
24736
24738
24758
24767
24803
24822
24847
24854
24961
25000
25004
25026
25151
25214
25215
25255
25275
25366
25380
25396
25401
25505
25527
25660
25671
25676
25684
25686
25756
25808
25817
25868
25876
25890
25902
25912
26093
26100
26106
26132
26151
26174
26179
26193
26205
26226
26229
26255
26283
26316
26322
26355
26390
26459
26463
26483
26500
26535
26563
26574
26593
26604
26680
26698
26721
26753
26759
26779
26781
26838
26860
26897
26909
26913
26918
26940
26983
27022
27052
27061
27078
27101
27128
27143
27145
27185
27222
27247
27285
27295
27363
27381
27490
27543
27561
27644
27656
27687
27700
27707
27725
27735
27739
27745
27761
27832
27847
27920
27925
27956
27964
27991
28038
28057
28058
28077
28104
28149
28172
28177
28189
28192
28209
28224
28263
28314
28355
28382
28387
28393
28434
28445
28457
28490
28510
28523
28562
28591
28597
28607
28637
28659
28665
28676
28686
28768
28780
28802
28811
28823
28828
28868
28870
28892
28898
28915
28921
28925
28990
28999
29021
29043
29049
29070
29074
29120
29121
29163
29176
29199
29202
29219
29258
29260
29279
29280
29317
29354
29383
29411
29498
29516
29556
29593
29626
29632
29643
29706
29724
29750
29801
29814
29866
29875
29902
29939
29989
29993
30045
30068
30098
30102
30121
30124
30142
30201
30205
30236
30241
30242
30250
30258
30304
30308
30322
30327
30334
30358
30386
30438
30456
30556
30576
30594
30637
30668
30686
30690
30712
30721
30724
30792
30803
30811
30840
30857
30863
30894
30908
30919
30942
30951
31033
31047
31069
31124
31166
31180
31226
31228
31282
31338
31355
31416
31423
31458
31459
31506
31512
31518
31534
31555
31590
31607
31628
31692
31701
31726
31729
31738
31759
31769
31777
31781
31815
31838
31851
31887
31917
31923
31944
31955
32005
32009
32027
32092
32236
32246
32247
32266
32285
32308
32328
32361
32365
32428
32434
32525
32530
32531
32550
32608
32659
32672
32674
32722
32809
32856
32859
32926
32978
32989
32991
33018
33023
33081
33097
33160
33166
33203
33241
33271
33278
33284
33289
33294
33308
33331
33421
33429
33467
33476
33490
33492
33495
33522
33528
33559
33560
33623
33626
33634
33649
33656
33679
33700
33770
33816
33874
33902
33917
33930
33931
33980
34034
34065
34068
34109
34117
34255
34272
34286
34317
34318
34319
34338
34355
34373
34418
34447
34458
34507
34513
34555
34557
34587
34591
34609
34691
34729
34748
34762
34770
34791
34840
34848
34854
34856
34866
34872
34901
34905
34921
34928
34931
34957
34965
34983
34995
35000
35012
35016
35036
35106
35111
35157
35160
35246
35249
35290
35312
35340
35448
35490
35593
35598
35675
35678
35692
35726
35753
35769
35909
35941
35943
35962
36046
36083
36092
36100
36132
36139
36161
36203
36263
36278
36394
36501
36522
36543
36608
36620
36640
36658
36665
36670
36707
36731
36745
36748
36750
36753
36770
36851
36857
36879
36885
36971
37036
37057
37084
37091
37155
37186
37231
37240
37385
37390
37399
37442
37453
37460
37486
37490
37507
37520
37522
37526
37571
37586
37587
37612
37721
37724
37767
37802
37837
37897
37898
37913
37925
37935
37959
37968
37977
37978
37995
37999
38015
38016
38029
38053
38084
38085
38112
38149
38172
38188
38198
38204
38220
38225
38248
38276
38318
38361
38425
38434
38437
38470
38472
38483
38504
38536
38606
38669
38673
38722
38772
38796
38905
38915
38987
39004
39014
39054
39078
39092
39112
39115
39144
39161
39179
39180
39183
39203
39223
39228
39239
39259
39311
39344
39374
39400
39432
39434
39450
39461
39463
39470
39474
39484
39490
39518
39527
39552
39560
39583
39604
39627
39643
39677
39684
39687
39688
39695
39831
39836
39890
39910
39941
39945
39950
39965
40018
40040
40054
40063
40067
40076
40112
40125
40144
40148
40182
40266
40272
40292
40294
40311
40332
40337
40370
40371
40374
40384
40421
40432
40445
40473
40506
40516
40550
40561
40589
40608
40625
40646
40688
40781
40787
40843
40859
40886
40897
40898
40945
41084
41105
41146
41153
41197
41211
41224
41246
41264
41439
41471
41491
41588
41627
41634
41636
41639
41664
41709
41726
41757
41803
41895
41963
41972
42009
42025
42032
42080
42172
42173
42250
42390
42431
42443
42458
42493
42539
42547
42610
42631
42663
42720
42724
42741
42743
42765
42781
42787
42791
42826
42854
42918
42922
42952
42962
42963
43114
43115
43132
43140
43151
43225
43243
43263
43340
43363
43367
43396
43414
43433
43445
43462
43482
43483
43511
43547
43550
43587
43623
43626
43632
43636
43645
43653
43693
43710
43738
43741
43777
43825
43826
43828
43836
43895
43914
43919
43946
43975
43979
44058
44059
44079
44081
44096
44128
44137
44145
44193
44202
44222
44271
44283
44289
44378
44389
44451
44517
44556
44562
44594
44644
44701
44705
44715
44734
44821
44843
44849
44853
44874
44892
44904
44910
44923
44958
45035
45044
45069
45070
45072
45171
45198
45210
45233
45249
45426
45434
45444
45459
45466
45495
45521
45525
45563
45587
45589
45595
45612
45664
45665
45673
45719
45721
45723
45726
45741
45772
45795
45811
45889
45917
45921
45961
46107
46112
46141
46230
46231
46269
46282
46307
46308
46314
46322
46332
46336
46430
46483
46507
46621
46644
46668
46670
46671
46683
46699
46703
46732
46816
46831
46833
46868
46874
46938
46941
46942
46946
46997
47063
47075
47143
47177
47198
47199
47203
47233
47334
47355
47360
47389
47439
47453
47473
47487
47503
47543
47552
47603
47609
47620
47649
47653
47659
47691
47721
47729
47763
47793
47839
47932
47957
48054
48057
48086
48097
48117
48173
48184
48234
48312
48319
48374
48436
48535
48551
48569
48643
48654
48663
48688
48738
48752
48824
48834
48841
48846
48855
48860
48861
48881
48892
48902
48959
48969
49012
49023
49037
49049
49058
49097
49123
49125
49138
49139
49143
49163
49171
49225
49237
49238
49244
49272
49414
49423
49448
49525
49569
49583
49660
49669
49722
49727
49753
49804
49882
49904
49919
49937
49954
50024
50043
50076
50084
50102
50104
50156
50185
50190
50195
50196
50253
50254
50307
50323
50343
50351
50376
50398
50415
50443
50446
50452
50467
50477
50505
50569
50631
50672
50708
50718
50725
50729
50776
50787
50829
50857
50869
50876
50945
51032
51062
51076
51112
51114
51124
51145
51174
51193
51248
51303
51314
51333
51346
51387
51396
51410
51432
51433
51513
51515
51548
51553
51555
51562
51581
51646
51647
51664
51676
51713
51737
51752
51761
51767
51796
51837
51889
51903
51909
51927
52000
52069
52144
52213
52256
52358
52393
52419
52431
52438
52469
52471
52479
52553
52555
52570
52616
52686
52706
52712
52735
52751
52755
52834
52866
52915
52953
53003
53005
53007
53066
53079
53112
53129
53163
53181
53195
53226
53248
53265
53279
53291
53299
53582
53587
53649
53720
53751
53782
53799
53837
53842
53858
53914
53917
53923
53924
53946
54008
54027
54105
54131
54161
54163
54202
54263
54268
54280
54304
54372
54393
54401
54440
54461
54480
54542
54577
54629
54637
54657
54687
54730
54772
54773
54774
54840
54844
54908
54960
54995
54996
55010
55032
55034
55044
55055
55068
55072
55108
55148
55175
55176
55202
55216
55248
55327
55391
55397
55412
55416
55418
55424
55446
55452
55469
55594
55606
55637
55657
55699
55703
55775
55796
55806
55846
55899
55925
55975
55976
55995
56002
56041
56061
56082
56090
56146
56149
56188
56189
56213
56226
56324
56360
56380
56388
56392
56403
56412
56415
56448
56454
56466
56497
56502
56519
56526
56530
56538
56609
56613
56621
56631
56638
56647
56649
56650
56669
56711
56712
56802
56906
56966
56991
57010
57050
57051
57075
57123
57192
57249
57250
57282
57337
57358
57416
57439
57463
57489
57506
57520
57526
57530
57531
57542
57552
57563
57623
57628
57635
57664
57720
57751
57752
57765
57776
57826
57856
57857
57887
57913
57933
57946
57975
57981
58027
58028
58044
58069
58080
58092
58139
58170
58199
58237
58257
58264
58344
58352
58393
58401
58409
58421
58436
58506
58555
58559
58597
58657
58713
58762
58768
58800
58841
58885
58909
59055
59076
59095
59147
59173
59184
59297
59300
59313
59333
59359
59378
59396
59416
59436
59441
59528
59549
59624
59675
59683
59725
59728
59758
59762
59767
59787
59813
59819
59822
59885
59920
59934
59967
59968
59988
60022
60024
60031
60119
60121
60153
60156
60217
60242
60247
60248
60250
60274
60297
60381
60397
60408
60445
60462
60470
60478
60523
60529
60547
60558
60602
60605
60639
60646
60674
60710
60729
60767
60788
60864
60898
60908
60923
61042
61112
61115
61166
61195
61221
61222
61224
61225
61249
61289
61327
61425
61461
61485
61487
61498
61522
61527
61593
61646
61648
61683
61697
61707
61712
61743
61777
61806
61810
61814
61823
61831
61860
61865
61886
61889
61893
61896
61920
61944
61983
62084
62147
62161
62190
62220
62243
62262
62264
62305
62307
62314
62321
62377
62445
62446
62484
62518
62532
62552
62554
62567
62581
62590
62644
62646
62659
62695
62728
62753
62758
62769
62770
62772
62825
62828
62832
62847
62892
62972
62978
62989
63017
63034
63072
63088
63108
63120
63127
63145
63157
63189
63199
63226
63314
63342
63346
63393
63410
63454
63483
63500
63501
63526
63570
63611
63664
63668
63676
63681
63693
63695
63740
63752
63766
63771
63793
63848
63929
63963
63995
64069
64106
64148
64164
64270
64285
64330
64331
64389
64395
64418
64433
64445
64454
64476
64479
64484
64488
64494
64511
64537
64576
64586
64592
64601
64639
64642
64647
64661
64686
64732
64813
64823
64845
64912
64952
64974
65001
65006
65009
65014
65033
65034
65051
65090
65102
65166
65176
65219
65221
65239
65314
65440
65468
65472
65477
65481
65511
65523
65561
65563
65571
65593
65632
65675
65710
65717
65844
65870
65931
65943
65989
66020
66034
66052
66072
66074
66108
66239
66272
66285
66317
66325
66353
66360
66380
66417
66432
66453
66478
66480
66510
66518
66532
66615
66621
66649
66654
66682
66687
66708
66711
66738
66743
66824
66861
66971
66989
67029
67069
67109
67110
67149
67157
67158
67164
67188
67213
67217
67231
67233
67237
67285
67308
67332
67385
67387
67437
67447
67472
67475
67554
67572
67576
67581
67598
67620
67666
67708
67718
67729
67779
67810
67816
67823
67838
67846
67871
67875
67921
67939
67941
67971
68029
68043
68048
68060
68119
68138
68179
68221
68289
68301
68349
68380
68392
68454
68497
68532
68621
68632
68660
68680
68700
68703
68714
68719
68736
68780
68787
68791
68813
68815
68827
68876
68877
68890
68917
69028
69050
69119
69167
69217
69236
69244
69269
69288
69379
69416
69418
69435
69480
69520
69587
69641
69652
69660
69663
69670
69680
69686
69696
69746
69757
69762
69799
69816
69862
69868
69943
69959
69971
69995
70003
70018
70042
70076
70104
70114
70149
70153
70161
70169
70171
70175
70188
70192
70239
70307
70354
70432
70496
70517
70572
70600
70604
70609
70666
70697
70701
70755
70768
70792
70881
70884
70887
70927
70945
70964
70990
70992
70994
71015
71050
71055
71073
71085
71213
71219
71278
71280
71313
71382
71409
71418
71511
71532
71538
71548
71563
71585
71638
71667
71684
71725
71763
71788
71806
71830
71852
71862
71886
71891
71900
71902
71904
71911
71920
71927
71940
71944
71951
71967
72097
72125
72137
72268
72282
72293
72295
72299
72334
72341
72458
72467
72521
72540
72602
72609
72665
72667
72748
72770
72784
72835
72879
72912
72925
72945
72946
72954
72985
73007
73021
73037
73059
73060
73093
73115
73116
73122
73145
73161
73163
73172
73182
73214
73219
73229
73237
73250
73284
73289
73300
73314
73326
73344
73355
73407
73413
73417
73428
73485
73530
73552
73610
73618
73638
73707
73724
73763
73777
73816
73826
73854
73857
73890
73893
73899
73914
74002
74012
74015
74105
74121
74122
74124
74135
74171
74281
74317
74388
74428
74431
74444
74475
74498
74568
74591
74596
74597
74653
74672
74677
74690
74700
74703
74716
74750
74780
74788
74810
74887
74892
74909
75033
75150
75164
75178
75180
75182
75200
75214
75218
75219
75267
75294
75297
75308
75309
75337
75355
75369
75384
75421
75429
75456
75485
75510
75518
75523
75552
75555
75564
75571
75637
75638
75673
75740
75820
75935
75972
75989
76078
76096
76160
76182
76195
76302
76388
76404
76486
76500
76665
76689
76691
76707
76727
76822
76826
76828
76833
76846
76889
76922
76988
77000
77030
77031
77033
77065
77072
77099
77108
77109
77110
77118
77186
77187
77188
77192
77197
77269
77280
77345
77377
77382
77423
77430
77431
77443
77486
77502
77558
77586
77591
77614
77675
77679
77703
77717
77730
77742
77785
77786
77802
77849
77883
77888
77917
77953
77958
78013
78016
78058
78063
78088
78120
78123
78136
78145
78164
78227
78256
78266
78268
78270
78326
78352
78378
78415
78445
78456
78503
78515
78534
78538
78548
78552
78568
78605
78617
78651
78653
78662
78704
78719
78730
78744
78792
78805
78835
78838
78859
78896
78951
79012
79041
79052
79055
79060
79080
79087
79107
79144
79159
79194
79204
79240
79279
79289
79309
79390
79391
79418
79420
79448
79457
79483
79501
79537
79578
79612
79614
79631
79644
79728
79748
79751
79759
79824
79832
79836
79845
79894
79939
79995
80023
80025
80095
80120
80138
80187
80190
80219
80236
80244
80252
80264
80267
80297
80304
80328
80402
80434
80443
80447
80451
80463
80464
80565
80574
80596
80605
80694
80744
80762
80768
80782
80798
80855
80896
80942
80955
80959
80965
80966
81006
81030
81044
81081
81088
81125
81139
81158
81161
81162
81181
81183
81186
81194
81259
81289
81300
81304
81343
81437
81444
81458
81482
81490
81504
81543
81632
81672
81686
81713
81734
81788
81802
81813
81847
81910
81915
82033
82076
82077
82096
82133
82215
82258
82259
82318
82325
82335
82400
82444
82472
82499
82505
82552
82633
82649
82659
82692
82705
82743
82831
82918
82948
82993
83149
83152
83163
83234
83279
83294
83301
83311
83316
83333
83336
83343
83345
83492
83577
83578
83589
83590
83614
83627
83631
83643
83673
83692
83711
83734
83766
83782
83785
83811
83850
83864
83893
83947
83961
83973
83978
84081
84211
84218
84223
84233
84290
84323
84380
84434
84476
84501
84510
84587
84640
84642
84705
84740
84759
84795
84826
84828
84846
84863
84865
84869
84886
84901
84994
85005
85006
85087
85092
85129
85140
85146
85152
85168
85196
85199
85201
85212
85241
85289
85303
85352
85355
85361
85434
85451
85455
85459
85462
85485
85491
85495
85523
85528
85565
85586
85604
85605
85611
85614
85664
85804
85830
85848
85866
85959
85963
85972
86031
86051
86125
86131
86144
86180
86220
86232
86250
86278
86286
86289
86337
86348
86350
86380
86423
86503
86514
86530
86559
86573
86654
86692
86697
86701
86764
86845
86860
86864
86932
86937
86942
86949
87012
87023
87037
87067
87072
87078
87083
87096
87124
87164
87176
87177
87195
87405
87407
87436
87478
87604
87622
87671
87730
87755
87758
87785
87795
87828
87829
87847
87902
87905
87928
87935
87949
87990
88001
88010
88012
88026
88033
88056
88088
88160
88162
88182
88224
88228
88239
88260
88275
88298
88303
88344
88389
88446
88473
88506
88515
88555
88559
88576
88723
88736
88739
88776
88822
88843
88856
88879
88884
88885
88886
88947
88954
89003
89004
89013
89033
89034
89058
89065
89098
89105
89135
89202
89246
89255
89275
89297
89302
89323
89340
89409
89427
89435
89442
89457
89585
89640
89662
89669
89686
89703
89719
89720
89741
89746
89760
89906
89918
89933
89980
90039
90059
90077
90081
90097
90104
90119
90143
90173
90227
90247
90253
90261
90309
90314
90340
90472
90499
90532
90549
90579
90623
90635
90704
90737
90761
90822
90842
90886
90908
90912
90916
90940
90957
90984
91035
91121
91202
91213
91221
91272
91289
91290
91323
91356
91369
91375
91382
91421
91444
91445
91481
91507
91557
91565
91570
91606
91771
91790
91872
91875
91880
91979
91981
92021
92070
92097
92182
92220
92234
92244
92280
92308
92314
92327
92353
92354
92381
92392
92473
92484
92499
92501
92521
92589
92590
92602
92632
92649
92655
92691
92709
92713
92721
92730
92784
92815
92818
92841
92973
93016
93108
93132
93168
93169
93195
93214
93221
93222
93225
93227
93234
93244
93260
93280
93313
93323
93325
93349
93350
93377
93412
93438
93459
93460
93489
93512
93540
93560
93612
93680
93704
93707
93731
93764
93811
93817
93861
93872
93882
93895
93896
93930
93958
93978
93996
94036
94073
94131
94140
94161
94170
94190
94192
94212
94214
94236
94251
94254
94273
94293
94311
94338
94354
94411
94415
94424
94536
94544
94570
94591
94593
94597
94659
94692
94703
94725
94748
94751
94770
94780
94823
94862
94878
94885
94894
94909
95006
95037
95049
95056
95058
95060
95103
95128
95138
95164
95211
95276
95321
95361
95370
95393
95407
95442
95444
95484
95549
95557
95610
95622
95656
95694
95708
95717
95722
95741
95773
95811
95812
95880
95962
96248
96255
96256
96259
96315
96337
96353
96371
96379
96407
96461
96517
96530
96539
96556
96560
96563
96612
96634
96662
96680
96685
96687
96732
96768
96807
96823
96865
96908
96932
97004
97050
97062
97068
97075
97093
97098
97137
97161
97182
97205
97207
97209
97233
97265
97270
97365
97434
97482
97578
97599
97611
97622
97629
97647
97672
97700
97708
97774
97844
97854
97926
97938
97995
97996
98024
98036
98078
98094
98105
98146
98147
98174
98188
98191
98220
98227
98260
98291
98359
98368
98369
98375
98429
98442
98443
98500
98501
98507
98528
98578
98628
98666
98674
98732
98734
98784
98833
98848
98889
98920
98942
98960
98961
99052
99063
99113
99129
99131
99136
99210
99222
99224
99234
99274
99308
99315
99330
99346
99353
99369
99455
99484
99493
99515
99516
99532
99552
99635
99646
99681
99683
99708
99711
99741
99784
99787
99794
99836
99844
99848
99886
99985
100007
100067
100073
100076
100119
100125
100171
100184
100191
100233
100234
100237
100259
100261
100288
100318
100322
100381
100429
100499
100525
100544
100579
100605
100620
100658
100668
100721
100739
100769
100780
100852
100861
100914
100926
100938
100987
100999
101009
101018
101071
101098
101109
101113
101147
101192
101215
101269
101281
101285
101291
101324
101334
101344
101385
101388
101446
101455
101473
101474
101486
101519
101554
101571
101585
101594
101605
101618
101665
101685
101720
101753
101789
101823
101826
101828
101849
101883
101898
101900
101915
101920
101947
101981
101992
102036
102038
102062
102084
102134
102136
102189
102253
102297
102302
102316
102371
102418
102445
102461
102463
102480
102522
102526
102536
102550
102604
102633
102665
102672
102680
102688
102691
102728
102792
102861
102866
102873
102894
102901
102927
102949
102965
102980
102988
103033
103081
103096
103108
103122
103173
103189
103214
103222
103260
103262
103282
103362
103372
103404
103407
103435
103448
103470
103517
103549
103571
103588
103624
103650
103653
103673
103680
103688
103773
103795
103867
103871
103881
103888
103898
104041
104043
104059
104070
104118
104142
104154
104157
104163
104210
104232
104246
104260
104290
104293
104307
104318
104350
104373
104463
104465
104483
104496
104497
104507
104510
104523
104529
104559
104595
104674
104690
104710
104763
104801
104807
104865
104876
104924
104979
105040
105064
105080
105088
105117
105163
105176
105286
105316
105321
105345
105354
105361
105394
105404
105448
105524
105545
105597
105608
105616
105623
105671
105710
105714
105758
105785
105843
105882
105964
105966
105968
105999
106046
106063
106082
106087
106241
106250
106286
106300
106335
106361
106375
106378
106386
106426
106453
106503
106519
106526
106622
106628
106753
106776
106777
106802
106896
106900
106913
106955
106958
106965
107012
107047
107121
107137
107149
107152
107206
107234
107238
107250
107266
107269
107318
107332
107342
107361
107368
107379
107401
107414
107428
107434
107485
107556
107559
107567
107579
107583
107588
107651
107699
107765
107830
107833
107863
107869
107875
107876
107946
107979
108083
108096
108100
108110
108220
108302
108383
108481
108570
108637
108655
108657
108663
108664
108678
108694
108736
108740
108749
108860
108887
108888
108905
108961
108977
109004
109027
109048
109070
109094
109129
109141
109307
109333
109342
109369
109392
109399
109413
109441
109442
109471
109476
109481
109482
109485
109531
109563
109566
109630
109639
109640
109742
109750
109773
109818
109831
109866
109902
109919
109936
109981
109986
109999
110008
110015
110033
110055
110077
110112
110132
110221
110330
110331
110349
110358
110387
110395
110408
110444
110470
110473
110476
110477
110526
110589
110608
110611
110718
110755
110759
110768
110784
110851
110923
110939
110943
111005
111018
111047
111093
111148
111159
111168
111172
111173
111190
111211
111271
111280
111300
111314
111363
111410
111412
111437
111457
111459
111478
111515
111520
111528
111530
111537
111563
111567
111578
111586
111615
111654
111657
111665
111676
111697
111764
111852
111862
111880
111904
111910
111948
111953
111978
111980
111995
111996
112066
112077
112078
112086
112162
112167
112198
112213
112215
112279
112335
112348
112371
112374
112378
112417
112426
112468
112469
112534
112662
112687
112724
112728
112739
112748
112755
112770
112805
112815
112830
112841
112842
112850
112899
112913
113042
113046
113055
113079
113196
113245
113265
113284
113297
113315
113336
113345
113402
113427
113498
113507
113510
113520
113545
113549
113569
113611
113617
113718
113720
113728
113730
113751
113778
113813
113896
113928
113934
113950
113970
113999
114006
114083
114086
114150
114198
114199
114202
114213
114243
114334
114344
114392
114472
114475
114484
114494
114498
114504
114542
114566
114591
114611
114628
114639
114655
114683
114723
114760
114827
114905
114910
114934
114980
114983
114986
115229
115262
115312
115314
115326
115380
115388
115389
115443
115534
115540
115620
115622
115629
115691
115801
115804
115853
115899
115917
115944
115953
115954
115985
116015
116065
116067
116086
116161
116166
116175
116187
116202
116206
116226
116234
116235
116239
116261
116281
116291
116319
116328
116329
116333
116358
116433
116459
116464
116468
116484
116527
116634
116647
116692
116695
116754
116777
116793
116847
116885
116899
116913
116951
116975
117039
117040
117043
117090
117134
117218
117237
117246
117293
117343
117353
117373
117398
117404
117407
117417
117444
117449
117457
117474
117491
117501
117529
117534
117560
117579
117588
117609
117645
117663
117664
117683
117693
117711
117780
117823
117900
117912
117918
117941
117976
117981
118005
118046
118057
118059
118075
118077
118083
118089
118097
118154
118200
118203
118240
118257
118289
118367
118388
118404
118412
118478
118522
118551
118738
118752
118764
118783
118803
118829
118830
118856
118864
118869
118908
118938
118944
119032
119063
119068
119108
119150
119165
119179
119181
119219
119220
119223
119262
119284
119290
119402
119405
119444
119460
119482
119504
119514
119546
119596
119628
119658
119748
119782
119794
119810
119811
119836
119846
119865
119906
119950
119974
119997
120052
120191
120236
120319
120369
120373
120374
120375
120415
120443
120490
120523
120545
120559
120577
120582
120591
120656
120793
120845
120855
120928
120949
120952
120958
120961
120982
120998
120999
121027
121058
121087
121093
121100
121122
121198
121200
121259
121302
121331
121333
121368
121423
121434
121441
121540
121564
121617
121619
121658
121675
121802
121810
121814
121877
121882
121900
121944
121960
121970
122018
122036
122038
122124
122186
122190
122195
122228
122282
122284
122333
122358
122360
122394
122399
122447
122459
122460
122590
122612
122651
122674
122676
122694
122724
122752
122762
122773
122848
122893
122895
122932
122973
122976
122999
123017
123040
123075
123088
123109
123137
123178
123204
123230
123232
123259
123273
123308
123316
123348
123386
123424
123455
123661
123665
123677
123681
123697
123734
123764
123772
123774
123790
123792
123801
123845
123846
123861
123867
123876
123881
123918
123932
124022
124081
124154
124173
124204
124233
124241
124254
124256
124261
124265
124297
124325
124330
124346
124414
124450
124515
124533
124551
124580
124652
124673
124752
124792
124849
124853
124903
124909
124917
124951
124958
124965
124980
125073
125087
125094
125106
125109
125151
125160
125165
125178
125237
125299
125315
125318
125397
125402
125403
125406
125439
125505
125531
125554
125583
125672
125691
125709
125715
125719
125739
125767
125808
125878
125928
125944
125950
125970
125975
125999
126074
126100
126120
126139
126168
126171
126178
126185
126213
126214
126216
126246
126249
126255
126256
126264
126271
126280
126282
126325
126326
126331
126368
126400
126449
126488
126511
126532
126611
126621
126623
126636
126649
126650
126671
126693
126722
126723
126737
126742
126761
126781
126790
126798
126819
126867
126872
126873
126899
126906
126917
126920
126922
126935
126981
126992
127010
127015
127038
127094
127120
127169
127172
127176
127235
127241
127250
127253
127255
127282
127285
127296
127332
127338
127352
127353
127370
127379
127396
127407
127427
127469
127471
127472
127474
127480
127577
127590
127593
127613
127637
127638
127650
127788
127800
127829
127841
127874
127959
127967
127994
128011
128015
128032
128035
128107
128124
128150
128201
128203
128225
128270
128437
128460
128466
128483
128486
128534
128545
128561
128563
128591
128601
128620
128646
128690
128700
128817
128837
128945
128966
128980
129013
129027
129039
129043
129047
129106
129107
129111
129164
129214
129220
129261
129346
129369
129387
129390
129391
129397
129424
129425
129445
129535
129566
129569
129625
129629
129673
129712
129731
129787
129809
129821
129834
129838
129843
129885
129910
129990
130042
130055
130106
130129
130139
130148
130224
130260
130286
130296
130316
130367
130377
130385
130415
130418
130471
130562
130575
130595
130599
130605
130608
130616
130638
130643
130655
130673
130755
130787
130793
130858
130888
130934
131019
131021
131095
131122
131132
131158
131161
131169
131188
131193
131211
131218
131347
131365
131397
131457
131467
131540
131594
131612
131631
131637
131646
131659
131693
131741
131820
131822
131859
131864
131902
131906
131908
131914
131920
131967
131985
132005
132027
132036
132088
132114
132115
132204
132209
132215
132295
132386
132396
132403
132509
132536
132550
132593
132694
132712
132726
132783
132790
132813
132854
132896
132939
132989
133000
133044
133105
133139
133158
133191
133193
133204
133208
133246
133256
133274
133288
133320
133352
133361
133383
133419
133422
133453
133466
133467
133476
133511
133531
133534
133555
133560
133561
133616
133618
133619
133632
133645
133792
133793
133801
133803
133812
133867
133873
133935
133965
133966
133973
134077
134101
134110
134119
134122
134125
134233
134283
134298
134319
134341
134345
134353
134397
134407
134464
134490
134493
134575
134581
134636
134686
134699
134727
134758
134792
134798
134841
134858
134894
134899
134968
134982
134989
134999
135005
135013
135017
135028
135053
135076
135147
135268
135413
135421
135433
135459
135482
135491
135507
135516
135566
135585
135588
135663
135671
135768
135808
135809
135862
135885
135890
135918
135930
135985
136009
136029
136032
136087
136126
136127
136141
136143
136166
136196
136222
136228
136271
136295
136296
136305
136328
136351
136389
136444
136462
136473
136499
136545
136558
136569
136603
136609
136660
136667
136696
136744
136783
136791
136799
136816
136824
136840
136889
136925
136946
136950
137024
137052
137071
137086
137091
137137
137154
137156
137168
137171
137177
137258
137269
137275
137299
137304
137306
137316
137346
137363
137371
137375
137381
137387
137401
137433
137436
137486
137499
137543
137551
137553
137563
137574
137582
137620
137623
137630
137641
137647
137692
137730
137731
137736
137764
137807
137879
137889
137928
138027
138046
138048
138065
138129
138139
138145
138162
138164
138188
138191
138193
138200
138233
138323
138378
138386
138434
138441
138453
138456
138515
138533
138555
138561
138614
138618
138634
138637
138724
138743
138747
138777
138790
138806
138835
138854
138869
138895
138906
138940
139004
139061
139106
139135
139140
139164
139171
139184
139211
139307
139343
139394
139406
139439
139470
139481
139487
139507
139514
139515
139520
139553
139564
139691
139726
139768
139777
139782
139815
139838
140008
140016
140094
140100
140141
140158
140161
140175
140212
140232
140235
140253
140256
140299
140325
140354
140384
140463
140484
140502
140503
140538
140575
140595
140620
140638
140672
140715
140722
140737
140781
140788
140804
140810
140843
140849
140866
140876
140900
140908
141061
141077
141086
141100
141163
141179
141235
141236
141241
141267
141354
141410
141437
141444
141478
141482
141562
141571
141576
141578
141579
141601
141627
141676
141704
141719
141741
141748
141871
141889
141895
141897
141927
141957
141968
141971
141991
142058
142068
142070
142082
142112
142253
142278
142291
142322
142325
142358
142378
142404
142415
142476
142510
142547
142596
142621
142644
142666
142674
142679
142682
142688
142738
142802
142804
142809
142817
142827
142846
142853
142886
142917
142918
142937
142992
143005
143014
143089
143100
143143
143147
143187
143215
143253
143265
143305
143312
143375
143390
143400
143402
143428
143436
143437
143441
143443
143504
143539
143578
143593
143596
143653
143690
143714
143781
143789
143803
143965
143969
143972
143980
144001
144034
144041
144044
144050
144073
144074
144081
144094
144123
144124
144141
144173
144193
144196
144300
144310
144316
144325
144388
144442
144448
144488
144509
144530
144562
144578
144614
144616
144651
144667
144692
144706
144722
144724
144727
144783
144801
144861
144870
144883
144888
144894
144914
144930
144953
144960
144994
145032
145123
145179
145180
145198
145202
145228
145258
145266
145368
145425
145429
145447
145519
145558
145615
145670
145678
145703
145712
145715
145736
145739
145756
145760
145769
145815
145816
145849
145852
145923
145928
145947
145970
145987
145998
146005
146021
146066
146084
146120
146131
146134
146174
146185
146195
146207
146208
146210
146224
146228
146281
146316
146330
146368
146393
146405
146432
146437
146458
146530
146546
146554
146558
146571
146584
146586
146655
146666
146680
146762
146771
146829
146846
146868
146892
146894
146900
146905
146913
146931
146937
146958
147015
147028
147061
147072
147087
147091
147094
147111
147157
147177
147190
147221
147261
147282
147312
147315
147415
147492
147498
147570
147571
147592
147601
147616
147633
147656
147673
147695
147721
147726
147742
147757
147787
147794
147813
147814
147819
147845
147948
147956
147969
148004
148022
148052
148103
148116
148121
148142
148196
148225
148226
148265
148272
148275
148277
148380
148389
148393
148425
148433
148445
148477
148502
148558
148560
148587
148601
148606
148609
148628
148663
148670
148714
148753
148815
148819
148826
148860
148879
148886
148932
148976
148995
149011
149022
149025
149066
149113
149117
149129
149136
149137
149219
149222
149249
149257
149290
149312
149319
149337
149342
149386
149394
149427
149448
149468
149472
149535
149536
149570
149627
149636
149750
149834
149843
149870
149880
149913
149917
149921
149927
149930
149940
149962
150010
150075
150092
150103
150129
150138
150172
150178
150211
150325
150328
150363
150369
150420
150444
150537
150557
150581
150620
150622
150628
150648
150683
150744
150830
150838
150843
150861
150890
150899
150939
150954
150991
151010
151045
151051
151088
151116
151122
151123
151142
151176
151192
151200
151235
151242
151272
151276
151279
151297
151299
151307
151314
151324
151326
151341
151346
151352
151371
151387
151394
151396
151399
151406
151447
151451
151465
151467
151500
151515
151565
151590
151593
151596
151600
151605
151624
151661
151691
151695
151702
151709
151716
151721
151824
151844
151915
151946
152005
152025
152071
152074
152105
152121
152139
152143
152163
152242
152273
152306
152319
152410
152415
152417
152421
152435
152492
152517
152561
152565
152572
152574
152584
152594
152645
152654
152680
152722
152740
152741
152742
152750
152775
152825
152828
152907
152916
152920
152974
152980
152989
152992
153034
153054
153064
153073
153083
153157
153174
153175
153217
153234
153247
153261
153264
153293
153303
153376
153495
153565
153595
153608
153636
153692
153698
153699
153730
153735
153748
153795
153819
153846
153875
153894
153915
153958
153986
154083
154101
154173
154265
154344
154371
154373
154378
154418
154453
154520
154528
154543
154547
154554
154613
154621
154627
154659
154679
154690
154713
154729
154733
154796
154803
154807
154873
154916
154940
154943
155034
155053
155056
155057
155077
155078
155116
155156
155166
155238
155284
155335
155349
155389
155430
155437
155463
155471
155504
155524
155537
155577
155602
155623
155644
155680
155694
155747
155766
155836
155864
155876
155898
155948
155949
155973
156014
156069
156070
156071
156075
156117
156128
156143
156159
156165
156234
156286
156312
156382
156395
156403
156417
156423
156432
156436
156471
156500
156503
156513
156641
156689
156732
156741
156762
156763
156802
156846
156860
156874
156876
156921
156970
156997
157063
157069
157076
157095
157127
157163
157184
157203
157220
157262
157264
157301
157303
157339
157340
157390
157402
157464
157472
157533
157546
157559
157563
157572
157635
157679
157692
157693
157698
157719
157724
157727
157733
157764
157783
157830
157842
157861
157863
157935
157946
157947
158003
158017
158023
158030
158035
158053
158091
158092
158104
158113
158119
158130
158144
158150
158154
158156
158158
158231
158240
158255
158256
158257
158269
158281
158286
158333
158382
158398
158401
158428
158556
158639
158674
158675
158696
158717
158719
158739
158788
158800
158826
158828
158876
158893
158916
158921
158928
159014
159025
159035
159047
159075
159123
159129
159136
159148
159195
159222
159240
159281
159290
159291
159330
159334
159336
159342
159347
159349
159378
159418
159419
159422
159456
159511
159559
159646
159726
159728
159760
159774
159781
159802
159804
159814
159832
159834
159874
159886
159954
160003
160044
160143
160192
160215
160274
160291
160295
160306
160318
160418
160501
160505
160537
160546
160577
160611
160614
160625
160628
160686
160696
160734
160762
160800
160828
160830
160836
160906
160913
160937
160940
160943
160963
161004
161007
161009
161019
161021
161054
161055
161103
161119
161132
161168
161178
161213
161218
161277
161306
161321
161359
161406
161422
161438
161462
161465
161469
161472
161491
161505
161516
161529
161563
161566
161573
161608
161622
161664
161703
161732
161741
161807
161861
161892
161902
161912
161915
161957
161978
161985
161993
162014
162027
162061
162089
162098
162104
162132
162144
162159
162242
162306
162311
162314
162362
162379
162385
162426
162457
162465
162498
162505
162519
162523
162603
162622
162629
162668
162706
162742
162747
162763
162792
162809
162828
162850
162873
162893
162919
162952
162979
162983
163010
163053
163059
163125
163129
163145
163169
163222
163231
163261
163284
163310
163322
163325
163332
163360
163397
163408
163507
163521
163531
163546
163569
163643
163651
163653
163742
163758
163845
163886
163898
163912
163921
163926
163937
163953
163959
163973
164008
164017
164077
164115
164124
164132
164136
164140
164143
164148
164162
164168
164188
164199
164214
164314
164358
164388
164418
164419
164421
164443
164465
164475
164509
164539
164553
164566
164567
164571
164660
164661
164672
164675
164690
164705
164711
164720
164733
164736
164761
164807
164874
164912
164952
164964
164996
165018
165079
165125
165137
165151
165207
165230
165240
165257
165264
165280
165309
165344
165386
165389
165417
165422
165435
165440
165441
165490
165502
165515
165520
165527
165563
165569
165570
165601
165609
165620
165701
165702
165740
165826
165860
165866
165929
165934
165943
165946
165974
165984
166001
166006
166017
166025
166087
166102
166113
166118
166150
166182
166187
166210
166262
166272
166273
166274
166283
166338
166392
166394
166397
166421
166423
166430
166433
166437
166483
166497
166530
166543
166559
166569
166571
166604
166613
166644
166678
166694
166697
166724
166739
166740
166748
166765
166789
166801
166841
166867
166880
166945
166949
166983
167015
167094
167095
167106
167138
167226
167227
167245
167281
167326
167353
167470
167525
167542
167580
167585
167588
167597
167615
167620
167622
167637
167648
167650
167691
167694
167742
167762
167795
167804
167811
167857
167872
167873
167918
167944
167957
167972
167976
168002
168020
168029
168043
168109
168219
168237
168279
168285
168293
168296
168315
168323
168342
168353
168366
168400
168488
168533
168574
168621
168639
168669
168672
168742
168746
168811
168819
168827
168851
168872
168873
168895
168940
168963
169041
169063
169068
169073
169118
169145
169191
169238
169246
169261
169288
169311
169320
169336
169349
169376
169392
169399
169403
169430
169436
169438
169463
169464
169472
169506
169515
169525
169571
169580
169583
169584
169613
169614
169615
169619
169620
169696
169713
169754
169812
169815
169822
169829
169864
169867
169868
169873
169890
169902
170007
170015
170038
170060
170086
170129
170133
170173
170178
170232
170259
170267
170297
170320
170339
170403
170411
170413
170426
170479
170493
170501
170549
170557
170572
170586
170640
170695
170709
170737
170744
170757
170779
170803
170836
170966
171015
171021
171023
171072
171105
171117
171182
171184
171203
171248
171267
171288
171300
171307
171314
171320
171342
171360
171364
171369
171374
171380
171400
171419
171431
171465
171514
171516
171575
171588
171620
171665
171669
171709
171711
171739
171740
171790
171830
171842
171864
171876
171879
171880
171919
171920
171946
171959
172002
172007
172047
172128
172168
172189
172196
172204
172206
172208
172269
172293
172294
172340
172385
172491
172493
172505
172568
172585
172607
172615
172625
172626
172677
172720
172723
172742
172757
172777
172796
172824
172863
172878
172915
172932
172968
173010
173041
173072
173108
173142
173164
173165
173166
173168
173187
173232
173256
173313
173318
173339
173358
173359
173361
173417
173427
173472
173481
173516
173529
173534
173584
173591
173638
173654
173665
173683
173691
173791
173792
173802
173812
173826
173847
173851
173858
173885
173897
173910
173971
173997
174058
174070
174071
174082
174103
174116
174129
174138
174150
174193
174213
174310
174327
174351
174362
174367
174396
174443
174445
174454
174459
174465
174474
174485
174524
174551
174579
174586
174590
174596
174650
174674
174684
174691
174718
174731
174791
174807
174844
174868
174877
174912
174921
174924
174951
174974
174982
174983
174997
175009
175033
175058
175062
175071
175094
175142
175143
175184
175200
175222
175284
175287
175296
175374
175401
175414
175478
175488
175533
175645
175651
175679
175693
175712
175713
175731
175740
175789
175883
175899
175900
175917
175927
175938
175967
175975
176002
176004
176020
176030
176052
176058
176090
176147
176245
176256
176260
176270
176364
176383
176439
176548
176560
176569
176584
176607
176633
176678
176719
176722
176730
176746
176768
176771
176818
176826
176876
176882
176886
176916
176933
176944
176984
177002
177004
177060
177077
177104
177128
177133
177154
177183
177209
177215
177260
177308
177310
177324
177356
177368
177381
177492
177524
177555
177560
177563
177579
177603
177621
177635
177649
177650
177660
177664
177666
177701
177732
177735
177740
177741
177795
177892
177893
177904
177935
177937
177979
178022
178153
178171
178222
178228
178241
178288
178293
178339
178383
178393
178416
178460
178471
178483
178486
178517
178522
178533
178549
178551
178618
178643
178649
178659
178675
178722
178726
178739
178746
178839
178868
178888
178895
178897
178915
178925
178950
178971
178994
179072
179165
179183
179195
179198
179212
179213
179223
179224
179228
179229
179242
179256
179415
179418
179469
179505
179514
179533
179534
179537
179557
179564
179647
179662
179683
179686
179705
179726
179749
179754
179759
179768
179772
179823
179839
179849
179890
179899
179923
179941
179964
179977
180031
180054
180068
180088
180143
180194
180252
180309
180365
180441
180443
180467
180472
180518
180533
180538
180549
180550
180578
180601
180603
180641
180700
180718
180725
180758
180788
180790
180814
180817
180856
180857
180883
180885
180896
180917
180952
180958
181015
181050
181160
181186
181223
181310
181325
181346
181361
181380
181394
181402
181448
181481
181537
181542
181573
181602
181626
181637
181658
181687
181719
181747
181787
181798
181799
181819
181893
181905
181916
181930
181949
182002
182013
182035
182048
182053
182114
182126
182146
182167
182181
182196
182209
182265
182276
182300
182303
182324
182331
182383
182428
182461
182488
182494
182507
182512
182518
182530
182556
182594
182595
182628
182641
182654
182676
182683
182789
182793
182820
182834
182912
182914
182983
182994
183003
183013
183014
183029
183076
183108
183133
183173
183249
183278
183286
183312
183314
183315
183339
183369
183383
183423
183428
183476
183489
183503
183516
183522
183566
183579
183587
183628
183629
183631
183720
183722
183806
183837
183851
183882
183944
183973
184010
184016
184033
184079
184110
184117
184132
184138
184141
184152
184169
184267
184270
184271
184302
184314
184333
184452
184472
184479
184495
184499
184513
184556
184584
184612
184645
184656
184686
184696
184726
184801
184807
184819
184850
184947
184963
184966
185031
185033
185053
185062
185071
185129
185150
185174
185180
185233
185246
185290
185310
185316
185332
185348
185365
185375
185395
185410
185444
185496
185511
185590
185691
185696
185717
185807
185810
185862
185866
185869
185870
185885
185894
185921
185923
185992
186032
186043
186047
186052
186054
186064
186102
186111
186161
186176
186177
186220
186260
186262
186274
186370
186407
186410
186412
186430
186515
186519
186591
186603
186604
186618
186679
186700
186734
186744
186822
186852
186887
186910
186932
186951
186953
186966
186993
187091
187143
187157
187198
187199
187222
187235
187246
187291
187299
187310
187360
187372
187423
187441
187445
187456
187457
187485
187491
187518
187546
187548
187558
187565
187566
187581
187589
187602
187625
187695
187716
187754
187763
187845
187893
187908
187969
187994
188006
188015
188026
188055
188073
188142
188152
188156
188160
188162
188165
188192
188209
188228
188275
188281
188340
188399
188402
188452
188479
188558
188608
188625
188648
188668
188747
188767
188781
188785
188790
188794
188800
188832
188855
188880
188982
188988
189056
189071
189144
189148
189154
189204
189221
189230
189282
189296
189304
189317
189332
189344
189361
189457
189463
189481
189569
189594
189600
189616
189623
189662
189671
189700
189701
189706
189718
189756
189760
189776
189795
189824
189849
189961
189995
189999
190042
190073
190078
190080
190082
190092
190140
190148
190149
190150
190189
190193
190206
190226
190250
190258
190295
190355
190434
190437
190441
190446
190472
190483
190513
190540
190548
190565
190590
190628
190667
190673
190692
190738
190756
190768
190825
190857
190898
190918
190936
191047
191053
191069
191074
191090
191125
191146
191151
191153
191166
191191
191211
191237
191243
191259
191271
191273
191292
191306
191362
191363
191377
191411
191470
191519
191537
191563
191622
191654
191687
191759
191792
191805
191841
191857
191887
191920
191928
191939
191946
191955
191977
191982
191986
191998
192005
192035
192056
192076
192131
192215
192229
192230
192256
192295
192373
192378
192380
192392
192431
192443
192452
192500
192536
192556
192623
192634
192662
192705
192732
192736
192745
192783
192801
192834
192835
192883
192939
192984
193085
193093
193108
193128
193161
193162
193196
193234
193324
193326
193333
193350
193355
193380
193382
193412
193414
193417
193423
193474
193498
193519
193558
193606
193634
193667
193668
193673
193681
193685
193738
193744
193767
193773
193777
193809
193860
193870
193888
193944
194017
194057
194063
194070
194102
194121
194125
194126
194129
194130
194184
194250
194252
194272
194275
194333
194349
194371
194379
194397
194404
194406
194429
194455
194458
194461
194462
194470
194514
194524
194538
194572
194585
194756
194849
194876
194978
195006
195035
195038
195064
195112
195138
195167
195168
195182
195189
195256
195288
195302
195303
195305
195317
195366
195380
195381
195391
195397
195404
195429
195459
195472
195565
195582
195608
195612
195626
195655
195674
195711
195768
195774
195793
195897
195931
195934
195940
196023
196040
196044
196060
196070
196074
196095
196112
196144
196155
196160
196177
196191
196192
196235
196238
196264
196269
196288
196296
196311
196325
196357
196366
196452
196463
196479
196492
196494
196517
196639
196660
196705
196706
196711
196764
196888
196904
196940
196970
196981
197014
197030
197037
197041
197055
197067
197107
197110
197130
197136
197143
197147
197196
197210
197226
197312
197337
197364
197368
197375
197377
197384
197394
197409
197514
197517
197518
197528
197529
197574
197581
197625
197628
197640
197677
197724
197752
197763
197797
197803
197815
197819
197862
197868
197882
197896
197898
197963
197995
198018
198043
198058
198062
198073
198119
198149
198150
198182
198215
198218
198219
198324
198339
198350
198372
198386
198437
198445
198466
198479
198488
198494
198514
198523
198541
198558
198638
198669
198692
198772
198776
198851
198854
198861
198900
198908
198919
198921
198984
199053
199055
199087
199155
199194
199214
199235
199254
199306
199311
199388
199393
199417
199444
199452
199501
199609
199616
199630
199642
199652
199653
199658
199672
199734
199735
199743
199784
199833
199837
199995
200030
200038
200064
200094
200107
200159
200199
200219
200273
200309
200345
200350
200393
200442
200444
200455
200485
200510
200516
200602
200627
200635
200643
200655
200666
200689
200781
200794
200799
200808
200863
200870
200875
200893
200923
200938
200950
200960
200961
200978
200989
201027
201038
201046
201070
201074
201148
201160
201214
201313
201348
201372
201426
201458
201475
201511
201539
201583
201592
201609
201622
201714
201752
201753
201775
201841
201853
201861
201862
201876
201922
201937
201955
201964
201976
201982
201994
202002
202031
202036
202050
202059
202062
202131
202142
202146
202154
202169
202200
202218
202220
202231
202263
202275
202358
202394
202410
202455
202462
202494
202512
202531
202547
202553
202588
202641
202658
202709
202710
202724
202731
202749
202759
202781
202791
202822
202836
202842
202894
202902
202935
202965
202970
202986
202989
203008
203016
203027
203028
203055
203084
203108
203151
203153
203165
203166
203235
203236
203259
203262
203266
203270
203271
203287
203314
203355
203395
203398
203407
203409
203415
203437
203456
203458
203469
203477
203511
203527
203589
203599
203603
203644
203717
203757
203768
203769
203791
203839
203849
203857
203895
203904
203986
204049
204086
204116
204134
204152
204244
204254
204260
204275
204281
204324
204331
204338
204351
204357
204399
204429
204449
204469
204473
204591
204626
204643
204722
204724
204748
204751
204796
204810
204842
204850
204889
204903
204919
204931
204935
204954
204983
205019
205066
205098
205109
205110
205111
205145
205147
205168
205187
205230
205250
205286
205300
205308
205322
205387
205397
205530
205543
205608
205632
205663
205689
205703
205749
205757
205760
205804
205844
205899
205932
205935
205943
205999
206005
206020
206067
206097
206098
206101
206103
206127
206157
206178
206239
206253
206262
206279
206289
206350
206381
206391
206443
206472
206492
206505
206578
206661
206668
206714
206807
206879
206884
206926
206966
206976
206986
207076
207094
207127
207179
207209
207213
207263
207279
207321
207333
207347
207410
207411
207431
207445
207456
207511
207519
207616
207648
207704
207745
207755
207792
207822
207829
207875
207877
207897
207945
207993
208005
208066
208080
208089
208195
208201
208256
208287
208336
208350
208351
208381
208387
208400
208416
208426
208440
208487
208577
208600
208604
208614
208615
208617
208619
208634
208692
208736
208738
208741
208744
208749
208819
208831
208870
208871
208888
208964
208999
209014
209049
209084
209121
209135
209139
209142
209146
209178
209184
209186
209188
209195
209198
209220
209280
209334
209351
209422
209430
209450
209509
209540
209544
209559
209578
209638
209669
209694
209713
209797
209808
209809
209877
209899
209916
209940
209942
210011
210065
210071
210073
210106
210134
210151
210157
210180
210183
210238
210273
210278
210350
210354
210420
210423
210437
210476
210516
210555
210589
210598
210605
210622
210650
210678
210715
210721
210754
210789
210797
210847
210876
210877
210884
210910
210911
210929
210940
210972
211012
211066
211096
211100
211105
211170
211184
211200
211215
211237
211240
211249
211272
211323
211324
211350
211366
211457
211473
211507
211526
211567
211611
211644
211705
211729
211745
211752
211753
211775
211786
211849
211863
211902
211970
211993
212035
212046
212047
212054
212057
212081
212092
212132
212168
212172
212195
212226
212267
212290
212317
212320
212323
212340
212357
212387
212389
212392
212443
212468
212480
212481
212537
212577
212595
212666
212715
212721
212742
212814
212847
212855
212862
212914
212987
213006
213017
213024
213043
213082
213097
213106
213108
213117
213120
213145
213162
213171
213196
213222
213237
213243
213296
213323
213388
213390
213426
213478
213613
213694
213728
213758
213772
213797
213799
213818
213839
213938
213998
214086
214140
214142
214203
214212
214233
214277
214301
214325
214433
214447
214451
214465
214567
214570
214603
214608
214620
214661
214664
214666
214739
214781
214795
214815
214856
214861
214912
214931
214948
214970
215005
215012
215086
215092
215170
215174
215178
215197
215233
215239
215289
215300
215318
215337
215383
215406
215411
215421
215481
215522
215542
215550
215590
215699
215721
215781
215804
215891
215907
215910
215951
215985
215998
216001
216046
216058
216093
216115
216138
216181
216218
216256
216307
216353
216387
216412
216438
216458
216477
216478
216490
216517
216523
216540
216555
216565
216572
216589
216605
216614
216696
216699
216700
216705
216717
216719
216802
216847
216849
216875
216902
216926
216928
216946
216958
216973
216976
217001
217019
217023
217036
217096
217100
217131
217177
217179
217211
217229
217236
217329
217336
217358
217382
217396
217402
217403
217423
217482
217494
217543
217579
217607
217628
217632
217647
217655
217683
217705
217720
217739
217785
217812
217823
217876
217935
217987
217992
217996
218004
218025
218069
218105
218112
218132
218197
218227
218233
218282
218349
218357
218361
218395
218402
218418
218419
218433
218462
218558
218672
218680
218696
218706
218734
218749
218752
218767
218793
218819
218830
218862
218903
218927
218937
218940
218949
218960
218984
218995
219006
219007
219018
219029
219040
219044
219075
219080
219104
219172
219211
219214
219217
219241
219245
219268
219270
219285
219294
219318
219327
219359
219373
219416
219427
219452
219470
219487
219488
219495
219517
219560
219572
219607
219617
219640
219677
219828
219830
219871
219879
219951
220046
220097
220104
220118
220174
220284
220406
220426
220427
220455
220479
220508
220532
220547
220575
220585
220586
220613
220621
220633
220648
220673
220678
220719
220749
220759
220791
220830
220847
220858
220877
220878
220883
220895
220921
220939
220948
220964
220969
220987
221019
221059
221076
221087
221092
221110
221134
221142
221161
221209
221216
221221
221309
221331
221333
221335
221340
221368
221384
221388
221397
221411
221425
221455
221488
221493
221506
221553
221570
221575
221579
221585
221612
221706
221737
221739
221752
221762
221766
221788
221853
221941
221956
221957
221959
221993
222005
222025
222030
222043
222078
222081
222109
222151
222160
222180
222189
222192
222229
222252
222273
222286
222288
222298
222338
222406
222435
222443
222446
222487
222496
222509
222518
222525
222625
222650
222703
222712
222732
222816
222842
222843
222853
222857
222894
222895
222896
222901
222911
222915
222956
222972
223007
223073
223106
223123
223141
223147
223192
223198
223235
223256
223285
223306
223316
223324
223351
223386
223433
223435
223504
223577
223625
223631
223675
223699
223754
223795
223797
223838
223843
223863
223874
223890
223903
223906
223929
223937
223955
223987
223990
224051
224070
224091
224116
224129
224185
224198
224253
224263
224281
224296
224302
224333
224382
224391
224403
224450
224496
224591
224628
224692
224706
224721
224728
224747
224752
224759
224826
224941
224985
225057
225060
225066
225108
225110
225178
225245
225278
225289
225329
225330
225362
225369
225375
225397
225403
225433
225436
225457
225527
225564
225565
225604
225626
225671
225759
225792
225795
225827
225914
225923
225930
225958
225978
226047
226065
226081
226153
226190
226221
226387
226417
226432
226476
226499
226521
226530
226564
226581
226616
226650
226655
226714
226716
226740
226767
226771
226851
226854
226878
226893
226913
226968
226996
227076
227082
227159
227177
227186
227192
227200
227251
227301
227316
227348
227360
227361
227378
227438
227457
227475
227496
227512
227517
227531
227535
227539
227682
227736
227747
227749
227785
227801
227813
227820
227832
227848
227858
227907
227923
227986
227994
228033
228036
228040
228132
228138
228206
228210
228219
228258
228261
228267
228295
228299
228304
228328
228351
228358
228416
228525
228560
228572
228619
228623
228626
228638
228651
228733
228741
228758
228827
228847
228865
228866
228883
228884
228903
228947
228972
229007
229017
229046
229075
229084
229108
229117
229148
229178
229236
229264
229269
229283
229308
229314
229323
229345
229379
229427
229435
229491
229560
229563
229571
229588
229590
229629
229656
229672
229687
229694
229706
229710
229723
229727
229734
229765
229796
229840
229847
229853
229904
229911
229916
229950
229956
229960
229988
230018
230044
230078
230101
230110
230124
230157
230177
230239
230253
230260
230279
230306
230320
230333
230342
230357
230377
230387
230400
230437
230441
230473
230508
230513
230527
230553
230615
230650
230666
230695
230781
230797
230805
230806
230808
230825
230835
230865
230877
230878
230910
230937
230984
231015
231068
231112
231125
231130
231178
231187
231193
231217
231227
231251
231255
231307
231328
231336
231342
231345
231346
231375
231432
231454
231470
231482
231508
231522
231536
231542
231612
231619
231655
231666
231678
231684
231716
231747
231752
231768
231787
231818
231830
231843
231862
231896
231906
231908
231924
231925
231930
232012
232027
232056
232147
232169
232185
232240
232251
232315
232333
232373
232384
232397
232435
232488
232500
232531
232554
232566
232642
232697
232716
232720
232753
232765
232805
232820
232846
232869
232912
232934
232941
232946
232952
232965
232984
233010
233015
233056
233095
233108
233114
233115
233221
233222
233254
233288
233319
233347
233351
233353
233384
233391
233414
233485
233486
233524
233588
233590
233609
233637
233672
233695
233724
233745
233763
233920
233922
233945
233955
233968
234001
234012
234015
234022
234028
234034
234096
234106
234115
234126
234128
234159
234184
234215
234217
234263
234272
234296
234323
234367
234401
234423
234493
234539
234609
234610
234688
234702
234734
234755
234769
234775
234792
234793
234984
235017
235043
235056
235213
235231
235298
235305
235320
235323
235341
235355
235369
235370
235391
235484
235511
235540
235545
235551
235567
235571
235577
235578
235602
235622
235639
235649
235696
235725
235751
235765
235768
235802
235836
235900
235921
235922
235957
235980
236016
236033
236040
236052
236065
236073
236084
236134
236169
236181
236193
236211
236212
236214
236222
236261
236262
236269
236279
236319
236331
236339
236360
236377
236407
236441
236460
236461
236468
236470
236540
236542
236553
236574
236577
236629
236652
236666
236737
236747
236749
236780
236783
236794
236796
236811
236819
236820
236823
236851
236870
236897
236906
236914
236940
236957
236998
237055
237064
237108
237160
237180
237181
237248
237257
237272
237279
237299
237324
237370
237384
237385
237389
237407
237437
237440
237462
237652
237655
237657
237662
237679
237688
237694
237802
237818
237827
237832
237842
237843
237854
237858
237953
237959
237971
237988
238022
238051
238095
238109
238127
238129
238145
238175
238209
238237
238305
238317
238320
238328
238330
238370
238379
238383
238388
238417
238431
238432
238454
238466
238565
238568
238599
238620
238637
238701
238712
238727
238741
238777
238803
238821
238832
238874
238921
238926
238951
238997
238998
239174
239208
239209
239218
239239
239245
239247
239253
239289
239339
239427
239477
239538
239542
239570
239582
239602
239635
239674
239681
239682
239693
239715
239734
239750
239751
239753
239755
239759
239760
239767
239788
239790
239805
239830
239836
239856
239866
239867
239910
239958
240063
240087
240146
240169
240176
240213
240249
240263
240284
240297
240322
240422
240423
240440
240479
240488
240495
240506
240521
240545
240555
240572
240592
240622
240653
240712
240745
240769
240809
240826
240837
240937
240946
240967
240976
240994
241037
241041
241050
241066
241080
241093
241098
241113
241122
241146
241153
241183
241213
241220
241264
241269
241321
241323
241326
241339
241357
241434
241489
241517
241519
241528
241533
241570
241594
241598
241640
241705
241711
241746
241748
241786
241794
241804
241940
241946
241952
241995
242013
242032
242035
242036
242047
242095
242120
242121
242146
242185
242198
242229
242242
242249
242270
242288
242383
242391
242420
242438
242510
242524
242549
242577
242597
242618
242637
242683
242698
242702
242739
242755
242784
242792
242837
242842
242884
242911
242931
242978
243017
243048
243058
243073
243106
243114
243127
243129
243133
243204
243218
243222
243231
243237
243240
243245
243253
243273
243279
243289
243310
243337
243390
243397
243430
243450
243461
243469
243505
243518
243525
243528
243567
243576
243631
243637
243687
243715
243756
243776
243842
243850
243888
243910
243924
243937
243964
243971
243984
243995
244014
244043
244064
244101
244111
244139
244147
244199
244229
244233
244244
244249
244260
244272
244273
244313
244427
244444
244445
244475
244512
244521
244553
244588
244602
244607
244658
244684
244784
244806
244814
244824
244842
244875
244889
244896
244915
244918
244950
244978
245006
245035
245045
245064
245078
245111
245115
245118
245125
245203
245223
245236
245249
245323
245324
245331
245344
245395
245401
245429
245447
245613
245625
245636
245714
245728
245743
245760
245785
245794
245839
245841
245845
245858
245894
245898
245921
245962
245972
246012
246079
246087
246122
246134
246152
246213
246241
246286
246298
246368
246369
246372
246401
246409
246411
246431
246474
246600
246601
246660
246682
246690
246727
246733
246812
246836
246871
246912
246946
246952
246960
246980
246981
247000
247001
247004
247021
247040
247141
247191
247201
247216
247218
247234
247254
247281
247314
247350
247357
247373
247386
247442
247483
247521
247531
247537
247550
247571
247599
247618
247664
247687
247717
247732
247769
247790
247791
247815
247845
247864
247876
247936
247939
247966
247990
248059
248103
248122
248239
248252
248317
248324
248330
248366
248390
248392
248404
248458
248481
248486
248493
248507
248556
248578
248588
248621
248640
248651
248693
248727
248733
248770
248779
248781
248795
248819
248868
248889
248895
248899
248915
248957
248975
249078
249123
249125
249167
249168
249272
249285
249293
249302
249306
249313
249332
249347
249382
249433
249455
249459
249472
249510
249529
249538
249550
249552
249583
249603
249622
249639
249672
249674
249707
249713
249726
249732
249734
249742
249774
249792
249798
249843
249851
249858
249895
249932
249953
249979
249981
250013
250046
250061
250062
250063
250080
250112
250136
250161
250198
250303
250313
250321
250346
250352
250402
250406
250472
250485
250510
250522
250549
250585
250612
250640
250662
250695
250720
250744
250762
250767
250772
250808
250810
250815
250847
250859
250878
250891
251097
251099
251102
251109
251111
251121
251153
251203
251228
251239
251262
251269
251279
251370
251380
251384
251446
251457
251465
251471
251484
251491
251513
251531
251555
251570
251593
251606
251637
251638
251646
251663
251680
251703
251803
251814
251828
251854
251879
251891
252007
252012
252023
252044
252050
252074
252081
252126
252130
252174
252180
252204
252206
252218
252254
252347
252351
252400
252429
252437
252443
252464
252476
252492
252512
252550
252573
252574
252642
252650
252692
252708
252748
252752
252835
252851
252861
252872
252879
252928
252950
252973
252984
253009
253020
253051
253122
253136
253150
253194
253215
253225
253285
253300
253313
253336
253344
253372
253384
253386
253388
253401
253417
253481
253534
253576
253594
253611
253620
253628
253639
253663
253716
253736
253757
253777
253794
253802
253832
253864
253865
253875
253903
254039
254048
254061
254070
254085
254094
254107
254127
254150
254165
254177
254184
254226
254230
254241
254253
254293
254312
254357
254434
254461
254483
254485
254529
254550
254558
254607
254619
254662
254700
254706
254732
254755
254765
254772
254787
254865
254887
254888
254889
254903
254941
254973
255003
255064
255088
255110
255129
255164
255176
255191
255194
255221
255265
255273
255314
255334
255335
255349
255352
255363
255366
255418
255433
255468
255508
255530
255542
255655
255724
255735
255776
255779
255791
255798
255820
255878
255894
255899
255917
255918
255926
255939
255956
256019
256023
256033
256052
256076
256118
256154
256186
256208
256225
256226
256237
256256
256258
256291
256315
256324
256328
256336
256362
256363
256365
256379
256458
256482
256491
256537
256543
256560
256643
256657
256671
256686
256717
256741
256755
256801
256839
256850
256859
256871
256909
256991
257003
257018
257072
257085
257092
257101
257141
257148
257168
257228
257259
257260
257297
257316
257359
257373
257377
257379
257421
257468
257479
257532
257533
257595
257603
257606
257647
257679
257689
257724
257732
257792
257852
257879
257881
257888
257950
257975
257980
258029
258049
258054
258073
258096
258100
258112
258150
258166
258173
258181
258218
258225
258255
258277
258305
258325
258335
258355
258359
258397
258408
258437
258452
258453
258504
258563
258628
258691
258711
258713
258719
258743
258746
258812
258836
258841
258871
258876
258888
258896
258926
258936
258948
259008
259100
259150
259166
259183
259193
259242
259244
259248
259297
259333
259390
259423
259429
259430
259451
259472
259581
259594
259611
259631
259658
259749
259756
259764
259775
259811
259823
259825
259833
259855
259889
259897
259917
259943
259968
259972
259975
260002
260018
260027
260034
260040
260070
260118
260136
260159
260203
260212
260257
260273
260274
260294
260322
260372
260377
260417
260419
260443
260449
260452
260476
260523
260555
260567
260589
260701
260741
260773
260802
260807
260846
260878
260879
260882
260889
260917
260938
260998
261002
261004
261019
261121
261149
261175
261274
261279
261300
261361
261388
261422
261424
261451
261480
261518
261527
261546
261601
261615
261679
261693
261697
261768
261788
261834
261843
261845
261856
261874
261885
261958
262006
262011
262019
262023
262026
262061
262232
262248
262265
262275
262293
262345
262359
262377
262385
262386
262408
262418
262506
262514
262557
262649
262664
262673
262674
262686
262695
262700
262718
262743
262744
262804
262823
262829
262853
262854
262857
262896
262933
262946
262975
262987
263000
263012
263033
263046
263054
263061
263080
263110
263123
263130
263133
263142
263178
263202
263213
263252
263259
263261
263283
263290
263307
263346
263360
263367
263390
263394
263397
263426
263496
263504
263517
263518
263531
263556
263597
263601
263622
263651
263666
263667
263688
263692
263786
263855
263866
263880
263899
263919
263943
263980
263989
263995
263997
264018
264067
264072
264137
264147
264160
264174
264204
264213
264221
264244
264255
264257
264262
264265
264270
264277
264287
264308
264312
264314
264335
264385
264390
264409
264411
264422
264425
264457
264476
264483
264520
264526
264555
264564
264613
264614
264616
264634
264648
264664
264762
264800
264823
264850
264857
264872
264895
264913
264938
264942
264944
264953
264956
264976
264992
265019
265029
265041
265055
265074
265076
265105
265264
265298
265305
265337
265341
265347
265358
265363
265364
265373
265402
265581
265584
265626
265650
265673
265708
265723
265779
265793
265810
265900
265903
265907
265917
265922
265952
265967
265969
265983
266021
266035
266038
266044
266083
266089
266095
266136
266141
266146
266156
266184
266231
266271
266302
266304
266438
266456
266459
266461
266499
266509
266517
266564
266583
266641
266669
266677
266680
266687
266720
266734
266741
266749
266767
266785
266806
266828
266862
266875
266896
266912
266939
266980
266984
267055
267090
267111
267144
267160
267232
267285
267294
267382
267385
267389
267403
267404
267406
267419
267457
267475
267498
267501
267510
267523
267594
267618
267708
267713
267749
267752
267772
267779
267788
267803
267817
267831
267843
267844
267852
267932
267936
267972
268016
268018
268136
268147
268151
268197
268238
268245
268257
268279
268302
268324
268338
268352
268389
268394
268424
268432
268441
268470
268476
268503
268518
268541
268548
268557
268628
268639
268689
268714
268740
268757
268770
268786
268835
268880
268891
268906
268932
268975
268999
269012
269048
269051
269108
269142
269145
269154
269168
269187
269192
269204
269276
269284
269285
269336
269393
269400
269409
269422
269460
269468
269527
269533
269534
269539
269561
269607
269627
269633
269661
269663
269665
269714
269750
269843
269872
269889
269914
269953
270029
270073
270080
270104
270108
270142
270245
270276
270320
270324
270331
270333
270363
270391
270397
270406
270407
270422
270496
270538
270546
270574
270604
270618
270627
270659
270668
270677
270678
270694
270770
270796
270804
270847
270885
270902
270909
270927
270955
270996
271007
271075
271112
271133
271134
271149
271165
271176
271229
271234
271247
271268
271299
271328
271342
271354
271355
271370
271384
271405
271418
271461
271467
271476
271489
271492
271517
271555
271560
271599
271664
271666
271674
271688
271700
271742
271748
271798
271815
271844
271868
271881
271891
271893
271897
271911
271933
271939
271978
272008
272011
272018
272051
272068
272094
272115
272121
272185
272200
272211
272213
272218
272297
272305
272310
272344
272351
272353
272367
272389
272428
272439
272468
272511
272513
272514
272515
272541
272575
272591
272650
272655
272659
272666
272727
272741
272742
272759
272785
272802
272811
272820
272822
272826
272845
272848
272853
272878
272896
272901
272906
272930
272934
272966
272998
273012
273018
273039
273042
273075
273101
273115
273136
273201
273204
273229
273245
273253
273257
273258
273270
273277
273287
273288
273415
273420
273476
273494
273526
273535
273594
273603
273623
273637
273663
273686
273696
273711
273760
273779
273785
273789
273852
273859
273886
273896
273922
274029
274041
274073
274113
274132
274149
274162
274168
274187
274203
274224
274242
274249
274331
274371
274376
274379
274396
274409
274447
274487
274514
274536
274556
274579
274588
274626
274667
274673
274685
274703
274712
274721
274749
274753
274885
274910
274997
275007
275017
275028
275037
275113
275124
275133
275141
275182
275199
275232
275240
275245
275252
275259
275263
275288
275290
275298
275340
275352
275364
275433
275447
275453
275470
275608
275643
275646
275649
275658
275695
275700
275740
275746
275755
275775
275789
275794
275797
275823
275863
275882
275885
275912
275943
275948
276036
276042
276047
276070
276122
276190
276192
276195
276222
276228
276231
276240
276242
276304
276324
276353
276428
276463
276501
276530
276568
276577
276611
276704
276705
276706
276720
276738
276757
276768
276769
276771
276839
276894
276933
276984
277048
277051
277075
277078
277097
277116
277119
277199
277210
277224
277243
277249
277251
277267
277277
277280
277283
277304
277369
277370
277396
277398
277420
277422
277447
277466
277490
277559
277571
277630
277655
277658
277659
277660
277709
277714
277745
277778
277792
277846
277875
277923
277949
277957
277987
278035
278060
278120
278154
278157
278183
278204
278238
278253
278269
278283
278309
278326
278343
278403
278410
278412
278416
278421
278451
278493
278522
278534
278546
278585
278602
