195
371
438
458
460
493
505
518
541
567
572
578
590
666
967
1068
1077
1109
1128
1166
1197
1219
1285
1417
1499
1541
1603
1678
1731
1853
1965
1979
2032
2115
2129
2172
2202
2211
2225
2251
2392
2495
2579
2761
2838
2976
3087
3222
3292
3296
3310
3414
3459
3464
3710
3786
3836
3865
3899
3954
3983
3999
4079
4125
4168
4190
4238
4245
4328
4709
5009
5137
5388
5454
5548
5798
5799
5803
5864
5921
5980
6009
6035
6172
6370
6375
6433
6436
6455
6459
6500
6513
6525
6545
6597
6628
6744
7079
7129
7196
7255
7292
7326
7435
7620
7648
7726
7824
7860
7935
8011
8019
8093
8160
8194
8384
8388
8440
8443
8467
8509
8644
8648
8812
8921
8939
8968
8986
8988
9050
9055
9158
9301
9308
9477
9514
9551
9628
9631
9753
9762
9799
9818
10148
10163
10193
10242
10252
10281
10384
10422
10436
10474
10563
10583
10613
10624
10766
11045
11062
11107
11113
11346
11518
11533
11585
11738
11828
11888
11951
12038
12041
12072
12074
12395
12476
12548
12989
12990
13009
13016
13066
13099
13189
13204
13283
13368
13379
13441
13451
13516
13523
13551
13622
13643
13687
13788
13816
13868
13912
13915
13978
14118
14190
14406
14488
14652
14680
14776
14820
14845
14967
15001
15066
15110
15333
15354
15440
15478
15501
15537
15613
15654
15798
15799
15802
15827
15949
16115
16222
16314
16543
16637
16670
16881
16886
17000
17120
17242
17246
17278
17329
17389
17420
17765
17787
17850
17860
17954
17977
18045
18105
18190
18507
18604
18632
18675
18697
18742
18831
18857
18920
18938
18945
19078
19081
19138
19147
19218
19230
19303
19326
19550
19551
19592
19631
19838
19890
19893
19897
19914
19961
19997
20049
20059
20124
20172
20198
20210
20256
20259
20266
20281
20390
20395
20445
20569
20716
20740
20763
20765
20800
20809
20818
20851
20886
20958
20960
20975
21030
21269
21320
21367
21370
21418
21423
21427
21567
21597
21642
21678
21703
21748
21762
21806
21809
21837
21872
21888
21915
21928
22004
22359
22493
22610
22668
22669
22832
22946
23055
23124
23182
23223
23276
23368
23395
23412
23433
23468
23480
23583
23590
23639
23677
23688
23715
23730
23754
23760
23770
23808
23853
23893
23944
24028
24110
24159
24205
24299
24330
24481
24549
24770
24817
24852
24885
24904
24983
25075
25121
25237
25267
25327
25336
25537
25553
25638
25668
25707
25708
25721
25727
25737
25774
25986
26103
26168
26184
26186
26267
26302
26420
26519
26584
26676
26707
26713
26856
27038
27049
27053
27142
27484
27520
27549
27582
27589
27652
27860
27895
27898
27900
27937
27996
28119
28132
28144
28170
28241
28308
28310
28317
28340
28398
28415
28441
28528
28681
28777
28883
28967
29009
29233
29249
29277
29306
29464
29465
29470
29479
29572
29660
29833
29929
30023
30077
30109
30154
30188
30194
30281
30336
30402
30451
30477
30626
30672
30703
30722
30752
30895
30925
30928
30963
30965
30967
30990
31337
31519
31523
31596
31710
31734
31754
31845
31893
31974
32003
32048
32103
32113
32123
32249
32321
32327
32333
32426
32436
32475
32484
32724
32785
32861
32951
33004
33011
33030
33131
33189
33220
33246
33457
33644
33763
33768
33781
33789
33893
34113
34165
34178
34205
34219
34249
34304
34386
34438
34445
34573
34637
34861
34886
35235
35386
35390
35426
35440
35449
35482
35508
35614
35679
35694
35698
35728
35895
35937
35989
35997
36099
36116
36206
36224
36238
36272
36340
36369
36457
36474
36728
36759
36876
36945
36961
37032
37184
37411
37469
37505
37684
37694
37732
37759
37801
37827
37831
37942
37970
38115
38300
38307
38322
38376
38522
38604
38699
38738
38745
38749
38799
38901
39002
39028
39124
39197
39249
39257
39351
39424
39703
39716
39808
39942
39953
39998
40029
40151
40178
40207
40230
40257
40300
40433
40438
40448
40600
40748
40779
40788
40854
40872
40901
40957
40996
41018
41027
41087
41170
41309
41316
41383
41396
41400
41656
41781
41823
41868
42007
42053
42210
42251
42287
42487
42501
42635
42712
42733
42789
42839
42940
43038
43149
43181
43312
43358
43444
43500
43679
43737
43754
43778
43862
43865
43886
43962
43999
44225
44298
44302
44309
44318
44321
44322
44332
44479
44500
44600
44612
44633
44748
44890
44990
45084
45172
45193
45266
45336
45392
45402
45404
45616
45770
45782
45856
45877
45964
46034
46078
46177
46547
46565
46650
46858
46872
46888
46945
47032
47066
47145
47169
47180
47357
47363
47429
47432
47440
47452
47498
47584
47629
47673
47675
47760
47831
47870
48007
48079
48171
48188
48214
48300
48351
48536
48783
48795
48865
48958
49010
49265
49276
49309
49332
49482
49514
49524
49531
49638
49646
49733
49756
49763
49835
49896
49932
49951
50006
50071
50122
50192
50202
50204
50225
50226
50318
50340
50431
50504
50506
50586
50635
50661
50901
51025
51067
51094
51211
51259
51273
51283
51320
51364
51373
51398
51415
51420
51460
51476
51490
51679
51723
51749
51778
51815
51860
51888
52188
52189
52198
52209
52250
52264
52417
52423
52534
52789
52808
52841
52856
52908
52927
52968
53038
53124
53182
53302
53593
53718
53793
53795
53825
53941
53985
53988
54048
54054
54064
54084
54108
54205
54217
54218
54248
54287
54328
54375
54453
54467
54477
54479
54482
54600
54647
54812
54870
55045
55191
55212
55219
55224
55338
55455
55466
55493
55494
55599
55660
55661
55709
55713
55809
55970
55979
56160
56175
56190
56197
56205
56255
56311
56323
56345
56458
56646
56675
56756
56786
56811
56901
56904
56931
57038
57045
57057
57064
57067
57144
57145
57197
57256
57424
57425
57462
57510
57574
57625
57634
57794
57851
57875
57926
57947
58096
58154
58245
58272
58347
58356
58366
58373
58394
58395
58566
58578
58586
58654
58670
58675
58685
58690
58863
58864
58992
59017
59034
59066
59149
59174
59205
59262
59307
59335
59454
59620
59628
59653
59849
59858
59894
59952
59955
60006
60008
60040
60041
60122
60183
60233
60264
60369
60410
60450
60550
60577
60582
60595
60622
60634
60636
60648
60723
60764
60782
60827
60902
60994
61008
61073
61099
61142
61344
61431
61449
61500
61634
61658
61847
61906
61994
61999
62367
62368
62374
62411
62450
62483
62491
62526
62542
62762
62839
62935
62940
63148
63179
63202
63218
63219
63223
63233
63267
63311
63312
63364
63428
63465
63516
63618
63637
63640
63750
63991
64032
64131
64158
64171
64218
64226
64261
64268
64269
64351
64353
64782
64819
64994
65013
65098
65169
65352
65487
65617
65664
65835
65899
65969
65984
66163
66198
66249
66537
66618
66671
66675
66869
66995
67022
67159
67212
67219
67242
67284
67375
67418
67464
67535
67547
67553
67770
67797
67903
67991
68050
68066
68244
68360
68367
68539
68824
68936
68981
69107
69140
69216
69227
69261
69294
69336
69345
69469
69541
69601
69609
69667
69811
69877
69889
69935
70196
70211
70216
70294
70421
70525
70537
70554
70575
70583
70611
70667
70728
70740
70751
70831
70832
70947
70983
71205
71253
71283
71307
71372
71426
71429
71472
71474
71577
71783
71787
71854
71954
72001
72019
72105
72159
72345
72354
72413
72446
72464
72524
72600
72625
72653
72696
72854
72872
72922
72963
73027
73063
73089
73173
73175
73267
73403
73448
73570
73592
73600
73602
73603
73646
73716
73864
73896
74023
74080
74112
74129
74145
74149
74150
74157
74201
74275
74306
74311
74330
74391
74476
74509
74547
74617
74687
74701
74836
74885
74901
74945
74958
74982
74997
75005
75011
75079
75097
75158
75221
75383
75517
75598
75612
75648
75717
75730
75787
75852
75948
76007
76327
76353
76399
76655
77054
77058
77094
77180
77297
77452
77466
77649
77650
77669
77720
77762
77799
77996
78015
78067
78068
78073
78241
78321
78398
78419
78428
78519
78559
78560
78621
78622
78767
78960
79100
79294
79382
79399
79406
79408
79470
79487
79510
79717
79761
79945
79979
79985
79991
80045
80071
80149
80259
80284
80339
80448
80637
80688
80690
81005
81204
81244
81269
81303
81342
81485
81496
81503
81538
81610
81638
81719
81822
81860
81914
81957
81987
82004
82022
82059
82308
82324
82361
82381
82385
82493
82527
82535
82538
82577
82605
82695
82727
82834
82858
82902
82949
82963
82984
83051
83073
83170
83195
83208
83223
83298
83326
83443
83490
83616
83618
83658
83778
84119
84129
84163
84176
84196
84197
84307
84332
84421
84492
84531
84643
84781
84813
84841
84954
84966
84980
84991
85262
85268
85326
85381
85391
85513
85606
85632
85789
85906
86159
86165
86347
86401
86411
86438
86469
86699
86776
86790
86992
86999
87136
87144
87186
87190
87244
87351
87358
87429
87475
87583
87595
87643
87674
87690
87712
87748
87882
87920
87961
88078
88415
88447
88492
88583
88640
88694
88727
88960
89089
89115
89189
89386
89395
89420
89465
89466
89480
89514
89550
89596
89675
89708
89733
89833
90171
90263
90350
90448
90560
90584
90659
90783
90828
90834
90863
90877
90953
90992
91046
91166
91179
91240
91308
91327
91447
91515
91671
91723
91755
91870
91876
91966
92187
92191
92261
92277
92347
92363
92383
92405
92513
92801
92807
92877
92901
93031
93143
93268
93388
93473
93520
93589
93804
93816
94007
94026
94050
94147
94162
94269
94323
94470
94621
94734
94778
94931
94992
95021
95151
95188
95251
95254
95371
95420
95452
95463
95471
95509
95517
95521
95548
95605
95635
95655
95720
95721
95837
95927
95955
96035
96094
96152
96348
96427
96459
96470
96562
96644
96648
96698
96710
96864
96945
96992
97146
97201
97374
97587
97600
97653
97664
97717
97790
97886
97896
97991
98008
98014
98033
98076
98084
98187
98201
98206
98221
98258
98262
98366
98386
98450
98451
98454
98483
98607
98682
98717
98738
98754
98781
98783
98844
98890
98917
98933
98996
99030
99068
99085
99105
99206
99247
99325
99344
99394
99513
99564
99785
99833
99865
99884
99891
99974
100111
100116
100141
100270
100349
100371
100399
100597
100607
100664
100677
100795
100816
100823
100901
100910
100973
101028
101043
101070
101134
101152
101326
101328
101340
101341
101440
101582
101602
101609
101617
101677
101695
101697
101796
101859
102000
102005
102075
102164
102218
102238
102256
102296
102493
102564
102610
102671
102693
102707
102783
102810
102902
103008
103089
103124
103143
103147
103322
103334
103367
103398
103587
103699
103732
103781
103792
103979
104009
104028
104237
104243
104283
104291
104321
104338
104414
104458
104547
104574
104598
104699
104716
104759
104768
104772
104782
104805
104839
105112
105193
105196
105200
105225
105253
105511
105614
105638
105748
105821
105836
105851
105869
105978
105990
105995
106116
106130
106169
106268
106343
106346
106374
106458
106536
106607
106969
106971
107143
107168
107173
107198
107203
107210
107287
107313
107351
107355
107384
107398
107418
107540
107637
107701
107937
107970
108109
108121
108149
108282
108353
108496
108623
108635
108757
108796
108857
108861
108901
108927
108959
108979
109007
109173
109206
109288
109425
109472
109650
109664
109676
109890
109954
109984
110011
110059
110148
110171
110328
110505
110576
110618
110671
110726
110745
110789
110790
110842
110852
111013
111082
111123
111158
111217
111236
111259
111262
111266
111287
111328
111424
111454
111494
111506
111525
111538
111570
111678
111844
111885
111903
112263
112288
112407
112448
112459
112556
112644
112675
112825
112837
112870
113064
113070
113073
113127
113131
113184
113235
113377
113522
113577
113582
113691
113699
113800
113816
113818
113945
114027
114133
114146
114184
114194
114221
114273
114328
114395
114399
114464
114469
114497
114508
114603
114636
114713
114744
114879
114887
115058
115088
115214
115226
115244
115299
115399
115491
115500
115504
115508
115531
115543
115573
115662
115704
115719
115722
115726
115834
115847
115856
115948
116056
116090
116121
116122
116123
116130
116150
116182
116195
116224
116369
116401
116514
116554
116604
116649
116653
116684
116696
116706
116780
116827
116876
116884
116943
117022
117034
117069
117103
117144
117306
117327
117347
117356
117386
117550
117582
117620
117647
117705
117730
117733
117736
117778
117998
118131
118133
118460
118477
118498
118687
118693
118699
118796
118906
118927
118986
119070
119189
119302
119304
119329
119344
119375
119397
119426
119435
119474
119543
119671
119694
119737
119796
119892
119910
119942
119977
119995
120048
120446
120466
120624
120765
120840
120843
120870
120914
120950
120968
120977
120978
121219
121220
121224
121234
121344
121376
121454
121478
121491
121517
121580
121605
121717
121816
121823
121864
121979
121980
122061
122101
122107
122110
122147
122263
122281
122401
122509
122581
122637
122739
122777
122802
122830
122890
122898
123032
123079
123092
123096
123131
123151
123176
123206
123266
123335
123373
123398
123524
123527
123705
123954
123962
123981
123993
123994
124017
124025
124053
124090
124386
124477
124576
124676
124876
124967
125132
125146
125192
125227
125235
125248
125266
125281
125283
125295
125368
125453
125458
125459
125516
125563
125578
125634
125752
125840
125910
125969
126010
126037
126110
126443
126548
126644
126703
126710
126732
126859
126900
126912
127025
127037
127054
127060
127126
127209
127249
127274
127321
127342
127437
127449
127450
127530
127596
127651
127663
127719
127761
127792
127900
128048
128052
128067
128321
128337
128340
128478
128539
128572
128586
128632
128719
128726
128780
128799
128821
128952
128972
128974
128995
128998
129080
129202
129225
129311
129362
129498
129551
129641
129714
129759
129764
129793
129869
129871
129905
129958
129989
130052
130070
130088
130141
130265
130391
130444
130457
130459
130609
130749
130838
130917
131006
131106
131147
131216
131386
131414
131466
131639
131700
131704
131706
131790
131947
132012
132021
132098
132149
132164
132178
132236
132354
132390
132484
132511
132628
132764
132776
132780
132926
133244
133285
133318
133349
133354
133364
133593
133721
133796
133875
134051
134070
134072
134156
134168
134197
134294
134299
134313
134323
134515
134579
134762
134771
134852
134876
135002
135048
135170
135196
135199
135226
135305
135329
135340
135426
135435
135462
135561
135577
135748
135818
135827
135852
136000
136011
136012
136083
136098
136157
136172
136241
136538
136693
136706
136748
136776
136777
136798
136849
137048
137053
137105
137132
137139
137141
137149
137174
137176
137276
137318
137355
137391
137396
137463
137531
137565
137628
137768
137820
137920
138115
138248
138274
138281
138316
138318
138341
138351
138366
138388
138405
138424
138481
138521
138538
138619
138694
138837
138889
138931
139055
139146
139170
139174
139233
139261
139477
139527
139533
139561
139599
139606
139607
139653
139688
139689
139703
139772
139825
139860
139867
139897
139941
139984
139991
140098
140206
140257
140273
140383
140432
140436
140528
140630
140945
141117
141213
141401
141512
141626
141734
141799
141803
141863
141918
141960
142148
142200
142270
142293
142294
142380
142420
142460
142489
142501
142599
142865
143021
143027
143155
143337
143444
143514
143560
143611
143657
143666
143678
143689
143800
143901
143928
144052
144079
144092
144147
144166
144207
144360
144361
144472
144500
144540
144649
144804
144834
145081
145284
145316
145330
145388
145440
145461
145471
145526
145541
145549
145630
145669
145888
145916
145944
145954
145955
145984
145999
146020
146111
146126
146130
146142
146171
146227
146254
146309
146318
146376
146408
146431
146507
146623
146769
146849
146904
147019
147051
147096
147208
147216
147346
147396
147455
147477
147530
147660
147797
147822
147827
147837
147843
147869
147907
147942
148059
148220
148366
148431
148721
148778
148794
148868
148888
149061
149118
149120
149178
149184
149391
149441
149451
149458
149475
149605
149609
149861
149968
149997
150055
150078
150143
150287
150293
150333
150341
150417
150426
150487
150586
150994
151001
151134
151195
151220
151433
151532
151545
151717
151755
151764
151802
151852
151875
151912
151937
152075
152133
152247
152262
152428
152445
152476
152498
152569
152601
152674
152684
152803
152865
152902
152934
152953
152966
152987
153074
153108
153163
153197
153308
153464
153569
153623
153661
153727
153733
153766
153803
153825
153896
153928
153980
153981
154067
154082
154104
154217
154247
154277
154291
154295
154369
154529
154614
154656
154760
154770
154824
154843
154895
154933
154941
154949
154954
155011
155019
155109
155141
155144
155147
155266
155433
155438
155446
155536
155678
155699
155701
155755
155788
155791
155990
156046
156048
156196
156197
156314
156427
156508
156586
156746
156906
156938
157118
157125
157254
157358
157366
157439
157569
157701
157761
157812
157838
157840
157907
157911
157981
158021
158109
158176
158226
158234
158471
158473
158523
158530
158531
158602
158645
158705
158782
158807
159004
159038
159073
159091
159197
159251
159295
159415
159516
159519
159539
159545
159577
159672
159679
159684
159793
159835
159972
159986
160027
160049
160113
160122
160133
160424
160438
160551
160678
160680
160689
160703
160781
160816
160826
160860
160993
160998
161000
161195
161256
161318
161385
161458
161478
161540
161543
161567
161648
161736
161740
161784
161888
162087
162157
162172
162260
162281
162300
162383
162562
162616
162620
162646
162682
162692
162709
162755
162831
162836
162890
162957
163172
163234
163395
163511
163633
163647
163801
163984
164087
164187
164253
164302
164326
164423
164425
164428
164430
164455
164493
164604
164611
164627
164638
164681
164689
164691
164748
164777
164788
164800
164872
164905
164972
164974
165056
165060
165174
165182
165317
165343
165349
165357
165364
165381
165412
165448
165482
165496
165510
165612
165688
165719
165736
165737
165787
165858
165920
166010
166094
166191
166330
166407
166417
166438
166616
166836
166861
166895
167000
167043
167049
167126
167142
167154
167497
167541
167557
167716
167955
168066
168161
168195
168269
168341
168485
168500
168527
168565
168587
168607
168638
168659
168701
168758
168815
168848
168932
169019
169039
169062
169107
169156
169167
169205
169242
169255
169272
169274
169351
169409
169422
169538
169646
169727
169776
169836
169872
169990
170029
170120
170187
170289
170360
170389
170420
170448
170472
170561
170601
170934
171069
171104
171177
171225
171329
171420
171446
171574
171752
171766
171988
172034
172173
172198
172227
172230
172379
172586
172636
172684
172691
172695
172772
172786
172900
172934
172937
173039
173102
173134
173151
173192
173267
173269
173400
173443
173458
173465
173503
173512
173535
173580
173778
173821
173834
173912
174007
174024
174032
174078
174086
174137
174161
174338
174354
174515
174516
174552
174779
174979
175014
175067
175105
175108
175113
175201
175226
175306
175359
175370
175408
175520
175609
175671
175762
175777
175853
175954
176009
176019
176061
176064
176151
176152
176190
176222
176266
176381
176541
176557
176564
176592
176758
176840
176846
176854
176924
176941
177152
177268
177283
177316
177378
177391
177513
177516
177566
177612
177623
177714
177723
177791
177820
177871
177879
177888
178098
178129
178166
178169
178185
178206
178211
178232
178406
178564
178571
178591
178709
178720
178766
178821
178887
178941
178961
179094
179114
179154
179187
179284
179305
179356
179366
179387
179437
179643
179652
179664
179670
179684
179701
179703
179766
179851
179875
179902
179912
180168
180243
180387
180393
180451
180473
180474
180491
180583
180600
180606
180670
180717
180783
180800
180831
180881
180961
180989
181105
181195
181299
181356
181405
181492
181500
181526
181636
181647
181686
181832
181958
181978
182007
182037
182099
182154
182166
182192
182221
182280
182290
182400
182404
182405
182431
182758
182790
182840
182892
182946
182961
183145
183233
183300
183421
183539
183653
183672
183685
183726
183866
183914
183978
184004
184049
184088
184190
184261
184336
184340
184392
184447
184636
184930
185059
185137
185200
185291
185299
185342
185421
185474
185498
185725
185767
185783
185816
185932
186012
186039
186140
186152
186210
186290
186330
186340
186427
186520
186526
186608
186613
186790
186816
186873
186886
186903
186915
187056
187141
187142
187156
187185
187214
187278
187324
187536
187707
187767
187784
187919
187933
187948
188097
188357
188358
188382
188391
188410
188450
188483
188523
188524
188795
188804
188978
188985
189003
189008
189143
189283
189478
189482
189513
189601
189639
189689
189690
189733
189735
189737
189769
189965
190085
190168
190248
190264
190315
190361
190396
190404
190454
190558
190579
190609
190702
190709
190749
190801
190851
190853
190903
190950
191221
191226
191279
191449
191491
191571
191697
191782
191787
191871
191893
191897
191957
192050
192058
192135
192139
192198
192420
192563
192617
192697
192884
192944
192991
193036
193082
193109
193138
193139
193199
193207
193279
193340
193389
193499
193524
193600
193640
193680
193797
193852
193881
194319
194330
194350
194428
194459
194465
194498
194803
194837
194965
194987
195083
195185
195296
195374
195508
195541
195660
195667
195721
195795
195820
195905
195913
195983
196018
196048
196139
196267
196327
196408
196409
196507
196528
196560
196570
196602
196682
196727
196806
196807
196817
196829
196963
196965
196968
196982
197006
197010
197039
197059
197281
197340
197351
197376
197436
197448
197450
197524
197630
197703
197740
197773
197787
197820
197864
197948
198021
198051
198066
198077
198081
198085
198091
198168
198199
198224
198229
198251
198270
198278
198298
198310
198315
198384
198426
198565
198583
198832
198843
198845
198904
198944
199004
199029
199082
199301
199305
199348
199373
199407
199536
199555
199582
199585
199675
199800
199828
199849
199850
199859
199924
200215
200343
200427
200432
200514
200534
200535
200605
200729
200792
200822
200904
200947
200965
200967
200969
201045
201101
201162
201261
201263
201304
201327
201408
201557
201570
201833
201859
201920
202044
202054
202060
202149
202254
202505
202515
202543
202548
202756
202809
202877
202968
203109
203126
203157
203269
203385
203475
203512
203564
203647
203662
203887
203921
204119
204174
204204
204208
204262
204314
204343
204436
204472
204519
204604
204661
204709
204756
204802
205121
205185
205352
205379
205382
205466
205494
205590
205711
205835
205891
205950
206004
206045
206062
206095
206134
206172
206184
206209
206218
206288
206311
206382
206498
206519
206546
206683
206728
206750
206788
206880
206991
207104
207116
207154
207155
207296
207299
207332
207429
207498
207535
207632
207794
207812
207825
207887
207918
207991
208019
208043
208090
208101
208107
208113
208122
208123
208170
208205
208257
208344
208362
208414
208522
208550
208722
208776
208799
208841
208857
208939
209136
209271
209291
209433
209436
209488
209560
209607
209618
209652
209733
209758
209760
209784
209832
209885
210002
210032
210079
210086
210189
210197
210226
210301
210385
210661
210664
210769
210798
210934
211024
211110
211159
211164
211231
211413
211505
211513
211565
211654
211686
211739
211763
211796
211906
212003
212027
212164
212198
212234
212312
212318
212356
212381
212622
212623
212669
212681
212768
212812
212877
212913
212917
212979
213137
213204
213316
213359
213422
213494
213512
213522
213575
213632
213634
213643
213717
213788
213847
213898
214064
214092
214199
214252
214260
214279
214292
214756
214846
214896
214939
214998
215004
215016
215108
215120
215228
215248
215339
215386
215410
215607
215686
215745
215761
215994
216003
216049
216070
216160
216164
216166
216462
216482
216574
216615
216619
216672
216687
216874
216914
217095
217146
217387
217415
217479
217559
217582
217606
217636
217646
217706
217757
217771
217794
217799
217883
217891
217904
217933
217954
218079
218095
218165
218219
218225
218315
218319
218345
218367
218556
218589
218628
218629
218883
218928
218932
218970
219198
219231
219237
219278
219328
219345
219462
219538
219881
219937
219958
219965
220019
220117
220175
220212
220225
220232
220363
220391
220400
220430
220432
220641
220990
221004
221075
221201
221262
221305
221342
221349
221383
221396
221433
221487
221548
221641
221697
221787
221800
221851
222031
222051
222093
222113
222133
222154
222174
222326
222337
222361
222417
222510
222517
222594
222624
222651
222744
222810
222961
222970
223081
223171
223184
223401
223476
223506
223540
223545
223558
223571
223714
223820
223836
223898
223976
224031
224087
224175
224203
224210
224216
224343
224383
224399
224461
224498
224542
224608
224629
224632
224635
224669
224714
224776
224788
224854
224934
224961
224982
225013
225142
225275
225319
225519
225596
225689
225765
225810
225813
225836
225987
225995
226053
226136
226168
226193
226310
226339
226350
226483
226926
226929
226955
226983
227032
227069
227096
227137
227268
227296
227308
227404
227406
227408
227478
227504
227560
227609
227617
227625
227688
227740
227933
227942
227953
227971
227973
227988
228012
228096
228102
228158
228366
228431
228444
228642
228666
228687
228765
228905
229062
229246
229367
229487
229492
229613
229624
229628
229808
229849
229968
230109
230349
230360
230365
230411
230422
230434
230522
230625
230642
230722
230831
230872
230997
231043
231098
231200
231211
231409
231566
231603
231605
231741
231753
231793
231852
231893
231920
232082
232160
232205
232208
232217
232307
232346
232489
232525
232559
232560
232687
232692
232694
232792
232821
232919
232923
232980
233284
233306
233390
233441
233544
233567
233630
233634
233752
233781
233798
234042
234120
234331
234350
234439
234518
234524
234620
234683
234708
234812
235262
235265
235267
235276
235317
235396
235399
235405
235421
235431
235450
235518
235524
235712
235792
235800
235875
235882
235891
236018
236023
236112
236114
236140
236162
236190
236209
236366
236421
236463
236464
236541
236587
236698
236704
236709
236714
236773
236788
236828
236874
236912
236964
237016
237025
237082
237114
237219
237259
237491
237551
237569
237613
237684
237739
237836
237980
238014
238061
238123
238158
238165
238261
238416
238520
238601
238606
238633
238685
238728
238858
238869
239008
239041
239072
239079
239108
239119
239171
239296
239315
239492
239600
239607
239878
239900
239935
239973
240065
240067
240076
240121
240147
240188
240200
240206
240255
240304
240342
240376
240500
240517
240549
240606
240750
240770
240895
240903
240918
241005
241032
241158
241298
241302
241330
241344
241406
241460
241498
241610
241785
241823
241914
242022
242050
242052
242098
242154
242182
242183
242199
242334
242335
242363
242364
242405
242425
242497
242514
242675
242920
243101
243174
243182
243216
243298
243329
243406
243425
243442
243521
243615
243849
243867
243930
243934
243962
243992
243993
244024
244031
244083
244122
244137
244171
244252
244283
244298
244354
244440
244482
244524
244597
244725
244792
244935
244954
244962
245004
245026
245082
245119
245122
245134
245162
245217
245290
245384
245539
245692
245795
245797
245852
245888
245919
245958
246024
246030
246064
246131
246171
246280
246296
246349
246405
246473
246519
246616
246639
246707
246757
246761
246830
246869
246895
247015
247229
247392
247438
247486
247512
247522
247552
247587
247596
247632
247680
247697
247727
247748
247838
247852
247885
247955
247957
248009
248144
248273
248411
248419
248485
248504
248528
248726
248786
248803
248810
248831
248857
248866
248877
248927
249008
249073
249113
249137
249157
249160
249199
249327
249399
249401
249554
249581
249585
249646
249702
249705
249723
249729
249795
249884
249958
250016
250162
250173
250187
250373
250414
250434
250523
250599
250609
250850
250964
250986
251019
251059
251161
251291
251299
251309
251418
251490
251583
251806
251813
251864
251868
251933
251945
252152
252195
252253
252308
252319
252345
252415
252482
252517
252577
252595
252622
252732
252737
252802
252836
252900
252947
253026
253055
253101
253165
253255
253265
253296
253391
253520
253801
253931
254006
254176
254396
254402
254495
254569
254633
254667
254707
254760
254782
254804
254878
254909
254934
255047
255078
255093
255113
255324
255331
255376
255501
255532
255586
255636
255749
255816
255857
255883
256007
256063
256133
256169
256238
256337
256359
256499
256564
256567
256608
256706
256807
256853
256879
256898
256907
256923
256950
256978
256988
257051
257088
257179
257346
257464
257466
257480
257697
257753
257768
257857
257874
257920
258095
258143
258231
258242
258343
258367
258653
258671
258798
258800
258824
258850
258982
259070
259113
259241
259246
259273
259437
259511
259516
259544
259546
259580
259720
259734
259871
259875
259961
259964
259991
260064
260177
260199
260224
260341
260353
260356
260420
260475
260487
260552
260561
260630
260641
260650
260666
260687
260765
260986
260997
261012
261062
261129
261180
261186
261204
261252
261305
261573
261591
261644
261706
261715
261859
262237
262240
262256
262394
262450
262486
262503
262605
262620
262646
262648
262719
262752
262779
262788
262839
262868
262912
262953
262999
263001
263011
263023
263025
263058
263078
263092
263094
263159
263241
263250
263351
263459
263529
263536
263600
263618
263619
263785
263818
263825
263856
263895
263898
263923
263950
264119
264124
264178
264192
264214
264303
264380
264426
264440
264464
264481
264503
264565
264594
264622
264720
264778
264825
264839
264868
264984
265190
265196
265417
265454
265473
265552
265558
265572
265586
265611
265623
265643
265682
265722
265770
265816
265841
265844
265871
265906
266050
266102
266118
266138
266235
266360
266385
266475
266508
266516
266539
266563
266644
266707
266715
266780
266795
266876
266902
267005
267135
267165
267238
267244
267354
267461
267483
267495
267579
267656
267722
267804
267867
267960
268037
268077
268199
268219
268250
268263
268266
268358
268363
268373
268398
268457
268529
268656
268658
268736
268926
268983
269024
269073
269113
269165
269217
269234
269309
269323
269330
269404
269421
269503
269537
269543
269588
269620
269753
269793
269847
269910
270037
270045
270064
270145
270188
270207
270244
270284
270347
270352
270380
270384
270386
270497
270605
270653
270875
271063
271072
271083
271099
271141
271300
271332
271366
271429
271439
271458
271490
271498
271510
271556
271719
271739
271805
271852
271912
272080
272104
272165
272249
272315
272454
272456
272467
272522
272571
272586
272601
272717
272855
272910
272931
273164
273176
273294
273418
273475
273483
273518
273562
273674
273688
273693
273701
273754
273778
273816
273888
273973
274039
274273
274277
274299
274460
274524
274549
274600
274679
274713
274725
274789
274817
274845
274876
274905
274962
275055
275074
275155
275156
275168
275253
275377
275402
275443
275624
275676
275855
275876
275907
275946
276000
276071
276073
276107
276153
276172
276180
276392
276407
276538
276594
276596
276634
276756
276797
276876
276898
276953
276997
277054
277112
277142
277353
277445
277513
277531
277565
277594
277598
277626
277654
277786
277919
277921
277948
277954
277963
277968
277975
278068
278200
278220
278239
278252
278264
278272
278386
278429
278491
278526
278577
278618
