1036
1193
1197
3954
4238
4421
5032
5145
5238
5445
6525
7726
8756
8812
9131
9293
9628
9631
11162
12257
12548
12662
12990
13212
14144
14255
14383
14488
14652
14655
14731
14820
14845
15162
15537
16018
16137
16991
17182
17977
19145
20079
20129
20256
22480
22685
22806
23754
23994
26103
28618
28895
29306
30077
30147
30157
30664
30963
31223
31393
32792
33218
33999
34351
35966
37465
37567
37807
38944
39581
40180
40618
41362
41396
41492
41698
42210
42606
42649
42796
42883
42916
43571
44396
45247
45402
45847
46565
46888
47178
47357
47498
48125
48193
49265
49332
49932
50031
50078
50518
50983
51067
51211
51685
52106
52370
52534
53302
53777
54048
54198
54269
55219
55316
55758
55821
55844
56323
56345
56923
57145
57400
57597
57979
58096
58864
59438
59706
60233
60684
61546
62374
62474
62935
63148
63267
63465
64549
64913
64979
66161
67212
67439
67547
67602
68658
68940
69038
69259
69938
70758
71183
71198
71429
71783
71823
72183
72460
72464
73592
73593
73594
74982
75509
75717
75852
76191
76381
76464
76836
77019
77023
77610
77738
78153
78756
79182
79589
79808
80757
81204
81496
82308
82479
82984
83435
83618
85635
85906
86043
86061
86279
86757
87213
87748
88078
89512
90157
90357
90377
90514
90649
92187
92363
93257
93319
93340
93604
94050
94269
94454
94931
95635
95927
96410
96459
97803
99101
99261
99865
100358
102378
103562
103587
103599
104009
104054
104338
104345
104442
104727
106811
107203
108769
108857
109050
110028
110726
110790
111255
111309
111329
111525
112288
112828
113073
113945
114007
114636
114744
114904
115104
115233
115486
116121
116635
117056
117141
117144
117733
118986
119588
119671
119694
119796
120765
120843
121454
121864
122061
122509
122581
122839
123067
123131
123639
123755
124336
124413
124571
124576
124631
125078
125128
125432
125746
127226
127249
127450
128026
128274
128319
129225
129952
130096
130220
130396
130459
130840
131147
132098
132136
132426
134990
135305
135434
135471
136241
136376
137048
137139
137149
137259
137365
138069
138112
138771
139533
139772
140685
141085
141390
142107
142114
142115
142516
143444
143541
143940
144664
145121
145189
145251
145310
145630
145840
146623
147660
147827
147843
149489
149541
149945
150078
150792
151717
151730
151764
151912
152133
152156
152684
152851
153108
153333
154067
154188
154193
154247
154291
154295
154402
154836
155407
156759
157232
157482
158248
158807
159400
159784
159867
160122
160202
160351
160424
160438
161224
161410
161740
161784
161986
162383
162755
162842
163368
164029
164268
164524
164595
164713
164878
164905
165056
165496
165648
165688
165736
166322
166553
167126
168607
169107
171647
172577
172691
173561
174173
174515
175602
175728
176061
176664
176770
176997
177723
178230
178348
178833
178946
179299
179900
179911
180661
180783
181114
181562
181899
182199
182343
182404
182562
183302
183355
183539
184489
185328
185507
185962
185977
186027
187166
187229
187323
187942
187948
188097
189315
189574
189578
190903
191871
192020
192619
192697
192721
192944
192955
193169
193340
193523
193894
194351
194636
195051
195115
195744
196018
196602
196682
196837
197696
198331
198390
198422
199129
199380
199411
199590
200048
202968
203662
203779
204471
204881
204936
205382
205835
206113
206597
207122
207286
207874
208079
209051
209291
209885
210037
210664
210822
211297
211986
212164
212877
213263
213316
213847
214170
215248
215698
215844
216003
217558
218794
218815
219115
219178
219290
219333
220117
220363
221360
221987
222135
222337
222517
222623
223081
223214
223476
224216
225189
225272
225810
226310
226703
227010
227069
227164
227296
227478
227973
228041
228075
228173
229814
230088
230625
231341
231500
231662
232657
232821
233441
233752
233880
234670
234776
235862
235891
236162
236399
236786
237454
237713
237744
238623
238953
239079
239508
239600
240144
240933
241460
241610
241680
243837
243866
245303
245406
245600
246326
246440
246616
246776
246830
247070
247107
247455
247596
248485
249539
249585
249795
249958
250599
251309
251534
251591
252503
253648
253748
254541
254981
255331
256159
256567
256879
256890
256950
257179
258238
259270
260767
260893
261305
262445
262912
262999
263023
263074
263746
264832
264873
265258
265270
266782
267314
267386
268558
268779
268929
269332
269371
269604
269793
269813
269910
270429
270528
271173
271582
272563
273198
273562
273588
273590
273902
274246
274273
274299
275373
275894
276097
276484
276962
277354
277367
277654
278023
