4
79
101
288
321
382
491
494
506
625
660
755
782
790
800
847
861
878
886
896
964
988
1024
1040
1057
1086
1156
1239
1260
1319
1332
1351
1387
1407
1411
1416
1423
1460
1472
1558
1582
1589
1635
1728
1748
1771
1798
1828
1860
1865
1870
1883
1886
1922
1923
1929
1943
2081
2113
2231
2235
2302
2429
2432
2458
2605
2620
2648
2694
2914
2947
2987
3072
3118
3158
3161
3304
3419
3469
3494
3579
3596
3616
3725
3757
4013
4044
4210
4217
4402
4443
4465
4526
4607
4666
4865
4945
5059
5131
5133
5211
5216
5223
5254
5396
5402
5428
5525
5528
5706
5758
5761
5770
5789
5908
6014
6029
6059
6084
6316
6355
6363
6456
6537
6607
6625
6663
6664
6668
6740
6821
6841
6899
7275
7327
7361
7367
7455
7487
7504
7635
7641
7665
7742
7746
7796
7815
7816
7845
7910
7972
8049
8082
8205
8260
8302
8355
8365
8427
8430
8441
8488
8551
8559
8581
8709
8754
8774
8807
8817
8856
8860
8925
8935
9016
9061
9194
9252
9255
9259
9303
9357
9410
9522
9598
9654
9700
9733
9801
9809
9945
9998
10000
10058
10066
10151
10188
10201
10206
10264
10308
10320
10324
10362
10438
10444
10471
10482
10598
10656
10670
10682
10697
10703
10752
10825
10923
10941
10948
10972
10978
11052
11066
11153
11180
11475
11501
11530
11572
11689
11720
12007
12018
12047
12053
12075
12106
12107
12153
12156
12161
12169
12178
12212
12216
12327
12345
12346
12355
12361
12443
12475
12479
12592
12680
12732
12747
12748
12774
12786
12824
12868
12903
12963
12979
12992
13131
13291
13458
13482
13508
13577
13655
13664
13666
13741
13797
13870
13939
13990
14019
14121
14133
14168
14182
14186
14240
14285
14290
14367
14399
14457
14575
14682
14728
14801
14804
14818
14881
14931
14972
15025
15054
15055
15061
15062
15140
15184
15186
15199
15248
15283
15429
15460
15495
15585
15621
15635
15638
15645
15671
15697
15737
15764
15973
16021
16078
16166
16241
16306
16369
16383
16412
16561
16585
16600
16611
16628
16653
16700
16826
16831
16890
16900
16901
16955
16989
17081
17088
17187
17282
17299
17476
17477
17533
17587
17627
17641
17735
17741
17785
17899
17911
17912
17917
17991
18040
18066
18072
18080
18081
18094
18118
18227
18246
18272
18312
18400
18417
18446
18455
18579
18596
18619
18762
18786
18801
18816
18838
18844
18846
18848
18869
18906
18978
19004
19017
19125
19149
19213
19217
19233
19297
19364
19424
19453
19554
19572
19670
19701
19714
19802
19875
19877
19881
19905
19926
19998
20068
20081
20111
20113
20131
20139
20145
20190
20206
20212
20224
20238
20330
20336
20381
20415
20468
20475
20512
20542
20546
20578
20700
20718
20755
20854
20857
20910
20972
21085
21117
21317
21410
21448
21609
21672
21675
21688
21725
21733
21812
22131
22143
22191
22194
22272
22287
22301
22330
22333
22410
22518
22773
22793
22802
22807
22827
22964
22966
22993
23041
23240
23269
23334
23356
23366
23455
23486
23568
23640
23682
23724
23734
23745
23749
23803
23820
23841
23852
23956
23966
23993
24020
24021
24059
24092
24098
24100
24226
24382
24420
24428
24462
24499
24512
24515
24572
24679
24736
24738
25000
25004
25026
25228
25255
25275
25380
25455
25461
25660
25676
25684
25718
25788
25799
25803
25817
25876
25953
26100
26193
26226
26229
26251
26288
26322
26355
26416
26476
26494
26516
26563
26586
26604
26753
26779
26781
26838
26860
26897
26908
26976
27061
27145
27165
27170
27222
27247
27295
27354
27363
27490
27644
27656
27700
27707
27725
27745
27761
27787
27811
27879
28043
28055
28104
28149
28192
28224
28382
28393
28405
28451
28501
28510
28523
28551
28561
28591
28621
28744
28802
28809
28817
28868
28925
28998
28999
29043
29070
29099
29163
29170
29279
29317
29498
29516
29556
29593
29631
29643
29724
29745
29875
29970
30121
30123
30124
30142
30241
30242
30304
30308
30334
30358
30386
30556
30594
30673
30686
30690
30811
30840
30857
30863
30866
30870
30908
30919
31006
31022
31075
31091
31170
31240
31416
31423
31459
31504
31506
31512
31534
31590
31607
31684
31692
31726
31759
31761
31767
31781
31851
31887
31917
31923
32005
32072
32163
32170
32220
32296
32299
32328
32361
32365
32461
32476
32486
32525
32530
32578
32659
32674
32758
32859
32939
32989
33018
33023
33097
33241
33251
33278
33294
33356
33460
33490
33492
33522
33560
33649
33656
33679
33770
33776
33874
33916
33930
34011
34057
34073
34255
34289
34301
34317
34319
34323
34355
34373
34413
34458
34494
34534
34587
34591
34625
34652
34729
34748
34770
34848
34854
34882
34905
35012
35016
35036
35111
35144
35160
35250
35448
35456
35488
35598
35753
35758
35769
35962
36083
36092
36164
36198
36203
36263
36312
36334
36461
36543
36608
36640
36716
36748
36750
36753
36776
36810
36879
36885
36895
36904
36932
36952
36962
36970
36971
37036
37044
37055
37144
37155
37182
37186
37399
37453
37513
37609
37663
37721
37767
37771
37847
37898
37925
37935
37968
37977
38027
38153
38169
38172
38198
38204
38223
38276
38318
38330
38425
38473
38475
38483
38504
38530
38538
38606
38669
38706
38722
38772
38775
38781
38796
38849
38906
38924
39014
39020
39076
39144
39179
39183
39224
39311
39326
39374
39432
39450
39461
39463
39470
39486
39490
39549
39583
39604
39611
39643
39688
39823
39878
39950
40018
40040
40054
40063
40066
40067
40076
40112
40125
40148
40240
40264
40287
40304
40332
40371
40410
40415
40550
40554
40561
40589
40601
40688
40773
40796
40802
40824
40843
40859
40897
40898
40951
41002
41084
41105
41137
41211
41227
41234
41246
41297
41338
41391
41417
41440
41491
41501
41552
41634
41639
41700
41726
41884
41910
41911
41955
41972
42173
42367
42441
42526
42538
42539
42540
42547
42562
42765
42791
42879
42922
43114
43225
43263
43284
43353
43367
43414
43445
43462
43550
43587
43599
43619
43632
43645
43710
43826
43828
43859
43919
43975
44058
44079
44081
44128
44145
44283
44289
44359
44395
44529
44611
44654
44705
44719
44821
44849
44853
44892
44915
44923
44947
44969
45035
45069
45070
45171
45198
45220
45233
45265
45338
45368
45387
45416
45443
45444
45455
45473
45563
45589
45673
45723
45726
45733
45734
45741
45779
45815
45889
45917
45921
45937
46269
46309
46332
46430
46470
46483
46502
46505
46559
46658
46833
46835
46874
46997
47019
47058
47075
47109
47118
47137
47177
47198
47273
47355
47414
47496
47503
47552
47620
47691
47721
47726
47729
47793
47839
47884
47983
48090
48092
48097
48173
48234
48250
48307
48323
48374
48436
48551
48569
48633
48643
48660
48663
48681
48682
48824
48861
48959
49037
49049
49058
49090
49125
49143
49225
49432
49525
49583
49694
49797
49826
49904
49964
49970
50024
50043
50084
50131
50180
50196
50252
50253
50270
50323
50426
50443
50452
50467
50477
50505
50631
50695
50718
50745
50780
50787
50823
50829
50857
50945
51028
51076
51145
51248
51314
51340
51390
51394
51397
51410
51432
51481
51548
51578
51619
51676
51752
51796
51800
51849
51859
51895
51949
51967
52041
52157
52237
52308
52358
52359
52361
52419
52431
52463
52471
52479
52553
52574
52578
52735
52834
52866
53007
53018
53066
53112
53129
53144
53259
53272
53291
53615
53713
53714
53751
53837
53860
53891
53923
54008
54011
54027
54105
54122
54161
54202
54208
54228
54254
54257
54304
54314
54355
54401
54485
54539
54545
54606
54629
54637
54657
54772
54773
54774
54802
54840
54880
54995
55010
55032
55034
55044
55064
55068
55072
55073
55108
55176
55238
55248
55281
55290
55391
55412
55424
55436
55446
55452
55575
55594
55732
55752
55775
55791
55846
55893
55975
55981
55995
56002
56051
56082
56090
56360
56382
56388
56490
56537
56538
56548
56568
56609
56613
56631
56638
56647
56669
56711
56906
56991
57051
57075
57089
57180
57249
57340
57416
57449
57452
57506
57530
57531
57628
57664
57719
57751
57857
57884
57887
58027
58170
58199
58409
58436
58454
58555
58602
58631
58657
58762
58768
58782
58800
58841
58909
59054
59067
59084
59095
59173
59297
59300
59352
59416
59443
59555
59743
59787
59813
59822
59934
59988
60024
60031
60087
60119
60156
60189
60217
60408
60426
60454
60462
60470
60478
60502
60509
60523
60646
60864
60886
60935
61112
61166
61258
61498
61522
61648
61668
61697
61698
61743
61777
61781
61783
61835
61884
61896
61901
61920
61948
62147
62161
62203
62314
62366
62443
62446
62452
62477
62484
62533
62554
62567
62585
62611
62709
62772
62859
62972
63034
63068
63199
63300
63346
63410
63515
63540
63611
63681
63740
63752
63771
63863
63893
63929
63995
64001
64106
64113
64148
64191
64250
64257
64285
64315
64378
64389
64404
64438
64454
64484
64488
64534
64576
64586
64601
64647
64686
64823
64912
65001
65014
65176
65219
65221
65247
65253
65348
65440
65442
65448
65468
65473
65477
65481
65508
65523
65571
65595
65622
65675
65854
65870
65927
65931
65998
66010
66034
66052
66061
66072
66380
66409
66453
66488
66532
66655
66682
66687
66725
66993
67061
67069
67109
67115
67157
67158
67225
67233
67237
67335
67385
67437
67475
67539
67544
67554
67565
67572
67598
67620
67779
67816
67838
67846
67929
67940
67941
67971
68029
68048
68072
68132
68221
68291
68298
68380
68390
68424
68454
68511
68632
68700
68703
68714
68719
68730
68736
68778
68780
68813
68815
68876
68877
68890
69035
69102
69113
69115
69215
69250
69269
69357
69410
69418
69433
69435
69520
69534
69652
69663
69732
69757
69816
69959
69971
69995
70007
70096
70104
70114
70120
70136
70153
70239
70312
70354
70416
70497
70535
70572
70604
70792
70881
70991
70994
71050
71277
71279
71313
71418
71419
71638
71684
71784
71788
71825
71891
71951
72058
72179
72229
72268
72282
72299
72334
72467
72539
72540
72655
72770
72784
72985
73007
73021
73060
73093
73116
73163
73219
73229
73300
73314
73378
73417
73504
73754
73758
73881
73890
74015
74095
74105
74124
74135
74153
74219
74317
74375
74411
74431
74459
74498
74586
74594
74596
74597
74672
74702
74716
74750
74756
74780
74810
74830
74928
74964
74972
74980
75001
75180
75182
75200
75218
75219
75311
75374
75456
75485
75518
75523
75533
75552
75555
75602
75671
75693
75740
75790
75797
75801
75826
75935
76136
76160
76195
76272
76302
76412
76483
76486
76500
76538
76707
76765
76826
76828
76833
76923
76988
77030
77031
77033
77108
77109
77110
77118
77155
77187
77188
77192
77382
77406
77423
77430
77431
77433
77446
77467
77531
77586
77614
77640
77675
77681
77736
77742
77783
77883
77888
77953
78016
78088
78104
78120
78164
78266
78289
78442
78456
78503
78515
78538
78552
78653
78715
78805
78835
78838
78918
78982
79012
79055
79069
79144
79159
79266
79269
79279
79309
79365
79483
79501
79537
79539
79578
79612
79728
79748
79751
79759
80014
80025
80070
80187
80190
80276
80434
80443
80447
80451
80464
80479
80596
80818
80862
80895
80949
80955
80965
80966
81125
81139
81158
81181
81183
81194
81289
81350
81444
81644
81788
81849
81910
82033
82034
82077
82238
82258
82318
82388
82472
82633
82658
82705
82831
82918
83105
83163
83234
83250
83301
83333
83343
83407
83492
83522
83553
83614
83673
83759
83770
83782
83811
83831
83864
83893
84016
84206
84211
84233
84261
84429
84451
84491
84510
84642
84723
84740
84818
84828
84874
84901
84994
85073
85088
85092
85168
85241
85289
85355
85451
85459
85462
85495
85586
85604
85605
85614
85664
85667
85792
85963
86031
86144
86180
86193
86220
86241
86250
86289
86350
86573
86620
86654
86682
86692
86697
86758
86836
86937
86949
87001
87023
87027
87044
87083
87090
87187
87195
87277
87523
87604
87671
87706
87708
87716
87730
87735
87755
87758
87795
87884
87935
88001
88010
88033
88056
88162
88224
88228
88260
88275
88300
88473
88739
88749
88772
88884
88885
88947
88954
89003
89004
89013
89029
89034
89058
89105
89149
89171
89255
89275
89277
89278
89297
89302
89323
89400
89409
89602
89640
89662
89719
89722
89760
90001
90017
90039
90076
90110
90119
90161
90173
90192
90227
90261
90268
90309
90314
90331
90418
90549
90704
90742
90761
90886
90903
90908
90916
90957
91010
91067
91121
91202
91315
91323
91356
91382
91400
91422
91507
91567
91840
91872
91879
92120
92220
92308
92392
92395
92521
92595
92599
92608
92648
92649
92655
92658
92709
92713
92721
92730
92815
92818
92841
92882
92946
92973
93013
93018
93021
93108
93168
93169
93280
93336
93349
93412
93419
93438
93460
93512
93540
93612
93680
93827
93845
93861
93895
93921
94025
94039
94080
94155
94160
94212
94293
94411
94537
94668
94706
94770
94780
94823
94875
94878
94894
94901
94909
94987
95006
95054
95058
95138
95143
95156
95172
95370
95393
95407
95444
95500
95508
95537
95566
95656
95722
95741
95746
95773
95811
95907
96024
96256
96530
96560
96657
96687
96814
96876
96965
97050
97088
97106
97182
97197
97207
97349
97434
97467
97499
97502
97578
97598
97611
97622
97626
97629
97647
97672
97700
97854
97911
97996
98078
98105
98146
98174
98260
98291
98329
98369
98375
98429
98443
98522
98612
98628
98734
98795
98870
98889
98929
99021
99052
99113
99131
99136
99153
99158
99224
99308
99338
99374
99455
99516
99532
99682
99708
99784
99787
99844
99848
99882
99886
100059
100073
100076
100125
100171
100191
100251
100259
100538
100579
100605
100633
100648
100668
100701
100721
100739
100780
100861
100926
100938
101009
101031
101049
101071
101109
101238
101269
101291
101334
101386
101388
101597
101665
101720
101789
101823
101913
101918
101947
101981
102036
102084
102227
102254
102286
102418
102434
102445
102463
102467
102480
102526
102550
102665
102680
102688
102728
102792
102861
102965
102980
102983
103078
103081
103096
103108
103149
103189
103206
103214
103222
103248
103260
103282
103372
103383
103470
103503
103517
103571
103628
103680
103688
103818
103881
103888
103909
104041
104055
104077
104098
104183
104224
104350
104373
104409
104449
104496
104510
104595
104679
104690
104786
104801
104973
105064
105244
105316
105354
105361
105404
105545
105597
105623
105630
105671
105714
105744
105785
105855
105873
105966
105968
106020
106286
106378
106386
106426
106496
106503
106510
106519
106574
106580
106628
106629
106674
106777
106793
106817
106896
106958
106983
107012
107047
107238
107269
107332
107379
107428
107463
107485
107559
107567
107692
107836
107869
107870
107876
107939
108146
108156
108383
108444
108558
108570
108629
108655
108678
108694
108717
108723
109004
109034
109048
109061
109070
109193
109333
109399
109439
109468
109476
109507
109589
109630
109639
109742
109750
109852
109866
109900
109901
109904
109944
110112
110172
110195
110237
110278
110297
110387
110395
110470
110473
110477
110589
110735
110871
110938
110943
110968
111005
111018
111035
111040
111047
111083
111089
111104
111148
111168
111172
111207
111211
111244
111246
111410
111457
111519
111522
111536
111537
111563
111586
111636
111697
111753
111794
111874
111908
111910
111953
111996
112078
112128
112164
112183
112198
112219
112229
112274
112279
112367
112371
112410
112417
112468
112534
112659
112662
112739
112748
112771
112793
112805
112868
112910
112974
112984
113046
113245
113336
113337
113345
113433
113498
113510
113520
113545
113629
113692
113718
113730
113750
113762
113915
113934
113999
114083
114086
114097
114199
114213
114336
114484
114536
114542
114591
114628
114683
114723
114739
114756
114907
114974
114980
114983
115001
115106
115262
115268
115275
115291
115312
115326
115364
115380
115388
115540
115570
115629
115804
115841
115863
115878
115899
115978
115992
116040
116175
116183
116202
116261
116291
116318
116328
116333
116358
116374
116433
116464
116468
116634
116692
116899
116913
117013
117040
117043
117085
117187
117237
117238
117293
117353
117364
117373
117407
117444
117457
117474
117534
117588
117654
117673
117693
117719
117761
117780
117843
117900
117901
117905
117918
117941
117947
117969
117981
118005
118057
118059
118075
118087
118289
118331
118415
118468
118551
118634
118689
118773
118775
118783
118803
118830
118851
118856
118869
118930
118932
119032
119100
119204
119222
119281
119372
119402
119444
119463
119514
119592
119596
119598
119603
119613
119668
119836
119846
119860
119950
119997
120052
120055
120261
120313
120315
120366
120369
120375
120532
120545
120559
120582
120713
120770
120855
120869
120912
120951
120982
120999
121006
121027
121058
121087
121093
121111
121122
121198
121235
121259
121302
121381
121423
121434
121536
121564
121617
121627
121643
121658
121814
121836
121855
121882
121944
121960
121970
122018
122044
122059
122124
122208
122228
122269
122284
122301
122310
122394
122399
122450
122543
122590
122676
122681
122724
122877
122889
122893
122973
123081
123232
123259
123260
123294
123348
123471
123681
123709
123792
123846
123932
123989
124022
124173
124183
124204
124222
124254
124256
124298
124325
124346
124366
124450
124512
124583
124613
124673
124723
124752
124824
124853
124856
124897
124957
124965
124980
125073
125087
125165
125173
125178
125187
125237
125318
125322
125325
125331
125403
125423
125481
125493
125531
125542
125583
125656
125691
125960
125999
126120
126139
126168
126246
126271
126280
126286
126335
126352
126360
126400
126448
126611
126636
126649
126655
126671
126723
126768
126867
126899
126916
126918
126922
126992
127038
127078
127124
127176
127186
127241
127332
127338
127379
127396
127447
127469
127471
127586
127590
127591
127613
127788
127800
127818
127829
127881
127888
127952
127965
127967
127970
127994
128011
128018
128055
128124
128159
128225
128226
128234
128429
128437
128486
128494
128532
128534
128561
128563
128591
128620
128646
128817
128829
128851
128894
128980
129013
129039
129077
129107
129214
129260
129346
129387
129397
129425
129430
129445
129535
129616
129673
129787
129809
129821
129838
129910
130021
130158
130254
130286
130296
130402
130405
130505
130536
130570
130608
130616
130650
130655
130793
130858
130910
131021
131169
131188
131211
131348
131397
131457
131467
131540
131556
131811
131812
131853
131902
132058
132097
132114
132204
132205
132209
132215
132295
132451
132562
132592
132631
132712
132790
132796
132813
132854
132896
132958
133165
133191
133193
133208
133320
133370
133393
133433
133453
133455
133545
133555
133645
133716
133873
133965
133973
134074
134112
134119
134125
134208
134345
134397
134426
134509
134581
134671
134727
134740
134798
134839
134857
134858
134885
134968
134989
135028
135076
135234
135297
135411
135478
135482
135512
135585
135591
135650
135663
135711
135768
135781
135808
135862
135867
135918
135936
136032
136087
136141
136205
136209
136283
136295
136389
136462
136499
136510
136660
136744
136792
136799
136813
136816
136889
136903
136946
136950
137052
137071
137091
137131
137154
137156
137168
137172
137177
137182
137258
137269
137304
137316
137321
137486
137512
137543
137553
137563
137574
137582
137595
137623
137647
137692
137731
137781
137807
137879
137928
138029
138065
138139
138157
138164
138191
138193
138323
138378
138390
138413
138434
138533
138539
138573
138591
138614
138634
138637
138695
138726
138854
138869
138891
139032
139042
139100
139164
139211
139241
139329
139364
139394
139406
139439
139492
139514
139553
139564
139615
139726
139777
139838
139880
139960
140008
140023
140094
140100
140154
140160
140161
140212
140320
140354
140369
140442
140502
140550
140595
140611
140620
140781
140843
140866
140876
140900
140990
141077
141086
141100
141179
141236
141267
141410
141416
141481
141579
141627
141684
141719
141748
141765
141832
141871
141895
141927
141957
141973
142058
142112
142399
142461
142510
142621
142640
142642
142644
142716
142846
142904
142917
143143
143151
143234
143253
143305
143384
143422
143437
143504
143539
143548
143596
143625
143627
143690
143711
143742
143803
143969
143980
144041
144044
144074
144081
144110
144115
144123
144141
144173
144202
144310
144388
144397
144442
144509
144562
144701
144801
144828
144870
145068
145228
145235
145266
145303
145357
145425
145429
145493
145678
145712
145736
145739
145756
145769
145815
145849
145852
145872
145970
145998
146005
146041
146120
146165
146207
146208
146330
146530
146534
146536
146546
146554
146578
146592
146666
146680
146801
146868
146892
146900
146913
146931
146960
147151
147190
147212
147223
147362
147570
147571
147616
147633
147656
147679
147726
147747
147787
147794
147909
148052
148142
148152
148196
148241
148270
148425
148445
148508
148558
148578
148589
148617
148628
148666
148753
148831
148860
148879
148976
148995
149022
149025
149035
149074
149113
149136
149222
149257
149290
149319
149337
149340
149386
149455
149472
149536
149570
149627
149672
149808
149843
149870
149880
149918
149938
150022
150072
150075
150092
150138
150139
150162
150233
150325
150337
150557
150622
150683
150741
150830
150861
150991
151010
151045
151051
151106
151123
151142
151217
151242
151250
151272
151276
151324
151371
151387
151399
151406
151465
151498
151513
151515
151537
151593
151613
151691
151766
151777
151844
151915
151939
151984
152005
152025
152163
152221
152242
152410
152421
152435
152572
152584
152609
152675
152680
152695
152722
152740
152745
152792
152808
152828
152949
152984
153049
153083
153174
153219
153247
153261
153323
153376
153485
153521
153595
153608
153613
153616
153636
153730
153773
153819
153875
153915
153970
153986
153994
154028
154051
154101
154313
154371
154373
154378
154459
154545
154613
154621
154627
154659
154670
154679
154873
154916
154927
154940
154943
155034
155057
155124
155166
155326
155335
155386
155437
155447
155463
155537
155552
155577
155680
155694
155886
155948
156024
156128
156159
156165
156269
156285
156286
156395
156402
156403
156417
156436
156479
156500
156641
156652
156802
156809
156830
156860
156864
156879
156921
157076
157080
157095
157264
157340
157390
157399
157464
157519
157537
157546
157561
157621
157622
157675
157679
157719
157724
157769
157805
157806
157842
157903
157929
157947
158023
158068
158104
158113
158119
158126
158130
158156
158255
158333
158371
158401
158560
158572
158595
158696
158709
158719
158788
158859
158921
158975
159043
159044
159047
159096
159123
159148
159240
159336
159347
159418
159453
159486
159542
159559
159602
159658
159687
159728
159804
159874
159954
160029
160194
160291
160295
160418
160501
160505
160546
160577
160611
160625
160686
160752
160798
160828
160830
160933
160937
161032
161092
161103
161168
161213
161237
161321
161345
161351
161359
161428
161462
161469
161505
161516
161703
161802
161861
161915
162027
162119
162306
162314
162426
162429
162498
162519
162547
162629
162668
162706
162725
162747
162763
162792
162815
162828
162873
162918
162952
163010
163016
163021
163058
163063
163129
163169
163231
163322
163325
163426
163486
163507
163521
163531
163546
163651
163653
163662
163845
163896
163912
163921
163953
164017
164115
164143
164148
164168
164234
164305
164314
164438
164443
164472
164550
164576
164640
164660
164661
164705
164731
164733
164736
164761
164874
164882
165220
165257
165264
165290
165386
165417
165420
165435
165441
165473
165502
165515
165569
165609
165616
165620
165623
165632
165701
165866
165929
165943
165974
165984
166017
166025
166059
166075
166087
166102
166114
166187
166210
166338
166357
166397
166430
166483
166496
166497
166530
166546
166557
166559
166740
166765
166789
166801
166915
166945
166949
167026
167057
167138
167226
167227
167237
167251
167281
167291
167470
167588
167694
167774
167804
167857
167873
167944
167976
168002
168020
168043
168135
168285
168315
168366
168400
168429
168490
168499
168537
168574
168621
168667
168672
168742
168811
168821
168827
168873
169012
169102
169118
169138
169288
169345
169349
169399
169430
169436
169472
169515
169529
169571
169615
169815
169864
169867
169873
169914
170033
170038
170060
170086
170139
170173
170178
170183
170232
170267
170320
170339
170411
170427
170493
170501
170586
170603
170737
170744
170758
170823
170874
170966
171023
171117
171131
171132
171182
171248
171267
171300
171315
171320
171364
171426
171642
171665
171669
171790
171876
171880
171914
172002
172007
172024
172088
172128
172129
172168
172189
172267
172294
172460
172491
172540
172567
172706
172739
172796
172915
173010
173041
173108
173142
173165
173187
173235
173264
173294
173358
173446
173472
173516
173534
173584
173591
173638
173644
173665
173673
173694
173700
173729
173769
173791
173826
173858
173910
173989
174058
174070
174071
174082
174138
174193
174222
174367
174375
174396
174551
174590
174595
174674
174684
174699
174791
174868
174902
174912
174921
174982
174997
175009
175094
175143
175200
175222
175296
175305
175356
175420
175488
175651
175704
175713
175789
175803
175866
175883
175917
175936
175938
176052
176058
176212
176256
176418
176439
176441
176560
176607
176730
176761
176771
176818
176833
176916
176988
177004
177209
177213
177215
177328
177368
177381
177492
177555
177635
177649
177650
177662
177666
177732
177740
177890
177904
177935
177979
178016
178022
178107
178205
178236
178275
178288
178293
178311
178383
178416
178504
178521
178551
178618
178641
178649
178722
178739
178839
178925
179165
179168
179179
179198
179212
179213
179228
179239
179274
179415
179416
179418
179533
179534
179537
179564
179590
179683
179686
179742
179748
179754
179823
179824
179909
179977
179994
180010
180143
180144
180252
180533
180538
180549
180578
180725
180758
180788
180817
180856
180885
180892
180913
181073
181135
181160
181186
181210
181223
181310
181380
181573
181637
181658
181719
181720
181747
181903
181905
181949
181982
182013
182035
182082
182196
182265
182286
182312
182324
182428
182494
182507
182518
182595
182628
182681
182683
182698
182745
182872
182912
182914
182983
183014
183029
183060
183133
183164
183173
183249
183397
183428
183476
183579
183587
183598
183628
183629
183663
183722
183806
183816
184016
184079
184110
184138
184176
184267
184310
184333
184358
184390
184418
184452
184472
184479
184513
184549
184584
184612
184645
184686
184696
184747
184808
184850
184899
184911
184947
184951
184963
185031
185033
185053
185062
185131
185286
185310
185365
185375
185384
185701
185807
185810
185866
185869
185894
185923
185927
185966
186032
186047
186064
186161
186220
186260
186262
186285
186364
186370
186410
186430
186471
186503
186530
186604
186618
186679
186727
186734
186739
186789
186839
186920
187080
187143
187181
187192
187199
187246
187249
187291
187301
187338
187360
187372
187551
187570
187613
187638
187754
187762
187763
187893
188015
188026
188034
188073
188131
188135
188148
188156
188162
188165
188192
188228
188251
188402
188452
188479
188485
188518
188558
188598
188608
188625
188648
188668
188747
188785
188800
188880
188982
188988
189035
189056
189071
189102
189168
189183
189198
189204
189221
189280
189282
189296
189368
189463
189569
189616
189623
189700
189756
189760
189776
189833
189863
189983
189999
190042
190055
190082
190143
190149
190272
190355
190446
190513
190565
190667
190673
190692
190756
190825
190898
190936
191047
191074
191125
191166
191191
191237
191262
191314
191363
191371
191411
191470
191476
191641
191665
191687
191805
191887
191939
191946
192028
192056
192073
192128
192131
192256
192378
192380
192431
192445
192452
192556
192623
192662
192690
192736
192801
192808
192826
192834
192883
193011
193149
193162
193189
193196
193229
193326
193412
193413
193414
193423
193528
193530
193667
193673
193681
193685
193741
193809
193818
193848
193858
193866
193870
194003
194057
194063
194071
194121
194130
194171
194184
194250
194287
194288
194349
194380
194429
194461
194462
194507
194514
194572
194585
194753
195035
195112
195156
195167
195201
195225
195302
195319
195323
195363
195366
195380
195397
195410
195459
195472
195482
195565
195582
195604
195608
195711
195719
195925
195940
196023
196040
196095
196144
196155
196160
196177
196192
196230
196264
196296
196311
196325
196418
196452
196464
196466
196479
196494
196534
196546
196617
196639
196660
196695
196705
196768
196826
196878
196888
196970
196993
197038
197041
197055
197107
197110
197143
197147
197220
197287
197312
197336
197364
197375
197377
197396
197434
197471
197504
197517
197518
197529
197574
197581
197628
197660
197663
197720
197724
197752
197766
197767
197797
197827
197862
197868
198018
198032
198043
198058
198062
198073
198119
198145
198215
198218
198219
198324
198338
198339
198399
198445
198466
198474
198494
198510
198514
198526
198692
198703
198772
198776
198900
198908
198979
199053
199134
199311
199327
199393
199417
199434
199501
199630
199658
199726
199735
199833
199917
200030
200094
200193
200212
200249
200273
200327
200396
200442
200444
200455
200516
200547
200592
200643
200689
200718
200794
200799
200863
200864
200870
200923
200950
200960
200978
200989
201022
201038
201073
201233
201372
201426
201458
201479
201583
201622
201627
201678
201714
201743
201753
201775
201807
201810
201841
201862
201879
201922
201955
201964
201976
202055
202131
202154
202200
202220
202232
202246
202374
202394
202455
202462
202512
202588
202595
202641
202695
202749
202791
202822
202969
202970
202980
203027
203028
203055
203084
203108
203153
203165
203166
203236
203254
203259
203355
203391
203395
203405
203409
203415
203469
203477
203599
203768
203791
203813
203849
203857
203895
203902
203957
203986
204049
204244
204254
204260
204338
204429
204469
204594
204643
204679
204688
204724
204779
204810
204897
204903
204954
205019
205098
205110
205111
205147
205168
205172
205187
205230
205300
205308
205387
205397
205608
205663
205689
205789
205824
205905
205935
205943
205960
205999
206020
206097
206098
206101
206127
206157
206178
206214
206253
206338
206350
206584
206628
206661
206800
206850
206862
206863
206868
206934
206986
207076
207127
207186
207213
207263
207347
207362
207410
207411
207431
207445
207456
207511
207616
207648
207669
207686
207722
207755
207875
208080
208089
208221
208256
208336
208400
208404
208426
208487
208600
208604
208614
208615
208619
208665
208676
208683
208741
208798
209080
209084
209098
209121
209135
209142
209150
209186
209188
209195
209198
209280
209303
209378
209450
209509
209544
209559
209577
209587
209604
209638
209669
209694
209713
209808
209857
209876
209940
210011
210073
210106
210110
210151
210153
210180
210273
210354
210423
210516
210693
210715
210749
210762
210789
210797
210847
210876
210910
210921
210923
211105
211116
211200
211217
211226
211237
211249
211271
211272
211324
211366
211411
211466
211478
211533
211542
211713
211745
211798
211833
211884
211902
212046
212047
212054
212087
212132
212172
212216
212254
212290
212317
212323
212340
212387
212392
212428
212481
212516
212537
212542
212577
212595
212597
212617
212648
212739
212862
212887
212907
212965
212994
213006
213024
213052
213106
213117
213136
213142
213162
213196
213243
213296
213390
213478
213576
213656
213660
213716
213758
213761
213764
213772
213839
213938
213998
214140
214165
214203
214233
214277
214368
214369
214388
214451
214465
214567
214661
214664
214666
214781
214815
214860
214912
214931
215076
215086
215194
215274
215318
215326
215337
215411
215427
215454
215467
215481
215542
215550
215627
215804
215872
215891
215907
215912
215951
215985
215998
216086
216093
216251
216303
216387
216403
216438
216478
216490
216499
216647
216699
216705
216817
216846
216847
216875
216920
216928
216932
216958
217009
217096
217100
217125
217131
217177
217179
217259
217270
217336
217358
217362
217363
217374
217382
217494
217543
217628
217655
217683
217692
217698
217720
217728
217756
217781
217812
217823
217898
217964
217987
218045
218059
218108
218112
218132
218197
218277
218349
218355
218361
218706
218749
218757
218799
218862
218901
218927
218937
218940
218945
218949
218995
219021
219080
219093
219104
219140
219165
219172
219211
219214
219217
219268
219270
219309
219327
219385
219452
219487
219495
219607
219677
219786
219951
220016
220097
220104
220118
220149
220151
220158
220211
220226
220281
220284
220428
220455
220458
220479
220508
220532
220575
220586
220613
220633
220648
220658
220673
220704
220749
220791
220830
220847
220878
220883
220895
220939
220954
220964
220969
221020
221076
221087
221093
221137
221142
221161
221231
221331
221333
221335
221384
221397
221425
221463
221471
221506
221529
221553
221570
221752
221762
221782
221794
221853
221918
221941
222005
222025
222043
222059
222160
222229
222233
222252
222255
222298
222300
222328
222443
222446
222487
222575
222703
222707
222712
222781
222842
222949
223007
223132
223175
223228
223235
223239
223256
223307
223351
223379
223386
223400
223431
223433
223435
223487
223612
223631
223636
223675
223699
223822
223843
223863
223890
223955
223990
224070
224116
224177
224185
224262
224283
224286
224296
224302
224305
224382
224391
224403
224496
224567
224599
224607
224692
224728
224752
224759
224893
224941
224974
225110
225123
225289
225345
225397
225403
225422
225433
225491
225515
225532
225564
225566
225626
225787
225795
225827
225851
225914
225923
226061
226065
226187
226432
226499
226522
226581
226619
226701
226716
226740
226878
226913
226933
226968
226996
227076
227094
227124
227136
227192
227200
227220
227251
227301
227330
227438
227512
227517
227584
227682
227743
227820
227986
227994
228028
228040
228103
228133
228138
228206
228258
228351
228358
228380
228416
228494
228525
228560
228572
228617
228619
228680
228681
228741
228814
228940
228972
229046
229075
229084
229153
229165
229221
229227
229231
229236
229252
229269
229283
229314
229345
229413
229435
229453
229473
229513
229563
229571
229590
229687
229710
229723
229727
229847
229853
229916
229917
229950
229980
229988
230044
230053
230101
230110
230157
230239
230253
230306
230320
230342
230359
230387
230400
230415
230437
230643
230666
230797
230808
230825
230865
230877
230910
230914
230925
231008
231015
231061
231193
231202
231283
231342
231345
231346
231454
231522
231536
231542
231716
231747
231752
231862
231896
231908
231978
232012
232027
232056
232065
232251
232331
232333
232384
232456
232554
232699
232753
232784
232941
232948
232965
232984
233056
233095
233207
233210
233221
233292
233347
233486
233590
233609
233637
233695
233700
233724
233774
233876
233920
233955
234028
234082
234096
234115
234126
234128
234159
234184
234217
234263
234272
234296
234323
234354
234362
234423
234493
234609
234688
234734
234793
234804
234967
234984
235095
235223
235320
235355
235369
235370
235391
235395
235401
235492
235501
235540
235545
235578
235622
235639
235649
235696
235740
235765
235768
235786
235802
235980
236032
236052
236061
236169
236212
236213
236214
236262
236407
236456
236461
236553
236559
236577
236629
236633
236652
236666
236780
236796
236819
236823
236840
236861
236870
236897
236906
236914
236940
236998
237052
237108
237211
237248
237257
237272
237440
237679
237699
237705
237818
237827
237843
237959
237988
238091
238095
238127
238129
238157
238209
238237
238289
238317
238328
238370
238379
238450
238466
238504
238526
238548
238568
238570
238605
238704
238741
238773
238777
238803
238832
238874
238926
238928
238982
239174
239199
239209
239245
239253
239327
239334
239477
239517
239618
239653
239674
239709
239750
239751
239767
239788
239795
239818
239836
239910
239972
240063
240087
240213
240284
240419
240458
240479
240543
240545
240572
240712
240729
240745
240809
240826
240886
240946
241037
241041
241113
241137
241153
241183
241185
241220
241269
241323
241326
241328
241339
241340
241357
241402
241501
241519
241526
241533
241581
241594
241711
241748
241786
241946
241995
242036
242061
242095
242106
242120
242121
242383
242391
242508
242522
242524
242611
242618
242635
242683
242755
242784
242792
242837
243048
243058
243077
243114
243179
243237
243240
243273
243279
243397
243450
243469
243505
243524
243528
243570
243614
243649
243715
243842
243902
243910
243937
243971
243995
244013
244029
244043
244064
244111
244173
244229
244249
244340
244475
244585
244602
244607
244643
244682
244752
244806
244814
245006
245033
245035
245054
245104
245111
245118
245158
245168
245249
245329
245331
245344
245371
245395
245447
245455
245527
245553
245609
245794
245846
245898
245972
246087
246122
246132
246134
246221
246241
246342
246411
246418
246474
246600
246601
246631
246682
246722
246912
246953
246960
246987
247000
247021
247173
247191
247232
247244
247254
247314
247350
247373
247442
247460
247483
247550
247599
247664
247687
247717
247732
247759
247767
247815
247830
247846
247864
247962
247966
248006
248038
248059
248103
248122
248138
248186
248252
248254
248298
248324
248373
248404
248406
248481
248486
248493
248498
248556
248578
248588
248623
248640
248651
248727
248770
248795
248819
248889
248899
248915
248921
248953
248988
249123
249163
249285
249293
249302
249313
249423
249480
249510
249555
249583
249618
249622
249639
249665
249672
249707
249732
249798
249858
249979
250062
250112
250198
250261
250313
250352
250402
250406
250472
250478
250485
250509
250510
250549
250612
250640
250646
250720
250772
250810
250847
250878
250891
251032
251097
251102
251107
251111
251129
251153
251216
251223
251228
251239
251262
251269
251370
251475
251531
251574
251579
251606
251629
251669
251733
251803
251855
251879
251891
252023
252130
252180
252204
252206
252215
252344
252390
252443
252492
252512
252574
252605
252720
252745
252748
252768
252811
252843
252851
252861
252932
252958
253051
253136
253166
253215
253300
253344
253417
253481
253534
253551
253614
253620
253639
253757
253832
253857
253864
253956
253990
254044
254048
254061
254070
254085
254094
254107
254145
254150
254155
254293
254412
254420
254485
254558
254729
254765
254818
254835
254887
254889
254973
254975
255124
255130
255176
255191
255194
255206
255243
255265
255314
255334
255349
255433
255542
255724
255779
255885
255895
255917
255934
256023
256062
256140
256186
256208
256225
256237
256240
256298
256313
256315
256324
256363
256365
256379
256388
256467
256491
256522
256671
256741
256777
256801
256902
256995
257056
257141
257147
257148
257203
257228
257297
257316
257373
257490
257494
257549
257585
257595
257603
257629
257677
257679
257686
257724
257732
257810
257850
257852
257879
257950
257980
257981
258025
258029
258031
258073
258112
258167
258173
258181
258262
258271
258277
258305
258325
258391
258397
258504
258604
258612
258665
258690
258695
258711
258735
258746
258836
258891
258936
258948
258954
259036
259100
259193
259242
259244
259269
259274
259297
259373
259423
259429
259430
259451
259472
259507
259594
259631
259635
259657
259676
259714
259756
259855
259864
259917
259943
259972
260034
260061
260118
260178
260257
260274
260299
260372
260417
260449
260452
260476
260555
260574
260701
260714
260722
260773
260802
260826
260917
260990
261002
261121
261160
261175
261197
261208
261279
261361
261388
261416
261480
261499
261518
261527
261546
261559
261624
261681
261768
261834
261843
261845
261874
261997
262023
262026
262040
262054
262185
262232
262275
262293
262345
262373
262396
262415
262483
262557
262673
262674
262700
262743
262795
262804
262807
262853
262857
262961
262969
262975
263012
263033
263046
263079
263080
263110
263130
263133
263142
263252
263290
263307
263360
263394
263397
263492
263496
263502
263582
263583
263597
263612
263666
263684
263701
263776
263786
263829
263866
263899
263919
263929
263989
263995
263997
264067
264160
264204
264227
264244
264257
264287
264312
264409
264411
264476
264520
264564
264616
264651
264663
264664
264714
264742
264800
264823
264895
264942
264944
264956
264957
264976
265019
265041
265105
265234
265252
265305
265337
265341
265347
265353
265358
265364
265437
265469
265543
265673
265690
265723
265761
265900
265922
265952
266038
266083
266089
266095
266116
266136
266141
266146
266157
266184
266234
266302
266304
266311
266438
266559
266583
266669
266677
266690
266742
266767
266785
266806
266870
266896
267082
267089
267090
267111
267160
267225
267315
267344
267385
267404
267406
267475
267501
267594
267713
267772
267817
267844
267852
267992
268069
268096
268136
268147
268202
268245
268467
268470
268474
268518
268541
268628
268689
268714
268719
268740
268757
268770
268802
268877
268880
268932
268994
269012
269048
269051
269154
269168
269192
269204
269276
269284
269336
269389
269400
269420
269422
269440
269468
269484
269507
269534
269559
269607
269611
269627
269633
269659
269661
269733
269750
269888
269914
269917
269952
269986
270010
270080
270108
270245
270303
270320
270324
270414
270422
270529
270544
270604
270659
270678
270955
270956
270996
271007
271049
271087
271133
271134
271176
271229
271234
271247
271268
271342
271354
271370
271382
271448
271461
271476
271599
271666
271674
271675
271742
271815
271844
271853
271857
271868
271881
271939
271978
272008
272024
272054
272068
272094
272138
272213
272305
272314
272323
272412
272428
272439
272468
272511
272513
272514
272538
272591
272655
272758
272785
272811
272820
272826
272845
272848
272896
272901
272906
272920
272930
272966
272998
273019
273157
273201
273287
273288
273352
273420
273520
273594
273603
273622
273637
273663
273686
273711
273789
273852
273886
273966
274029
274113
274132
274149
274168
274203
274242
274325
274331
274391
274396
274447
274487
274493
274536
274579
274626
274667
274673
274685
274688
274703
274712
274721
274749
274753
274800
274997
275007
275017
275028
275038
275124
275141
275174
275240
275245
275259
275263
275276
275290
275298
275352
275429
275433
275447
275453
275608
275609
275695
275700
275762
275778
275789
275797
275882
276047
276057
276183
276190
276192
276197
276222
276240
276324
276353
276453
276461
276463
276501
276530
276536
276568
276771
276930
276984
277048
277051
277070
277078
277097
277116
277119
277199
277237
277243
277249
277267
277277
277283
277360
277369
277378
277387
277396
277398
277524
277556
277559
277606
277607
277658
277709
277714
277745
277778
277785
277833
277926
277949
277952
277957
277987
278009
278010
278035
278045
278056
278060
278138
278157
278183
278208
278238
278253
278283
278403
278410
278412
278421
278451
278493
278534
278546
278633
