156
195
371
438
458
460
518
541
567
572
578
590
666
920
967
986
1068
1077
1109
1128
1219
1285
1417
1461
1499
1541
1603
1678
1731
1853
1965
1979
2032
2172
2202
2211
2251
2265
2392
2495
2579
2761
2838
2976
3087
3222
3296
3310
3414
3459
3694
3710
3786
3836
3865
3899
3983
3999
4079
4125
4168
4169
4232
4245
4328
4615
4709
4946
5009
5137
5193
5238
5388
5454
5548
5798
5799
5803
5820
5864
5921
5980
6009
6035
6172
6375
6433
6436
6455
6459
6500
6525
6540
6545
6597
6628
6797
6854
7079
7129
7193
7196
7292
7326
7435
7620
7643
7648
7824
7860
7935
8011
8019
8026
8051
8093
8160
8194
8388
8440
8467
8644
8648
8756
8830
8921
8967
8968
8988
9050
9055
9065
9131
9158
9301
9308
9514
9551
9628
9631
9753
9762
9799
9818
10193
10242
10252
10281
10384
10436
10474
10583
10613
10624
10625
10766
11045
11081
11113
11346
11361
11518
11533
11585
11814
11828
11888
11951
12038
12041
12072
12074
12395
12476
12762
12989
12990
13009
13016
13066
13099
13189
13204
13283
13441
13492
13516
13523
13588
13622
13643
13687
13721
13748
13788
13816
13868
13915
13978
14118
14138
14190
14255
14652
14680
14820
14967
15001
15066
15110
15333
15354
15403
15478
15501
15537
15615
15654
15798
15802
15827
15839
15949
16028
16115
16142
16222
16270
16276
16314
16543
16637
16670
16881
17000
17120
17182
17278
17329
17389
17765
17803
17850
17860
17913
18045
18105
18175
18190
18507
18604
18632
18675
18697
18742
18831
18857
18920
18938
19078
19081
19138
19218
19230
19303
19326
19550
19551
19592
19631
19838
19890
19893
19897
19914
19961
19997
20049
20059
20124
20172
20198
20210
20256
20281
20390
20395
20569
20716
20740
20763
20800
20809
20818
20851
20886
20958
20960
20975
21030
21269
21320
21336
21367
21392
21418
21427
21567
21597
21642
21678
21703
21748
21762
21799
21806
21809
21837
21888
21928
22003
22004
22493
22610
22668
22669
22832
22946
23055
23124
23182
23189
23211
23223
23276
23368
23395
23412
23468
23480
23587
23590
23653
23677
23688
23715
23743
23754
23760
23764
23770
23808
23853
23893
23944
24011
24028
24159
24191
24205
24299
24330
24481
24549
24770
24817
24852
24885
24904
24983
25075
25121
25267
25336
25537
25553
25668
25707
25708
25721
25774
25986
26102
26168
26184
26186
26220
26262
26267
26302
26420
26519
26584
26676
26707
26713
26856
27038
27049
27142
27231
27484
27520
27582
27652
27860
27898
27900
27937
28073
28119
28132
28144
28159
28170
28241
28315
28317
28340
28398
28441
28528
28681
28689
28777
28883
28924
28967
28977
29167
29233
29249
29277
29306
29331
29333
29465
29470
29479
29572
29833
29929
30077
30154
30188
30194
30281
30451
30477
30626
30672
30722
30752
30773
30925
30928
30965
30967
30990
31200
31337
31383
31519
31523
31613
31710
31734
31737
31893
31974
31992
32003
32048
32103
32113
32123
32249
32333
32399
32426
32436
32677
32724
32785
32861
32951
32980
33004
33011
33030
33053
33131
33189
33216
33220
33246
33457
33644
33745
33763
33766
33768
33781
33789
33893
33953
34035
34113
34165
34178
34205
34219
34249
34269
34304
34386
34438
34445
34573
34637
34861
34886
35105
35235
35390
35426
35439
35449
35482
35614
35679
35694
35698
35699
35728
35895
35937
35966
35987
35989
35997
36016
36099
36206
36215
36224
36238
36270
36272
36276
36340
36353
36369
36457
36474
36728
36759
36876
36945
36961
37184
37465
37469
37505
37651
37681
37684
37694
37759
37801
37827
37831
37942
37970
38030
38115
38300
38307
38322
38376
38427
38497
38522
38604
38699
38745
38749
38799
38901
39002
39028
39249
39257
39424
39703
39716
39808
39936
39942
39953
39998
40029
40151
40178
40202
40207
40230
40257
40300
40433
40438
40448
40600
40618
40788
40854
40872
40901
40996
41018
41027
41062
41087
41123
41170
41309
41316
41400
41650
41656
41698
41823
41827
41868
42007
42210
42251
42487
42501
42601
42606
42635
42712
42733
42789
42839
42939
42940
43149
43181
43312
43358
43444
43500
43679
43737
43754
43778
43801
43834
43862
43865
43999
44225
44302
44309
44318
44321
44322
44332
44437
44500
44600
44607
44612
44633
44862
44890
44957
44990
45063
45172
45193
45266
45278
45282
45336
45370
45392
45402
45404
45579
45616
45770
45789
45856
45877
45964
46034
46038
46547
46572
46650
46858
46872
46888
46945
47032
47066
47145
47169
47180
47206
47357
47363
47429
47440
47452
47498
47584
47615
47629
47675
47831
47870
48007
48079
48125
48188
48214
48300
48351
48361
48536
48783
48795
48865
48958
49010
49189
49269
49276
49309
49332
49482
49514
49524
49646
49664
49733
49763
49835
49880
49951
50006
50031
50202
50226
50318
50340
50419
50504
50506
50586
50635
50661
50983
50998
51067
51094
51211
51233
51259
51273
51283
51320
51398
51415
51420
51476
51490
51679
51682
51722
51723
51749
51778
51815
51860
51888
52188
52189
52198
52209
52250
52264
52417
52423
52534
52674
52789
52808
52841
52856
52927
52968
53038
53124
53182
53302
53593
53718
53793
53825
53941
53985
54048
54064
54084
54108
54205
54217
54218
54248
54287
54328
54420
54453
54467
54477
54479
54482
54647
54674
54761
54812
55045
55191
55219
55224
55338
55455
55466
55477
55493
55494
55599
55660
55661
55809
55819
55970
55979
56160
56175
56190
56197
56205
56255
56311
56323
56345
56458
56573
56646
56652
56756
56786
56811
56901
56904
56931
57038
57045
57057
57067
57144
57197
57400
57424
57425
57462
57510
57574
57634
57671
57794
57851
57875
57915
57926
57947
58096
58154
58245
58272
58281
58347
58356
58366
58373
58395
58566
58578
58654
58670
58675
58685
58690
58863
58864
58992
59017
59149
59205
59262
59307
59454
59537
59620
59628
59842
59849
59858
59952
60008
60041
60045
60122
60183
60209
60233
60264
60369
60410
60450
60595
60604
60622
60636
60648
60723
60764
60827
60994
61008
61073
61142
61252
61344
61393
61431
61449
61464
61500
61658
61694
61906
61914
61994
61999
62047
62181
62367
62374
62388
62411
62450
62483
62493
62526
62536
62542
62762
62839
62935
62940
63111
63148
63179
63218
63219
63223
63233
63267
63311
63364
63428
63465
63551
63563
63576
63618
63633
63637
63640
63750
63860
63991
64131
64158
64171
64218
64226
64245
64259
64261
64269
64351
64550
64553
64782
64819
64934
64994
65013
65111
65169
65248
65278
65352
65487
65617
65835
65969
65984
66198
66249
66537
66618
66671
66734
66869
66995
67022
67126
67159
67212
67219
67242
67284
67375
67418
67439
67464
67535
67547
67553
67595
67646
67721
67732
67770
67797
67903
67991
68050
68229
68244
68331
68360
68367
68539
68824
68936
68981
69107
69140
69227
69261
69345
69469
69541
69601
69609
69667
69811
69877
69889
70196
70211
70216
70252
70294
70421
70525
70554
70611
70728
70740
70831
70832
70947
70983
71198
71205
71283
71316
71372
71398
71426
71429
71474
71577
71783
71787
71954
72001
72019
72070
72105
72133
72165
72185
72297
72348
72354
72413
72460
72464
72524
72600
72625
72641
72653
72696
72712
72854
72922
72963
73063
73173
73175
73192
73235
73267
73403
73411
73453
73570
73600
73602
73613
73716
73852
73864
73896
74023
74080
74112
74129
74145
74149
74150
74157
74201
74238
74275
74306
74311
74330
74476
74509
74547
74617
74687
74836
74885
74901
74945
74958
74997
75011
75031
75079
75097
75102
75138
75158
75221
75383
75509
75517
75598
75612
75648
75652
75699
75717
75730
75787
75871
75948
76327
76353
76381
76392
76399
76635
76655
77054
77058
77094
77116
77180
77297
77452
77466
77649
77650
77762
77799
77836
77951
77996
78067
78068
78241
78321
78384
78419
78476
78528
78559
78560
78621
78622
78960
79049
79100
79294
79382
79399
79406
79408
79470
79487
79510
79717
79761
79979
79985
80045
80053
80071
80091
80149
80259
80284
80339
80448
80637
80688
80690
81005
81244
81269
81303
81342
81485
81496
81503
81538
81638
81719
81822
81860
81914
81957
81987
82004
82022
82308
82361
82381
82385
82493
82527
82535
82538
82577
82605
82695
82727
82858
82902
82913
83051
83073
83083
83170
83195
83208
83223
83298
83315
83326
83688
83778
84119
84129
84163
84176
84196
84197
84307
84332
84387
84492
84643
84781
84813
84841
84954
84966
84976
84980
84991
85262
85326
85372
85381
85391
85513
85606
85789
85906
86159
86165
86347
86401
86411
86469
86667
86699
86776
86790
86992
87144
87190
87323
87351
87429
87475
87583
87595
87643
87662
87674
87690
87712
87748
87882
87961
88415
88447
88492
88583
88640
88694
88810
88960
89089
89115
89189
89386
89420
89465
89480
89512
89514
89550
89596
89675
89708
89833
90023
90171
90263
90271
90350
90448
90560
90584
90659
90783
90828
90834
90863
90877
90953
90992
91046
91179
91240
91280
91308
91327
91433
91447
91515
91671
91723
91755
91828
91870
91876
91966
92191
92261
92347
92383
92405
92513
92801
92807
92877
92901
93268
93388
93473
93520
93589
93804
93891
93947
94026
94147
94162
94323
94436
94621
94734
94778
94992
95021
95135
95151
95188
95251
95254
95371
95420
95509
95521
95548
95605
95635
95655
95720
95721
95837
95868
95888
95898
95903
95927
95955
96035
96094
96152
96348
96424
96427
96470
96562
96644
96648
96698
96710
96735
96861
96945
96992
97146
97201
97374
97576
97587
97653
97666
97682
97698
97717
97790
97886
97896
97991
98007
98008
98014
98033
98076
98084
98187
98201
98206
98221
98262
98324
98366
98386
98448
98450
98451
98483
98496
98532
98638
98682
98717
98758
98844
98890
98917
98933
98996
99064
99068
99105
99261
99325
99344
99382
99394
99513
99614
99655
99705
99785
99817
99833
99884
99891
99974
100111
100141
100349
100371
100446
100597
100664
100795
100901
100910
100973
101028
101043
101134
101152
101326
101328
101340
101440
101582
101602
101609
101617
101624
101677
101695
101697
101796
102075
102091
102108
102218
102238
102245
102256
102296
102425
102443
102477
102493
102564
102610
102615
102671
102707
102783
102810
102902
103008
103072
103089
103124
103147
103208
103236
103322
103334
103587
103699
103732
103781
103792
103979
104009
104028
104167
104237
104283
104298
104321
104414
104458
104547
104574
104598
104699
104741
104759
104772
104782
104805
104839
104949
105191
105200
105225
105453
105511
105614
105638
105748
105821
105836
105851
105869
105978
105987
105990
106116
106130
106169
106343
106367
106374
106458
106536
106607
106636
106806
106969
106971
107106
107168
107173
107203
107210
107287
107313
107351
107355
107384
107398
107418
107637
107701
107937
107970
108035
108121
108149
108282
108338
108353
108496
108635
108642
108666
108757
108861
108927
108959
108979
109007
109173
109206
109288
109401
109425
109448
109472
109650
109664
109743
109810
109954
109961
109984
110011
110059
110148
110171
110328
110562
110576
110618
110671
110745
110789
110842
111013
111082
111123
111156
111158
111236
111259
111262
111266
111287
111328
111424
111454
111494
111538
111570
111678
111721
111795
111844
111885
111903
112263
112288
112407
112459
112556
112644
112675
112679
112825
112837
112949
113070
113073
113119
113127
113131
113184
113235
113310
113522
113577
113582
113691
113740
113816
113939
114146
114194
114221
114273
114328
114342
114395
114399
114424
114464
114497
114603
114744
114874
114879
114887
115058
115088
115214
115226
115244
115299
115399
115491
115504
115508
115531
115543
115563
115662
115704
115722
115834
115847
115856
115932
115948
116056
116098
116116
116122
116123
116130
116150
116182
116195
116224
116514
116554
116604
116649
116653
116696
116706
116780
116827
116876
116884
116943
117022
117069
117103
117144
117306
117310
117327
117347
117356
117386
117550
117582
117620
117647
117697
117705
117730
117736
117778
117785
118133
118477
118498
118687
118699
118712
118796
118894
118906
118927
118986
119029
119059
119070
119189
119201
119302
119304
119329
119344
119375
119423
119435
119474
119543
119552
119671
119694
119737
119796
119892
119910
119942
119995
120048
120316
120343
120429
120458
120466
120624
120765
120843
120870
120894
120914
120950
120977
120985
121149
121219
121220
121224
121234
121344
121376
121431
121466
121478
121491
121517
121580
121605
121816
121980
122012
122101
122107
122110
122123
122158
122239
122263
122281
122509
122700
122739
122777
122830
122890
122898
123032
123034
123079
123092
123096
123151
123176
123206
123292
123310
123335
123373
123375
123398
123527
123705
123954
123981
123993
124017
124025
124090
124386
124477
124676
124866
124967
124984
125128
125132
125146
125227
125235
125248
125266
125281
125283
125368
125453
125458
125459
125516
125563
125634
125752
125969
126010
126037
126110
126341
126382
126443
126461
126548
126644
126703
126710
126859
126912
127025
127037
127054
127060
127126
127144
127217
127321
127342
127437
127449
127450
127514
127530
127596
127606
127719
127761
127792
127900
128048
128052
128067
128114
128274
128321
128448
128478
128539
128572
128632
128719
128726
128780
128799
128821
128952
128972
128974
128995
128998
129202
129225
129311
129438
129498
129551
129641
129759
129764
129793
129869
129871
129905
129952
129989
130052
130070
130088
130096
130141
130265
130444
130457
130459
130609
130675
130749
130838
130917
131006
131106
131147
131216
131387
131414
131466
131639
131700
131704
131706
131790
131947
132012
132021
132098
132149
132164
132178
132217
132236
132354
132426
132504
132511
132628
132764
132776
133178
133244
133285
133318
133349
133364
133721
133796
133875
134068
134070
134072
134156
134168
134197
134222
134247
134294
134299
134313
134323
134515
134516
134579
134762
134771
134852
134876
135002
135170
135196
135199
135226
135269
135329
135340
135346
135426
135435
135462
135577
135615
135665
135748
135818
135852
136011
136012
136157
136172
136180
136326
136332
136538
136601
136693
136706
136748
136776
136777
136778
136798
136849
137048
137053
137105
137134
137139
137141
137176
137276
137391
137396
137531
137565
137628
137678
137728
137768
137862
137908
137920
138022
138115
138120
138248
138281
138316
138318
138351
138366
138388
138405
138424
138481
138521
138538
138619
138694
138837
138889
138931
139055
139089
139146
139174
139233
139250
139261
139281
139533
139561
139599
139606
139607
139688
139689
139703
139845
139867
139897
139941
139984
139991
140098
140206
140257
140383
140528
140630
140845
140945
141117
141199
141213
141273
141284
141315
141351
141401
141512
141600
141734
141799
141803
141918
141960
142131
142148
142200
142293
142294
142380
142420
142460
142489
142599
142655
142865
143027
143137
143155
143337
143444
143514
143541
143560
143611
143657
143678
143689
143800
143879
143901
143928
144052
144056
144071
144079
144092
144112
144147
144166
144207
144360
144361
144472
144500
144540
144795
144804
144834
145081
145116
145121
145316
145330
145388
145391
145440
145471
145541
145549
145669
145683
145888
145916
145954
145955
145984
145999
146020
146111
146126
146130
146142
146171
146227
146247
146309
146318
146348
146376
146431
146623
146634
146769
146849
146987
147019
147051
147096
147208
147257
147346
147455
147477
147660
147797
147822
147827
147837
147869
148059
148220
148721
148868
148888
148890
148926
149061
149070
149110
149118
149120
149178
149184
149391
149441
149458
149475
149489
149541
149572
149605
149609
149858
149861
149997
150055
150078
150143
150287
150293
150417
150487
150586
151066
151134
151220
151390
151424
151433
151545
151755
151802
151852
151875
151912
151937
152133
152207
152247
152428
152445
152467
152476
152548
152563
152569
152601
152674
152803
152814
152865
152902
152934
152966
152987
153074
153108
153197
153308
153623
153733
153750
153766
153798
153803
153825
153896
153980
154082
154104
154217
154277
154291
154295
154529
154614
154656
154760
154770
154824
154895
154933
154941
154951
154954
155011
155019
155141
155144
155211
155433
155438
155446
155499
155536
155622
155678
155699
155701
155755
155788
155791
156023
156048
156191
156196
156197
156314
156427
156508
156586
156906
156924
157118
157232
157290
157358
157366
157482
157565
157569
157701
157812
157838
157840
157907
157911
157981
158021
158074
158109
158176
158188
158226
158471
158501
158523
158530
158531
158602
158630
158645
158733
158781
158807
158968
159038
159073
159091
159251
159415
159516
159519
159539
159545
159577
159668
159684
159835
159986
160113
160122
160133
160157
160407
160438
160551
160678
160680
160689
160703
160781
160816
160826
160860
160993
161093
161195
161256
161458
161478
161540
161543
161567
161648
161736
161740
161888
162087
162157
162172
162260
162300
162405
162607
162616
162620
162646
162682
162692
162709
162721
162831
162836
162890
163039
163094
163172
163234
163395
163633
163647
163750
163801
163811
163984
164013
164087
164117
164187
164253
164302
164423
164425
164428
164430
164455
164493
164604
164627
164638
164689
164691
164748
164777
164788
164800
164843
164872
164905
164972
165056
165060
165182
165317
165349
165364
165381
165448
165482
165510
165688
165719
165737
165787
165920
165960
166010
166094
166191
166203
166330
166407
166417
166438
166616
167000
167043
167045
167081
167126
167142
167481
167497
167541
167557
167716
167887
167955
168066
168195
168269
168500
168527
168579
168587
168598
168638
168701
168729
168758
168773
168815
168848
168956
169039
169062
169107
169167
169205
169242
169255
169272
169274
169351
169409
169420
169646
169727
169776
169799
169872
169990
170029
170120
170168
170265
170289
170360
170389
170448
170472
170561
170636
170710
170934
171027
171069
171104
171177
171225
171420
171685
171752
171939
171988
172230
172379
172586
172636
172684
172691
172695
172772
172937
173039
173057
173090
173102
173134
173151
173192
173267
173269
173400
173443
173458
173465
173503
173535
173580
173711
173821
174007
174024
174078
174086
174161
174338
174354
174515
174516
174552
174617
174779
174979
175014
175067
175105
175113
175201
175226
175306
175370
175408
175448
175520
175597
175609
175671
175683
175762
175777
175954
176009
176023
176064
176152
176190
176266
176381
176541
176557
176564
176592
176758
176840
176846
176854
176924
176992
177016
177152
177239
177268
177283
177316
177378
177391
177513
177516
177566
177612
177623
177714
177723
177791
177820
177871
177879
177888
177982
178098
178129
178166
178169
178206
178211
178232
178406
178564
178720
178766
178821
178887
178961
179036
179094
179114
179154
179187
179284
179305
179356
179366
179387
179437
179643
179652
179670
179684
179701
179703
179711
179875
179902
179912
179957
180168
180243
180393
180451
180473
180474
180491
180579
180583
180600
180606
180657
180670
180717
180800
180831
180961
180989
181035
181066
181105
181205
181299
181344
181349
181405
181492
181500
181526
181585
181636
181686
181704
181832
181899
181958
181978
182007
182037
182065
182099
182154
182166
182221
182280
182290
182400
182404
182431
182453
182551
182758
182790
182892
182946
182961
183145
183160
183300
183421
183653
183685
183726
183866
183903
183914
183946
183978
184004
184049
184088
184131
184190
184261
184340
184392
184445
184447
184636
184651
184930
184975
184979
185059
185200
185291
185299
185342
185421
185452
185498
185725
185748
185767
185783
185816
185932
186012
186039
186148
186152
186192
186340
186427
186526
186608
186672
186790
186873
186886
186915
187142
187155
187185
187214
187278
187324
187502
187536
187707
187767
187784
187799
187919
187933
187948
188239
188357
188382
188391
188410
188450
188483
188523
188524
188600
188631
188804
188978
188985
189003
189008
189029
189262
189358
189478
189482
189513
189574
189689
189690
189735
189737
189769
189774
189877
189965
190085
190168
190264
190315
190354
190361
190396
190404
190454
190558
190569
190579
190609
190666
190702
190709
190749
190801
190853
190950
191010
191221
191226
191279
191491
191571
191697
191743
191782
191787
191897
191898
191957
192024
192058
192135
192139
192420
192469
192483
192617
192686
192697
192873
192884
192912
192944
192991
193036
193057
193082
193109
193138
193139
193199
193207
193389
193499
193524
193600
193640
193680
193797
193881
194113
194330
194350
194428
194465
194498
194511
194792
195083
195185
195296
195374
195508
195660
195795
195820
195905
195913
196048
196139
196158
196305
196327
196408
196409
196507
196528
196570
196602
196696
196727
196806
196807
196817
196829
196963
196968
196978
197006
197010
197059
197281
197326
197351
197376
197436
197450
197630
197696
197703
197711
197740
197773
197820
197864
197948
198021
198066
198081
198085
198168
198199
198224
198229
198251
198298
198310
198315
198426
198483
198565
198832
198843
198845
198904
198944
199082
199301
199305
199348
199373
199402
199407
199415
199461
199472
199504
199582
199585
199675
199693
199800
199849
199850
199924
200343
200427
200432
200514
200534
200535
200573
200617
200704
200792
200822
200947
200965
200967
200969
201045
201076
201101
201162
201261
201263
201304
201327
201408
201557
201570
201655
201801
201833
201859
202044
202060
202254
202505
202543
202548
202733
202756
202831
202877
202968
202983
203109
203126
203157
203246
203269
203385
203647
203662
203887
203916
203921
204174
204187
204204
204208
204262
204285
204436
204519
204604
204612
204661
204709
204756
204802
205149
205185
205352
205379
205382
205389
205503
205590
205711
205835
205891
205927
206004
206062
206095
206134
206172
206184
206206
206209
206218
206311
206498
206519
206683
206728
206750
206788
206808
206880
206991
207104
207116
207134
207154
207155
207195
207299
207332
207429
207498
207535
207632
207794
207825
207852
207855
207887
207991
208019
208043
208090
208113
208122
208123
208170
208205
208242
208257
208344
208362
208414
208522
208550
208722
208776
208799
208841
208857
208939
209025
209136
209271
209291
209416
209436
209488
209537
209560
209607
209618
209652
209680
209733
209758
209760
209784
209832
209885
210002
210032
210079
210086
210189
210226
210301
210385
210443
210469
210562
210609
210659
210661
210664
210769
210853
210914
210962
211024
211071
211159
211164
211231
211413
211505
211513
211686
211739
211763
211796
211814
211821
211854
211999
212027
212101
212171
212198
212234
212312
212318
212356
212381
212464
212623
212669
212725
212737
212913
212917
212979
213137
213163
213316
213359
213422
213483
213494
213512
213522
213550
213575
213632
213634
213643
213788
213847
213898
213909
214064
214092
214199
214260
214292
214398
214752
214756
214896
214939
214998
215004
215016
215026
215108
215120
215177
215228
215339
215386
215410
215607
215745
215761
215846
215864
215994
216049
216081
216160
216164
216166
216355
216462
216482
216574
216615
216619
216672
216687
216824
216914
217146
217479
217559
217582
217606
217636
217794
217799
217880
217883
217891
217904
217933
217944
217976
218095
218165
218219
218225
218303
218315
218345
218367
218493
218589
218629
218883
218928
218932
218970
219059
219178
219198
219237
219310
219328
219345
219462
219538
219870
219881
219909
219965
220019
220040
220175
220185
220212
220225
220232
220338
220391
220400
220432
220641
220683
220990
221004
221075
221201
221262
221305
221349
221396
221433
221563
221641
221654
221697
221787
221800
221851
222031
222051
222093
222113
222174
222326
222337
222361
222417
222510
222517
222594
222624
222651
222810
222961
222970
223171
223184
223331
223401
223476
223545
223558
223571
223820
223836
224031
224087
224175
224203
224210
224216
224399
224461
224608
224629
224632
224669
224714
224776
224854
224934
224961
224982
225107
225142
225168
225254
225319
225320
225530
225572
225596
225765
225810
225836
225995
226017
226053
226136
226168
226193
226310
226339
226350
226372
226378
226483
226533
226672
226823
226926
226955
226983
227032
227137
227161
227268
227296
227308
227406
227408
227504
227560
227592
227617
227688
227740
227933
227953
227962
227971
227973
227988
228012
228096
228215
228366
228389
228568
228642
228666
228687
228765
228817
228905
229057
229062
229215
229367
229487
229492
229613
229624
229628
229808
229849
229968
230108
230109
230139
230319
230349
230360
230411
230422
230434
230456
230522
230625
230642
230722
230831
230872
230997
231004
231043
231098
231200
231211
231566
231603
231605
231741
231753
231793
231852
231893
231920
232082
232160
232346
232489
232525
232559
232560
232687
232692
232694
232728
232821
232980
233306
233390
233544
233565
233567
233630
233634
233752
233798
234120
234149
234331
234350
234439
234518
234620
234683
234708
234773
234812
235262
235265
235267
235276
235294
235317
235375
235396
235399
235405
235421
235431
235450
235477
235518
235524
235712
235792
235875
235882
235891
235936
235979
236018
236023
236114
236140
236162
236190
236209
236366
236421
236463
236469
236541
236698
236704
236714
236773
236788
236874
236893
236912
236964
237016
237025
237063
237082
237114
237219
237259
237443
237454
237471
237475
237491
237569
237613
237684
237739
237835
237836
237965
237980
238001
238014
238061
238123
238158
238278
238528
238601
238606
238633
238728
238820
238858
238869
239008
239041
239072
239079
239108
239119
239171
239296
239492
239600
239607
239670
239900
239935
239973
240065
240067
240121
240144
240188
240200
240255
240343
240344
240403
240500
240667
240770
240895
240918
241005
241158
241298
241302
241344
241406
241498
241610
241678
241759
241823
241914
242011
242022
242052
242091
242098
242100
242154
242182
242199
242334
242335
242363
242364
242405
242425
242467
242497
242871
243101
243136
243174
243182
243216
243298
243329
243406
243442
243456
243521
243615
243718
243837
243849
243867
243930
243934
243962
243992
243993
244024
244031
244083
244137
244171
244252
244283
244296
244440
244482
244489
244524
244597
244627
244662
244725
244792
244954
245004
245026
245082
245119
245122
245162
245217
245263
245290
245384
245539
245795
245797
245827
245852
245888
246030
246064
246131
246180
246280
246296
246473
246519
246544
246612
246616
246757
246761
246788
247015
247229
247392
247438
247486
247512
247522
247552
247587
247596
247632
247680
247727
247748
247780
247838
247852
247955
247957
248144
248411
248419
248528
248565
248645
248726
248786
248803
248810
248831
248857
248866
248877
249008
249113
249137
249157
249160
249199
249326
249399
249401
249554
249581
249585
249646
249702
249705
249723
249729
249761
249795
249884
249897
249958
250016
250027
250173
250187
250222
250373
250434
250462
250513
250523
250850
250986
251059
251161
251224
251291
251299
251309
251418
251479
251583
251806
251813
251864
251868
251919
252001
252152
252195
252253
252308
252319
252482
252517
252591
252595
252732
252737
252802
252836
252900
253026
253055
253101
253165
253255
253265
253296
253391
253520
253754
253968
254006
254093
254176
254223
254364
254368
254396
254402
254447
254548
254569
254667
254707
254760
254804
254878
254909
255078
255093
255113
255183
255324
255376
255501
255521
255532
255586
255749
255857
255883
255898
256007
256063
256066
256133
256159
256169
256238
256337
256344
256359
256499
256608
256706
256807
256845
256853
256898
256907
256923
256950
256978
257051
257088
257179
257466
257480
257697
257753
257857
257874
257920
257954
258050
258231
258333
258343
258367
258653
258661
258824
258850
258982
259070
259113
259239
259241
259273
259371
259437
259511
259516
259544
259720
259871
259964
259991
260064
260117
260170
260177
260224
260269
260282
260324
260341
260353
260356
260487
260538
260561
260630
260641
260666
260687
260765
260937
260986
260997
261012
261062
261127
261129
261180
261186
261204
261252
261305
261573
261591
261644
261706
261715
261748
261859
261930
262237
262240
262256
262314
262450
262486
262503
262605
262620
262646
262648
262719
262752
262779
262788
262815
262839
262868
262912
262953
262999
263001
263023
263078
263092
263094
263159
263241
263250
263351
263434
263440
263459
263461
263536
263600
263618
263619
263785
263818
263825
263847
263898
263923
263950
264119
264178
264214
264242
264303
264380
264440
264481
264503
264565
264622
264675
264720
264771
264778
264804
264825
264839
264868
264873
264984
265190
265417
265454
265473
265552
265558
265611
265623
265643
265682
265722
265770
265871
265906
266102
266118
266138
266198
266235
266360
266385
266475
266508
266516
266539
266679
266707
266780
266871
266876
266952
267072
267135
267165
267238
267244
267305
267483
267579
267722
267804
267867
267960
268037
268077
268184
268219
268250
268263
268266
268281
268373
268382
268398
268457
268529
268926
269113
269165
269217
269222
269234
269323
269330
269421
269491
269503
269543
269620
269753
269793
269847
270037
270045
270058
270064
270188
270207
270259
270284
270347
270352
270380
270384
270386
270423
270497
270641
270653
270657
270829
270875
271063
271072
271099
271113
271198
271259
271300
271366
271439
271490
271510
271556
271719
271739
271852
272080
272081
272104
272243
272249
272315
272374
272454
272456
272467
272522
272571
272717
272761
272910
272931
273164
273176
273294
273475
273518
273532
273562
273674
273688
273693
273701
273732
273754
273816
273870
273888
273958
273973
274039
274106
274218
274273
274460
274524
274549
274600
274679
274713
274725
274789
274810
274845
274876
274962
275055
275074
275155
275156
275253
275255
275318
275377
275402
275516
275624
275676
275694
275795
275855
275876
275907
275946
276000
276071
276073
276107
276153
276172
276180
276282
276538
276594
276596
276634
276756
276797
276876
276898
276953
276997
277054
277142
277445
277513
277531
277565
277594
277598
277626
277672
277786
277919
277921
277948
277954
277963
277975
277986
278068
278118
278200
278220
278252
278264
278272
278356
278386
278418
278429
278491
278526
278577
278618
