33
70
129
151
323
362
560
602
616
735
939
1059
1060
1110
1146
1184
1340
1624
1684
1689
1762
1827
2043
2068
2184
2201
2627
2731
2741
3094
3215
3240
3250
3658
3752
3990
4019
4046
4199
4289
4537
4573
4680
4713
4807
5180
5321
5595
5757
5847
5871
5879
5990
6083
6519
6552
6603
6673
6738
6827
6830
6976
7092
7143
7230
7258
7262
7266
7278
7524
7612
7627
7630
7707
7865
7922
8016
8043
8339
8347
8421
8516
8613
8790
8855
8878
8919
8924
9100
9325
9354
9358
9397
9938
9996
10139
10330
10475
10585
10601
10646
10808
10828
10902
11029
11096
11314
11504
11515
11616
11669
11885
12283
12491
12536
12537
12575
12978
13231
13242
13268
13298
13456
13518
13630
13860
14366
14410
14430
14685
14689
14691
14784
14920
15024
15048
15067
15079
15256
15680
15754
16104
16161
16282
16295
16393
16441
16451
16578
16688
16745
17125
17138
17181
17314
17436
17478
17496
17655
17749
17872
17877
18084
18558
18683
18722
18731
18747
18793
18818
18823
19027
19308
19492
20073
20280
20364
20466
20574
20619
20627
20669
20776
20888
20898
20962
21026
21461
21510
21674
21729
21731
21732
21757
21851
21862
21914
21938
21944
22155
22175
22467
22663
22684
23002
23072
23139
23474
23488
23513
23976
24133
24179
24235
24500
24726
24733
24827
24828
24846
24857
25019
25429
25504
25523
25560
25590
26159
26188
26203
26304
26638
26717
26743
26747
27019
27035
27066
27082
27098
27193
27693
27799
28143
28158
28303
28305
28403
28404
28452
28455
28486
28573
28912
28966
29127
29139
29588
29673
29769
29787
29845
30002
30126
30148
30160
30235
30738
30753
30759
30764
30799
30851
30862
30939
30948
30994
31019
31197
31317
31331
31451
31468
31510
31525
31594
31605
31661
31723
31724
31752
32049
32240
32288
32349
32625
32917
32949
32973
33015
33228
33333
33520
33661
33663
33821
33836
34115
34254
34284
34298
34365
34392
34454
34756
34761
34948
34960
35020
35265
35412
35461
35502
35681
36078
36168
36182
36269
36283
36357
36386
36427
37416
37440
37598
37718
37760
37894
37933
37974
37989
38041
38171
38245
38385
38403
38410
38563
38621
38683
38856
38925
38945
38952
38969
39174
39393
39456
39509
39555
39835
39902
39969
39987
39999
40012
40152
40186
40367
40520
40560
40598
40652
40704
40777
40829
40899
41092
41249
41255
41322
41427
41485
41605
41799
41886
41896
41974
41979
42060
42068
42339
42700
43160
43165
43231
43257
43259
43306
43334
43342
43446
43565
43569
43576
43580
43774
43789
43833
43918
44136
44231
44385
44526
44614
44773
44909
45019
45026
45165
45187
45255
45270
45316
45317
45324
45391
45550
45554
45620
45730
45966
46019
46036
46215
46217
46223
46290
46372
46416
46486
46490
46592
46597
46601
46717
46749
47026
47093
47159
47713
47923
48044
48047
48083
48089
48138
48168
48209
48213
48557
48753
48891
48894
48980
49451
49461
49546
49668
49784
49821
49982
50320
50475
50692
50760
51009
51134
51163
51330
51339
51399
51455
51456
51462
51480
51484
51684
51748
51776
51830
51870
51883
52070
52194
52368
52410
52416
52575
52769
52798
53171
53384
53523
53815
53847
54013
54193
54270
54286
54300
54311
54321
54435
54594
54605
54662
54723
54739
55028
55071
55093
55302
55374
55430
55441
55515
55567
55681
55744
55838
56118
56416
56423
56432
56628
56883
56884
57184
57195
57227
57445
57447
57466
57522
57555
57619
57638
57655
57680
57694
57958
57960
58000
58002
58003
58023
58391
58426
58460
58662
58709
58712
58714
58903
59018
59315
59786
60179
60201
60289
60398
60463
60468
60488
60709
60905
61143
61230
61435
61639
61848
62256
62478
62593
62738
62838
63054
63166
63186
63374
63384
63498
63876
63885
63937
64006
64016
64018
64168
64309
64311
65015
65137
65160
65220
65486
65572
65706
65709
65714
66112
66311
66375
66468
66484
66530
66576
66595
66927
66960
67167
67246
67288
67321
67350
67373
67380
67461
67482
67506
67520
67527
67641
67758
67856
68047
68076
68077
68078
68257
68318
68329
68381
68593
68742
68771
68811
68816
68846
68921
68937
68942
68967
68987
69020
69130
69223
69297
69342
69588
70328
70403
70440
70523
70538
70639
70641
70654
70868
70952
70965
71000
71254
71369
71448
71453
71566
71738
71953
72052
72316
72318
72429
72481
72487
72507
72605
72764
73096
73236
73327
73347
73546
73639
73692
73862
73868
74092
74197
74221
74224
74308
74413
74545
74656
74792
75065
75368
75626
75636
75715
75901
75913
76020
76068
76076
76562
76824
76987
77326
77403
77409
77459
77609
77653
77683
77767
77771
77798
77803
78065
78112
78166
78228
78333
78389
78414
78447
78452
78579
78791
79153
79213
79224
79293
79346
79410
79491
79571
79579
80323
80589
80590
80608
80644
80769
80927
80958
81202
81427
81564
81907
81923
82043
82270
82353
82416
82791
82795
82851
82930
83095
83099
83638
83666
83681
83728
83960
84088
84094
84150
84158
84219
84343
84375
84770
84945
84971
85012
85239
85334
85382
85603
85814
85907
86397
86418
86626
86720
86957
86968
86982
87024
87474
87549
87561
87614
87615
88030
88237
88313
88443
88525
88540
88550
88785
89095
89108
89235
89339
89372
89601
89677
89735
89774
89969
90175
90259
90435
90556
90658
90764
90855
90939
90950
90998
91281
91285
91440
91463
91533
91550
91710
91780
91825
91895
91980
92189
92190
92279
92306
92330
92378
92563
92588
93218
93381
93888
93936
93954
94070
94223
94396
94423
94539
94674
94677
94707
94907
95480
95513
95639
95676
95760
95785
95935
95978
96097
96138
96153
96372
96506
96678
96697
96815
96821
96848
96885
96929
96977
97145
97163
97168
97217
97264
97416
97470
97588
97617
97795
97952
98012
98265
98388
98581
98672
98749
99005
99012
99045
99077
99135
99207
99237
99362
99398
99416
99588
99623
99649
99762
99870
99936
99984
99993
100133
100278
100553
100555
100564
100698
100845
100864
100953
101140
101230
101232
101634
101657
101752
101885
101931
101949
102030
102177
102358
102441
102457
102685
102695
102726
102749
102856
102943
103044
103169
103349
103433
103441
103713
103754
103832
103872
103972
104089
104091
104144
104240
104343
104411
104520
104607
104818
105049
105246
105320
105362
105379
105381
105583
105670
105750
105832
105837
106002
106088
106142
106188
106211
106304
106508
106621
106635
106670
106685
106814
106843
106848
106865
106870
106872
106925
106943
107005
107031
107067
107093
107125
107138
107190
107193
107411
107769
107951
107963
108079
108179
108190
108206
108209
108498
108614
108679
108703
108726
108824
108870
108965
108997
109040
109088
109219
109253
109280
109305
109465
109647
109680
109683
109764
109770
109845
109874
109942
110346
110457
110460
110480
110714
110715
110963
111223
111225
111642
111982
111997
112006
112051
112103
112184
112240
112291
112306
112311
112889
113081
113090
113108
113115
113664
113672
113715
113807
113839
113865
113925
114032
114322
114854
114978
115038
115059
115518
115646
115700
115750
115935
116099
116108
116383
116501
116579
116945
117045
117142
117319
117731
117863
117916
117931
118109
118169
118221
118508
118574
118789
118861
118870
119177
119251
119257
119306
119422
119542
119704
119948
120061
120116
120450
120495
120504
120548
120602
121214
121306
121338
121384
121579
121706
121902
121991
122091
122130
122133
122247
122436
122546
122730
122872
122982
123148
123396
123443
123479
123615
123646
123703
123839
123972
124091
124167
124201
124393
124640
124841
124975
125033
125238
125241
125321
125572
125633
125674
125791
125855
126388
126950
127057
127175
127221
127349
127619
127620
127624
127695
127747
127973
127986
128101
128336
128361
128469
128490
128496
128537
128590
128628
128705
128765
128794
129093
129280
129357
129376
129538
129608
129705
129873
130127
130201
130403
130409
130475
130629
130630
130782
130852
131081
131094
131146
131150
131284
131370
131508
131598
131933
132129
132147
133008
133195
133588
133644
134044
134067
134209
134263
134467
134472
134474
134545
134617
134825
134863
134976
135033
135075
135407
135563
135616
135696
135894
135978
136044
136055
136075
136121
136211
136325
136437
136534
136622
136771
136851
136923
137064
137241
137255
137570
137709
137822
137946
138020
138130
138417
138422
138505
138610
138668
138839
138892
138893
139314
139410
139468
139532
139581
139659
139737
139832
139914
139936
139964
140028
140071
140155
140210
140348
140598
140655
140674
140772
140832
141184
141625
141716
141725
141768
141831
141855
141914
141998
142044
142104
142160
142209
142366
142385
142484
142495
142657
142669
142835
142837
142863
143055
143189
143372
143520
143576
143823
144125
144291
144381
144547
144618
144631
144682
144690
144713
144789
145185
145234
145317
145392
145509
145767
145876
146019
146035
146080
146158
146286
146298
146325
146339
146446
146565
146577
146657
146883
147168
147325
147534
147554
147852
147886
147916
148002
148019
148037
148174
148288
148314
148367
148482
148637
148643
148649
148871
148966
149194
149358
149361
149459
149868
149869
150430
150670
150757
150911
151067
151180
151264
151372
151604
151715
151825
151886
152069
152164
152850
152857
152918
153414
153587
153760
153792
153864
153895
153997
154041
154150
154155
154258
154275
154645
154693
154726
154894
154973
155026
155131
155264
155297
155415
155470
155566
155633
155745
155748
155896
155962
156041
156088
156147
156169
156662
156700
157064
157252
157478
157513
157792
157912
158048
158137
158550
158636
159016
159040
159216
159234
159250
159309
159332
159369
159831
159960
160042
160123
160237
160345
160409
160582
160657
160841
161122
161134
161520
161541
161618
161655
161733
161747
161806
162129
162221
162263
162442
162514
162625
162642
162652
162716
162865
162889
162909
163144
163170
163199
163409
163448
163714
163802
163908
163967
163999
164037
164054
164229
164240
164387
164585
164686
164856
165179
165197
165398
165449
165454
165460
165568
165585
165605
165651
165667
165745
165807
165836
165865
165876
165896
165968
165971
166026
166156
166271
166366
166382
166387
166426
166469
166572
166682
166705
166721
166728
166856
166859
166904
166925
166935
166982
166998
167124
167181
167215
167402
167612
167617
167750
168038
168239
168495
168510
168836
168979
169027
169263
169394
169466
169543
169616
169728
169755
169781
169909
169977
170194
170398
170559
170765
170871
170889
171188
171189
171328
171482
171590
171631
171657
171783
172044
172304
172323
172355
172418
172533
172659
172758
172854
172864
173271
173366
173371
173913
174206
174282
174297
174381
174412
174578
175027
175110
175235
175276
175308
175612
175673
175737
175774
175990
176000
176036
176100
176167
176174
176382
176416
176673
176727
176795
176808
176913
176918
177134
177143
177427
177636
177644
177767
177771
177843
178208
178266
178286
178477
178565
178575
178712
178729
178824
178881
178957
178984
179031
179141
179144
179456
179497
179502
179617
179673
179709
179714
179904
179908
180135
180149
180163
180310
180669
180751
180784
180931
181123
181336
181351
181505
181513
181785
181849
182055
182091
182106
182340
182809
182964
183015
183032
183135
183306
183335
183338
183409
183415
183537
183538
183543
183544
183558
183572
183838
183934
184103
184107
184287
184487
184690
184814
184817
184945
184957
185793
185873
185900
185968
185975
186034
186053
186304
186425
186547
186841
186862
186863
186904
186906
186972
187317
187351
187374
187639
188064
188138
188449
188482
188639
188677
188681
188772
188881
188916
188922
188953
188969
189041
189050
189114
189131
189228
189465
189477
189502
189505
189581
189717
189801
189804
189874
189942
189959
190058
190182
190302
190311
190399
190435
190436
190450
190473
190502
190505
190511
190535
190573
190583
190776
190782
191019
191130
191169
191252
191329
191332
191359
191391
191625
191756
191815
191980
192213
192252
192425
192620
192724
192731
192778
192900
192915
193100
193243
193267
193293
193298
193314
193367
193422
193427
193461
193500
193559
193594
193679
193813
193891
193939
193947
193990
194238
194483
194502
194790
195224
195228
195263
195463
195542
195551
195645
195865
195901
195955
195981
195999
196017
196082
196096
196186
196248
196281
196295
196369
196414
196438
196467
196535
196708
196771
196799
196966
196991
197050
197315
197422
197433
197545
197593
197597
197605
197706
197796
197879
197909
198092
198197
198252
198326
198340
198574
198603
198686
198717
198810
199153
199276
199323
199367
199368
199593
199677
199925
199941
200046
200113
200320
200330
200333
200436
200480
200662
200852
200972
201173
201396
201827
201840
201970
201973
202134
202148
202162
202363
202404
202483
202636
202844
202874
202923
202944
203005
203062
203083
203177
203279
203444
203483
203724
203736
203755
203765
203784
203846
204183
204344
204347
204400
204958
204980
205014
205656
205867
205937
206080
206083
206175
206204
206336
206343
206523
206819
206843
206921
206975
207004
207294
207316
207363
207436
207543
207545
207560
207688
207751
207909
208004
208167
208172
208302
208529
208557
208891
208898
208978
209100
209108
209161
209207
209235
209447
209563
209626
209775
209889
210072
210132
210305
210306
210379
210392
210482
210483
210632
210744
210778
210800
210827
210961
211049
211059
211195
211370
211391
211558
211580
211582
211714
212088
212089
212173
212178
212396
212462
212606
212627
212928
213003
213153
213327
213504
213544
213664
213731
213834
214198
214324
215210
215212
215222
215901
216163
216214
216309
216506
216587
216618
216954
217197
217375
217398
217549
217611
217641
217773
217795
217840
217879
217985
218352
218485
218525
218606
218609
218739
218759
218832
218925
219110
219221
219363
219501
219690
219781
219893
219913
220103
220145
220223
220235
220270
220297
220332
220436
220543
220675
220684
220927
221048
221068
221219
221263
221274
221414
221477
222017
222074
222095
222239
222241
222382
222514
222555
222642
222705
222755
222807
222922
222986
222991
223140
223205
223252
223258
223265
223368
223382
223486
223534
223767
223801
223832
223857
224308
224643
224672
224801
224802
224907
224936
224943
224986
225104
225128
225387
225558
225629
225639
225696
225858
226203
226213
226246
226503
226585
226750
226986
227026
227197
227332
227393
227662
227702
227708
227728
227750
227949
227968
228050
228196
228199
228204
228243
228254
228337
228481
228750
228868
228935
229060
229068
229203
229293
229479
229486
229729
230071
230159
230447
230472
230685
230787
230848
230873
230947
230949
231036
231082
231137
231140
231233
231271
231382
231579
231671
231873
231985
232166
232237
232339
232345
232491
232610
232729
232890
232898
232902
232973
233046
233747
233863
233889
234230
234299
234319
234327
234352
234404
234652
234666
234791
234837
234910
234934
234964
235379
235382
235562
235728
235869
235978
236235
236410
236524
237095
237120
237188
237465
237479
237635
237750
238021
238253
238375
238396
238543
238615
238640
238642
238651
238659
238681
238743
239370
239379
239400
239433
239560
239611
239638
240044
240145
240306
240369
240756
240917
240952
241352
241416
241500
241508
241511
241606
241652
241655
241709
241863
242267
242446
242532
242560
242648
242824
242873
242943
242986
243020
243368
243401
243472
243753
244215
244228
244278
244318
244428
244434
244503
244635
244741
244771
244860
244941
245012
245123
245188
245206
245209
245257
245316
245387
245413
245479
245536
245549
245941
245944
246062
246071
246117
246313
246416
246449
246640
246694
246773
246892
247042
247203
247240
247305
247441
247498
247574
247783
247786
248282
248325
248462
248517
248697
248746
249198
249305
249357
249491
249492
249607
249899
249935
250001
250015
250039
250045
250093
250154
250189
250191
250342
250401
250417
250443
250448
250677
250940
251090
251091
251237
251559
251595
251605
251667
251848
252048
252298
252318
252383
252597
252817
252826
252893
253083
253222
253266
253314
253342
253364
253427
253457
253647
253787
253811
253866
253885
254071
254134
254149
254187
254188
254344
254773
254805
254823
254827
254951
254959
255213
255291
255471
255513
255550
255573
255673
255789
255805
255849
255866
256046
256252
256267
256319
256329
256373
256380
256438
256510
256565
256710
256723
256851
256878
256913
256948
256958
256971
256974
257090
257254
257317
257325
257382
257495
257639
257666
257772
257814
257858
257875
257990
258137
258172
258278
258395
258546
258673
258811
258915
258937
259076
259295
259409
259452
259518
259533
259727
259809
259882
259900
260046
260156
260328
260378
260516
260579
260660
260752
260874
261119
261150
261313
261442
261585
261688
261857
261861
262193
262411
262526
262616
262702
262705
262774
262826
262834
263057
263070
263085
263088
263089
263203
263204
263379
263514
263543
263547
263557
263741
263745
264002
264017
264047
264115
264273
264522
264542
264577
264591
264611
264678
264680
264697
264725
264761
264794
264879
264964
265213
265238
265253
265537
265553
265602
265632
265728
265730
265746
265781
265904
265915
265990
265992
266012
266048
266051
266454
266467
266565
266665
266906
266931
267116
267186
267217
267227
267497
267599
267685
267828
267981
268033
268108
268326
268359
268381
268383
268387
268393
268416
268417
268650
268907
268995
268997
269167
269207
269208
269218
269351
269425
269516
269635
269713
269730
269790
269810
269866
269916
270021
270257
270278
270353
270362
270373
270435
270651
270788
270978
271194
271216
271324
271396
271411
271454
271469
271511
271889
271975
272013
272047
272230
272358
272398
272426
272573
272789
272832
272917
272985
273232
273381
273455
273474
273500
273523
273531
273592
273593
273683
273685
273687
273689
273755
273862
273864
273866
273914
273950
273992
274055
274159
274161
274207
274208
274209
274222
274244
274462
274468
274609
274613
274714
274716
274793
274834
274837
274979
275064
275108
275223
275264
275372
275514
275653
275725
275734
276013
276113
276142
276156
276322
276327
276328
276515
276637
276686
276772
276787
277129
277158
277305
277309
277515
277577
277696
277821
278018
278050
278104
278137
278179
278235
278256
278258
278279
278408
278442
278475
278579
