79
101
321
382
465
491
494
506
625
713
774
782
800
835
847
861
878
886
954
964
988
998
1024
1086
1201
1239
1319
1332
1351
1370
1411
1416
1423
1472
1558
1575
1576
1619
1635
1728
1771
1828
1865
1870
1886
1923
1929
1943
2081
2231
2316
2429
2458
2620
2694
2914
2947
2987
3102
3118
3158
3263
3330
3419
3469
3596
3616
3643
3646
3725
3757
3930
4044
4112
4210
4563
4945
5059
5133
5254
5396
5402
5428
5528
5637
5706
5743
5758
5761
5789
6029
6197
6316
6355
6363
6456
6537
6607
6610
6625
6632
6663
6664
6841
6899
7327
7455
7570
7614
7641
7815
7910
7972
8135
8302
8355
8365
8430
8442
8551
8576
8581
8709
8774
8787
8807
8817
8856
8860
8925
8935
9061
9092
9194
9229
9242
9252
9255
9357
9410
9522
9590
9654
9700
9801
9809
9836
9883
9945
9955
10003
10058
10151
10188
10201
10206
10264
10308
10324
10444
10471
10482
10656
10667
10672
10682
10697
10703
10752
10825
10923
10948
10972
10978
11052
11066
11098
11153
11180
11272
11393
11505
11536
11572
11668
11689
11720
11947
12018
12047
12075
12106
12156
12161
12178
12345
12355
12361
12443
12479
12482
12592
12609
12656
12734
12824
12825
12831
12931
12963
13059
13291
13458
13482
13508
13572
13577
13664
13666
13741
13870
13903
14019
14084
14133
14182
14186
14240
14285
14367
14381
14438
14457
14463
14575
14682
14728
14893
14972
15047
15054
15055
15062
15140
15283
15429
15460
15495
15635
15645
15697
15764
15973
16021
16139
16166
16241
16306
16383
16412
16561
16585
16600
16611
16628
16700
16874
16890
16955
17012
17081
17088
17187
17443
17468
17476
17477
17533
17587
17627
17741
17785
17911
17917
17933
18040
18066
18072
18246
18272
18291
18312
18336
18446
18579
18596
18619
18786
18801
18844
18869
18906
18978
19004
19017
19217
19233
19297
19424
19453
19487
19572
19599
19632
19639
19670
19701
19714
19802
19875
19877
19881
19905
19926
19998
20068
20081
20113
20131
20206
20212
20224
20237
20238
20415
20475
20542
20546
20578
20692
20700
20755
20775
20892
21085
21117
21315
21317
21449
21609
21672
21675
21688
21733
21812
22131
22194
22240
22287
22301
22333
22410
22518
22793
22802
22807
22827
22966
22977
23240
23305
23334
23356
23486
23612
23637
23640
23682
23710
23724
23745
23749
23841
23852
23956
23993
24020
24021
24059
24100
24226
24280
24382
24420
24428
24462
24499
24570
24572
24679
24736
24738
24803
24854
25004
25026
25206
25255
25275
25398
25660
25718
25803
25876
26100
26129
26193
26226
26229
26251
26276
26288
26322
26416
26448
26494
26516
26563
26604
26753
26781
26838
26976
27061
27075
27101
27145
27185
27247
27363
27644
27700
27707
27725
27745
27787
27811
27829
28055
28088
28192
28224
28382
28393
28410
28451
28501
28510
28551
28561
28809
28925
28998
29043
29070
29099
29163
29202
29317
29498
29516
29556
29593
29643
29724
29866
29875
30123
30124
30142
30304
30308
30334
30358
30594
30673
30690
30743
30803
30811
30840
30857
30863
30870
30908
30931
31006
31022
31091
31261
31416
31423
31459
31495
31504
31506
31512
31534
31590
31726
31759
31761
31767
31777
31851
31917
32072
32266
32299
32328
32361
32486
32530
32652
32659
32674
32859
33023
33060
33251
33278
33294
33460
33490
33522
33559
33560
33649
33656
33679
33770
33776
33874
33880
34011
34020
34073
34255
34301
34319
34323
34413
34458
34494
34557
34587
34591
34748
34770
34848
34854
34905
35000
35012
35016
35250
35448
35598
35753
35758
35769
35909
35962
36083
36092
36100
36164
36198
36203
36255
36312
36334
36387
36461
36543
36608
36640
36750
36810
36885
36895
36952
36970
36971
37036
37144
37155
37186
37399
37453
37513
37721
37754
37767
37847
37898
37913
37935
37968
38016
38142
38153
38169
38172
38198
38204
38262
38276
38330
38425
38434
38475
38504
38517
38536
38606
38669
38722
38781
38796
38895
38906
38967
39020
39179
39183
39203
39311
39331
39344
39432
39450
39461
39463
39486
39490
39583
39604
39611
39643
39688
39823
39878
39950
40018
40054
40063
40067
40076
40112
40125
40148
40182
40287
40304
40332
40371
40374
40415
40550
40554
40561
40589
40688
40773
40843
40859
40898
41044
41105
41137
41164
41227
41234
41417
41491
41501
41634
41639
41653
41726
41884
41910
41955
41963
42173
42526
42547
42631
42765
42791
42834
42922
43033
43151
43225
43278
43284
43353
43363
43414
43445
43599
43632
43710
43741
43767
43828
43836
43895
43919
43946
44058
44145
44193
44283
44289
44395
44529
44611
44701
44705
44715
44768
44821
44849
44853
44892
44937
44986
45035
45069
45070
45198
45220
45315
45338
45368
45387
45443
45444
45445
45455
45473
45525
45563
45589
45673
45723
45733
45741
45781
45889
45917
45921
46112
46332
46430
46483
46559
46731
46831
46833
46835
46874
46997
47058
47137
47143
47198
47503
47552
47620
47667
47691
47726
47729
47735
47793
47839
47884
47957
47983
48090
48097
48173
48234
48250
48323
48374
48436
48551
48569
48633
48643
48660
48663
48682
48902
49049
49125
49171
49525
49575
49694
49826
49904
49937
49954
49964
49970
50024
50084
50190
50195
50196
50270
50307
50323
50432
50443
50452
50477
50505
50631
50695
50718
50745
50787
50823
50829
50857
51076
51145
51248
51303
51314
51355
51397
51410
51432
51481
51548
51555
51619
51676
51895
51903
51949
52237
52345
52358
52361
52415
52419
52431
52463
52471
52479
52553
52639
52735
52834
52866
53007
53018
53066
53079
53259
53751
53837
53923
54011
54027
54105
54121
54122
54202
54257
54304
54401
54440
54485
54629
54637
54657
54773
54834
54840
54903
54995
55010
55064
55068
55072
55073
55176
55391
55412
55436
55452
55539
55548
55594
55650
55732
55775
55791
55888
55995
56082
56189
56239
56360
56382
56388
56415
56478
56490
56537
56538
56548
56568
56609
56613
56631
56638
56647
56688
56711
56802
56906
57051
57075
57123
57192
57249
57340
57416
57506
57530
57531
57628
57664
57857
58027
58170
58344
58409
58436
58469
58555
58602
58607
58657
58762
58768
58841
59008
59095
59433
59555
59675
59755
59813
59815
59934
59987
59993
60024
60121
60217
60462
60478
60502
60509
60523
60529
60646
60864
60935
61112
61166
61327
61498
61522
61527
61697
61743
61783
61823
61831
61884
61920
61948
62035
62161
62203
62293
62307
62446
62477
62481
62484
62552
62567
62611
62772
62859
62972
63034
63346
63752
63771
63863
63893
63929
63995
64001
64025
64069
64106
64113
64148
64191
64315
64433
64454
64488
64491
64511
64516
64586
64912
65001
65014
65034
65132
65176
65219
65221
65247
65348
65442
65473
65477
65481
65508
65523
65571
65595
65675
65717
65870
65927
66061
66072
66380
66409
66488
66532
66682
66915
67061
67069
67157
67158
67225
67231
67233
67237
67302
67385
67387
67437
67539
67554
67572
67598
67620
67729
67779
67816
67838
67929
67940
67971
68048
68072
68221
68289
68291
68298
68511
68700
68703
68719
68736
68780
68876
68877
68890
68985
69035
69063
69102
69250
69262
69269
69379
69410
69411
69418
69433
69435
69646
69652
69660
69663
69732
69799
69816
69848
69959
69971
70007
70101
70114
70116
70120
70239
70312
70347
70354
70416
70572
70604
70684
70792
70881
70994
71015
71050
71085
71279
71313
71403
71638
71684
71725
71747
71788
71862
71891
71951
72179
72229
72282
72334
72409
72467
72540
72655
72770
73007
73021
73060
73219
73229
73300
73378
73754
73890
73893
74015
74105
74121
74124
74135
74153
74375
74388
74411
74428
74431
74459
74672
74830
74892
74964
75182
75218
75297
75374
75384
75456
75518
75523
75552
75555
75693
75935
76010
76195
76302
76404
76486
76500
76818
76826
76828
76833
76889
76923
77031
77033
77065
77099
77108
77109
77118
77155
77187
77188
77192
77382
77406
77423
77430
77493
77531
77614
77640
77675
77681
77742
77888
77893
77953
78016
78096
78104
78120
78136
78162
78164
78266
78270
78289
78503
78515
78538
78552
78653
78835
78838
78918
78921
78982
79055
79144
79266
79269
79309
79448
79483
79501
79537
79578
79612
79614
79631
79728
79746
79748
79759
79933
79989
80025
80190
80219
80252
80304
80434
80443
80447
80451
80479
80596
80955
80966
81055
81125
81158
81181
81289
81350
81444
81450
81495
81788
81910
82033
82034
82077
82238
82258
82318
82414
82472
82705
82730
82831
82918
82948
83105
83234
83250
83301
83407
83492
83517
83553
83614
83673
83782
83811
83831
84145
84211
84261
84323
84380
84451
84510
84818
84828
84901
84994
85087
85092
85168
85355
85451
85459
85495
85586
85605
85614
85664
85959
85963
86180
86181
86193
86220
86250
86289
86380
86573
86620
86654
86682
86692
86697
86937
86949
87001
87012
87027
87042
87044
87083
87090
87187
87195
87277
87407
87604
87671
87708
87716
87726
87735
87755
87758
87935
88010
88033
88056
88260
88275
88298
88300
88473
88749
88884
88885
88947
88954
89003
89004
89013
89034
89105
89107
89149
89171
89255
89275
89277
89302
89323
89640
89662
89703
89722
90059
90076
90110
90119
90173
90213
90261
90309
90314
90705
90742
90761
90908
90916
90957
91121
91315
91323
91356
91369
91400
91422
91445
91507
91771
91872
91879
91880
92021
92111
92120
92220
92353
92473
92595
92602
92608
92649
92709
92721
92763
92815
92818
92841
92882
93013
93021
93168
93169
93227
93280
93336
93419
93438
93460
93512
93515
93612
93655
93680
93861
93895
94025
94039
94080
94192
94212
94273
94293
94311
94433
94481
94536
94537
94591
94668
94751
94823
94878
94894
94909
95006
95044
95052
95054
95058
95060
95138
95172
95370
95407
95444
95492
95500
95508
95529
95538
95656
95811
95880
96255
96256
96461
96530
96560
96657
96680
96687
96814
96876
96965
97050
97088
97182
97197
97207
97467
97499
97598
97611
97629
97647
97672
97700
97716
97774
97854
97995
97996
98078
98116
98146
98147
98174
98260
98329
98369
98375
98429
98443
98522
98551
98628
98734
98889
98929
98939
99113
99131
99136
99224
99253
99263
99271
99308
99338
99374
99375
99455
99516
99532
99617
99682
99708
99784
99787
99882
99886
100059
100067
100073
100171
100191
100251
100259
100463
100544
100579
100605
100633
100648
100658
100701
100710
100721
100764
100861
100926
100938
101009
101031
101109
101127
101238
101291
101344
101385
101464
101473
101605
101665
101789
101918
101947
102036
102084
102136
102189
102316
102418
102434
102463
102480
102526
102550
102665
102680
102688
102792
102838
102980
103003
103096
103108
103133
103149
103189
103212
103222
103282
103362
103470
103503
103517
103571
103688
103763
103881
104024
104098
104142
104154
104210
104224
104293
104318
104325
104350
104373
104510
104655
104690
104786
104994
105189
105230
105316
105354
105361
105392
105404
105455
105545
105597
105623
105630
105671
105675
105714
105785
105855
105865
105886
105966
105968
106046
106241
106286
106426
106503
106510
106574
106628
106629
106674
106768
106793
106817
106965
106983
107012
107047
107234
107238
107269
107299
107332
107356
107401
107414
107428
107559
107567
107699
107869
108100
108156
108298
108383
108444
108664
108678
108694
108717
108785
109048
109061
109070
109193
109333
109399
109402
109468
109476
109503
109564
109742
109750
109831
109901
109904
110112
110172
110278
110387
110470
110473
110477
110871
110939
110943
110968
111018
111047
111079
111089
111148
111159
111172
111211
111232
111244
111246
111254
111280
111390
111410
111520
111522
111537
111586
111602
111615
111636
111697
111698
111794
111859
111874
111910
111987
111996
112164
112167
112183
112198
112274
112328
112367
112371
112410
112417
112468
112657
112659
112662
112739
112748
112755
112771
112910
113046
113336
113337
113345
113433
113498
113520
113620
113629
113692
113718
113728
113730
113750
113751
113762
113813
114083
114086
114097
114199
114213
114336
114484
114542
114591
114628
114683
114723
114756
114760
114802
114974
114983
115001
115170
115191
115291
115312
115380
115388
115540
115570
115804
115809
115863
115878
115884
115899
115978
115985
116175
116261
116291
116318
116333
116358
116433
116464
116625
116634
116899
116913
117040
117043
117085
117187
117238
117293
117320
117332
117353
117373
117398
117444
117449
117457
117474
117534
117673
117693
117712
117780
117900
117905
117918
117941
117969
117981
118057
118059
118075
118087
118404
118551
118606
118634
118803
118851
118856
118869
119032
119100
119150
119402
119438
119444
119460
119463
119504
119596
119598
119668
119836
119846
119861
119950
120052
120055
120236
120248
120261
120369
120545
120559
120582
120770
120855
120912
120999
121027
121058
121093
121111
121198
121259
121302
121381
121564
121574
121617
121627
121658
121814
121855
121882
121944
122018
122044
122059
122124
122228
122284
122394
122450
122590
122676
122889
122893
123081
123088
123147
123259
123260
123294
123348
123427
123453
123681
123686
123709
123792
123846
123920
123983
124022
124173
124183
124204
124222
124254
124256
124450
124545
124613
124673
124849
124853
124856
124957
124980
125073
125087
125160
125237
125318
125322
125331
125423
125435
125439
125481
125531
125583
125970
126120
126139
126168
126246
126271
126280
126286
126331
126335
126352
126511
126611
126621
126649
126655
126723
126726
126843
126867
126899
126916
126918
126922
127038
127078
127094
127176
127186
127241
127250
127253
127255
127332
127338
127379
127396
127469
127471
127586
127590
127800
127815
127829
127952
127967
127994
128011
128018
128124
128203
128226
128310
128429
128437
128460
128486
128534
128563
128591
128620
128690
128829
128851
129039
129107
129177
129387
129397
129425
129430
129445
129535
129569
129577
129616
129673
129760
129787
129809
129838
129843
129910
130021
130198
130254
130286
130296
130405
130415
130580
130608
130616
130793
130858
131169
131188
131252
131261
131397
131457
131467
131540
131556
131619
131811
131853
131911
132114
132204
132205
132215
132295
132451
132562
132592
132896
133191
133193
133208
133370
133393
133455
133545
133633
133645
133965
134074
134119
134125
134318
134397
134575
134581
134686
134719
134727
134798
134839
134857
134858
134899
134968
134982
134989
135028
135068
135076
135234
135297
135456
135482
135768
135781
135808
135809
135862
135867
135918
136009
136032
136087
136141
136148
136205
136222
136295
136389
136444
136462
136499
136655
136744
136766
136792
136799
136813
136816
136889
136946
136950
137024
137071
137091
137131
137154
137172
137177
137247
137258
137269
137299
137304
137309
137346
137486
137512
137543
137549
137553
137582
137623
137647
137789
137896
138139
138164
138187
138191
138323
138378
138390
138413
138434
138515
138533
138539
138573
138614
138634
138637
138726
138854
138869
138891
139032
139042
139157
139164
139189
139329
139394
139439
139507
139564
139615
139777
139815
139838
140008
140094
140100
140154
140161
140232
140354
140369
140550
140595
140620
140843
140866
140876
140900
140989
140990
141077
141086
141100
141179
141236
141267
141550
141571
141579
141748
141765
141871
141895
141927
141957
141973
142068
142277
142461
142510
142621
142640
142716
142802
142845
142846
142853
142902
142917
143143
143232
143253
143305
143346
143384
143504
143539
143593
143596
143690
143711
143742
143969
143972
143980
144050
144074
144110
144128
144141
144173
144310
144388
144397
144442
144509
144562
144667
144706
144801
144870
145097
145170
145228
145235
145266
145371
145425
145429
145712
145736
145760
145769
145815
145849
145872
145928
145970
146041
146120
146165
146207
146208
146281
146404
146530
146534
146546
146554
146680
146801
146892
146900
146913
146931
147151
147190
147395
147570
147592
147633
147656
147726
147787
147838
148052
148142
148152
148196
148241
148381
148425
148433
148445
148508
148558
148628
148670
148753
148860
148879
148979
148995
149025
149035
149113
149136
149217
149222
149264
149290
149337
149386
149472
149535
149536
149570
149627
149672
149808
149843
149870
149880
149913
149929
150072
150075
150092
150139
150162
150325
150557
150622
150683
150830
150899
150991
151010
151045
151051
151142
151242
151272
151276
151371
151399
151465
151515
151528
151691
151847
151915
152005
152025
152163
152242
152368
152410
152421
152435
152584
152680
152695
152722
152745
152792
152808
152974
153049
153054
153083
153247
153261
153323
153376
153608
153636
153875
153894
153915
154028
154244
154265
154306
154371
154373
154378
154459
154520
154545
154621
154627
154670
154679
154873
154889
154916
154927
154940
154943
155095
155156
155166
155335
155350
155389
155437
155447
155463
155537
155552
155558
155577
155680
155694
155714
155948
156024
156128
156159
156182
156395
156402
156403
156417
156500
156641
156690
156802
156860
156874
156921
157076
157220
157264
157390
157399
157402
157464
157519
157537
157546
157635
157679
157719
157806
157842
158005
158023
158067
158104
158130
158156
158255
158333
158401
158648
158719
158788
158800
158846
158921
159043
159044
159240
159336
159347
159378
159418
159453
159542
159559
159726
159728
159804
159874
160029
160070
160291
160295
160418
160501
160505
160546
160611
160625
160686
160798
160828
160830
161021
161168
161321
161351
161359
161406
161462
161505
161608
161703
161802
161861
161892
161915
161933
162036
162306
162314
162426
162429
162498
162519
162574
162629
162668
162747
162763
162792
162828
162873
163010
163040
163129
163169
163231
163325
163507
163521
163546
163758
163921
163953
164017
164115
164143
164148
164168
164305
164314
164419
164472
164550
164640
164661
164705
164707
164731
165108
165257
165264
165386
165435
165441
165473
165502
165515
165569
165616
165632
165695
165701
165866
165929
165974
166025
166087
166102
166114
166150
166182
166210
166338
166397
166430
166483
166497
166546
166557
166559
166594
166801
166945
166949
167057
167226
167227
167237
167326
167573
167588
167648
167694
167774
167804
167850
167873
167944
167976
168020
168043
168315
168366
168621
168672
168742
168811
168827
168873
169102
169118
169138
169191
169318
169336
169345
169349
169399
169427
169430
169436
169472
169529
169571
169581
169615
169702
169815
169864
169867
169873
169914
170086
170139
170173
170178
170232
170267
170297
170320
170411
170427
170501
170572
170586
170603
170737
170744
170874
170892
170966
171023
171117
171131
171132
171181
171182
171248
171267
171300
171320
171448
171588
171665
171790
171876
171880
172128
172168
172267
172293
172491
172796
172915
172932
173010
173041
173108
173116
173142
173235
173358
173472
173516
173534
173584
173591
173638
173673
173694
173700
173769
173791
173858
173897
173907
173910
174058
174070
174071
174116
174138
174193
174222
174265
174367
174375
174393
174474
174479
174551
174590
174650
174684
174840
174868
174877
174902
174912
174921
174951
174974
174982
174997
175009
175094
175143
175200
175296
175305
175478
175488
175651
175803
175883
175917
175938
176058
176074
176349
176439
176441
176537
176560
176607
176638
176771
176833
177004
177038
177069
177209
177215
177368
177381
177555
177560
177621
177635
177650
177660
177666
177732
177890
177935
177979
178022
178053
178205
178236
178288
178370
178383
178416
178419
178471
178474
178483
178504
178522
178551
178618
178641
178649
178675
178739
178895
179165
179168
179179
179198
179212
179228
179415
179416
179418
179533
179537
179683
179742
179754
179890
179909
179977
179994
180010
180143
180252
180538
180578
180725
180758
180788
180792
180817
180856
180885
180958
181073
181160
181186
181223
181380
181554
181573
181637
181658
181719
181747
181903
181905
182013
182035
182146
182196
182265
182324
182428
182494
182507
182512
182595
182628
182683
182698
182745
182912
182914
182983
183014
183029
183133
183164
183213
183249
183315
183397
183476
183503
183587
183628
183629
183722
183806
184016
184079
184110
184138
184271
184310
184333
184358
184390
184452
184472
184479
184513
184645
184686
184696
184808
184899
184911
184940
184947
185031
185033
185053
185246
185286
185310
185365
185384
185395
185601
185744
185807
185810
185866
185869
185870
185923
185927
186047
186162
186220
186260
186262
186285
186296
186370
186410
186503
186530
186618
186727
186920
186966
187080
187143
187181
187192
187199
187291
187301
187360
187491
187558
187570
187754
187763
187893
188015
188073
188135
188159
188165
188192
188209
188228
188289
188402
188452
188479
188485
188558
188602
188625
188648
188668
188747
188785
188800
188880
188982
188988
189028
189035
189056
189071
189168
189198
189204
189221
189282
189296
189427
189457
189569
189616
189623
189662
189756
189760
189776
189832
189833
189983
190042
190082
190143
190149
190206
190258
190272
190295
190355
190434
190446
190513
190565
190673
190692
190727
190756
190825
190857
190936
190995
191047
191074
191125
191191
191211
191306
191363
191411
191470
191654
191687
191887
191939
192026
192056
192073
192229
192256
192351
192378
192380
192392
192452
192500
192623
192662
192736
192783
192801
192826
192834
192883
193011
193034
193102
193149
193162
193196
193229
193326
193412
193530
193667
193685
193741
193809
193818
193858
193870
193917
194057
194063
194071
194121
194130
194171
194184
194250
194349
194429
194461
194514
194524
195035
195167
195201
195217
195267
195302
195329
195363
195366
195380
195410
195469
195472
195482
195565
195582
195608
195711
195800
195940
196023
196040
196095
196155
196160
196177
196192
196230
196264
196280
196296
196311
196325
196452
196464
196466
196473
196479
196494
196517
196534
196660
196695
196705
196768
196858
196940
196970
197037
197038
197055
197107
197110
197130
197143
197147
197220
197287
197312
197364
197375
197377
197411
197504
197517
197518
197574
197581
197613
197628
197640
197663
197720
197724
197752
197766
197767
197797
197862
197868
198018
198043
198058
198062
198073
198119
198215
198218
198338
198339
198503
198514
198523
198697
198776
198908
199053
199134
199194
199235
199311
199393
199417
199434
199501
199609
199630
199658
199735
199837
199917
200030
200094
200212
200256
200273
200327
200396
200442
200444
200592
200602
200643
200689
200718
200794
200799
200820
200863
200870
200944
200950
200960
200978
200989
201038
201372
201479
201583
201622
201714
201775
201810
201862
201863
201879
201955
201976
202031
202055
202154
202220
202246
202374
202455
202462
202531
202588
202641
202695
202696
202749
202969
202970
202980
203028
203055
203166
203236
203259
203355
203395
203405
203409
203458
203477
203599
203683
203768
203787
203849
203857
203866
203895
203957
204048
204049
204244
204254
204275
204338
204473
204626
204643
204688
204724
204751
204810
204903
204919
204935
204954
205019
205027
205098
205147
205168
205187
205308
205387
205397
205608
205663
205689
205824
205905
205943
205999
206020
206098
206101
206253
206350
206862
206863
206868
206887
206926
206934
206986
207094
207127
207186
207208
207218
207263
207333
207347
207445
207456
207511
207616
207648
207669
207722
207745
207755
207829
207875
207949
208002
208080
208089
208194
208256
208336
208400
208600
208614
208615
208665
208741
208871
209084
209135
209186
209188
209198
209303
209378
209422
209450
209509
209544
209559
209577
209587
209589
209669
209694
209808
209940
209983
210011
210013
210106
210151
210180
210354
210516
210715
210749
210762
210789
210797
210847
210876
210910
210941
210942
211054
211226
211249
211271
211272
211324
211366
211411
211542
211713
211745
211884
212054
212087
212132
212172
212290
212317
212323
212357
212468
212481
212577
212595
212597
212617
212739
212862
212965
212994
213006
213024
213106
213162
213196
213296
213390
213478
213576
213660
213764
213772
213938
213998
214233
214277
214369
214388
214666
214716
214746
214795
214815
214931
215178
215318
215326
215411
215421
215542
215797
215804
215872
215907
216093
216115
216353
216387
216412
216438
216478
216490
216499
216517
216565
216647
216705
216807
216847
216875
216922
216928
216958
217049
217096
217100
217131
217177
217179
217358
217363
217374
217382
217403
217494
217543
217628
217655
217683
217720
217728
217756
217935
217964
217987
218045
218108
218185
218197
218277
218282
218349
218361
218664
218706
218749
218757
218771
218862
218901
218940
218981
219006
219021
219104
219165
219172
219211
219214
219268
219270
219327
219385
219387
219419
219452
219487
219495
219607
219786
219951
220097
220104
220118
220149
220151
220158
220211
220226
220281
220284
220455
220458
220479
220508
220574
220575
220613
220633
220673
220749
220830
220847
220878
220883
220895
220921
220939
220964
220969
220987
221076
221087
221093
221142
221161
221311
221331
221333
221340
221384
221411
221425
221506
221529
221553
221570
221585
221627
221752
221762
221918
221941
221956
222005
222025
222160
222229
222252
222255
222298
222328
222384
222443
222446
222461
222487
222703
222734
222781
222901
223007
223175
223256
223307
223351
223379
223386
223400
223431
223433
223435
223487
223496
223612
223631
223675
223754
223822
223843
223863
223890
223955
223990
224070
224116
224177
224185
224253
224296
224302
224391
224403
224496
224567
224692
224728
224752
224759
224893
224941
225289
225383
225397
225403
225457
225515
225564
225566
225728
225787
225827
225914
225923
225958
226308
226522
226581
226616
226701
226716
226878
226913
226968
226996
227076
227124
227192
227241
227251
227330
227438
227512
227531
227584
227682
227820
227921
227986
228040
228055
228067
228134
228138
228258
228351
228358
228416
228560
228572
228619
228651
228680
228741
228972
229017
229046
229075
229108
229153
229165
229183
229221
229227
229236
229252
229269
229281
229283
229314
229329
229435
229453
229473
229563
229571
229590
229710
229723
229727
229847
229853
229911
229917
229950
229988
230037
230101
230110
230157
230253
230279
230306
230320
230333
230359
230387
230400
230437
230666
230797
230806
230808
230825
230865
230877
230910
230914
230925
231015
231061
231193
231325
231328
231342
231345
231346
231454
231536
231542
231716
231747
231752
231843
231906
231908
232012
232027
232065
232251
232333
232456
232500
232554
232703
232753
232941
232948
232965
232982
233056
233207
233221
233486
233609
233637
233695
233724
233745
233774
233955
234028
234082
234096
234159
234184
234217
234272
234296
234354
234362
234405
234423
234493
234609
234688
234793
234984
235005
235320
235355
235369
235370
235391
235501
235540
235565
235639
235649
235696
235740
235765
235980
236032
236033
236052
236169
236212
236213
236262
236283
236553
236559
236577
236629
236633
236652
236666
236780
236823
236840
236861
236897
236906
236914
236940
236998
237052
237108
237248
237257
237272
237385
237440
237622
237699
237705
237725
237827
237843
237959
238091
238175
238209
238237
238317
238328
238370
238450
238466
238526
238605
238741
238777
238803
238832
238926
239199
239209
239245
239327
239334
239477
239517
239674
239693
239750
239751
239767
239782
239818
239836
239879
239910
240063
240087
240213
240284
240443
240458
240479
240543
240545
240572
240712
240729
240745
240809
240823
240826
240886
241041
241070
241137
241183
241185
241264
241326
241340
241357
241402
241481
241501
241519
241533
241581
241594
241711
241748
241946
241995
242036
242383
242391
242524
242596
242618
242683
242698
242702
242755
242792
242837
242842
243048
243058
243237
243240
243279
243289
243397
243450
243469
243528
243614
243649
243715
243776
243799
243900
243902
243910
244013
244064
244111
244173
244229
244244
244249
244475
244607
244643
244806
244814
244915
245006
245033
245111
245114
245118
245158
245216
245249
245329
245331
245371
245553
245609
245665
245794
245898
245972
246087
246122
246132
246241
246411
246600
246601
246631
246682
246722
246829
246912
246953
246960
247000
247021
247173
247191
247244
247254
247314
247350
247373
247460
247483
247599
247664
247687
247732
247759
247767
247769
247815
247846
247864
247962
247966
248006
248059
248103
248186
248252
248254
248324
248366
248404
248406
248481
248486
248493
248507
248556
248588
248640
248651
248770
248795
248819
248889
248915
248921
248953
248975
248988
249123
249163
249285
249302
249382
249583
249622
249639
249707
249732
249734
249798
250070
250112
250136
250313
250352
250402
250472
250478
250485
250509
250549
250612
250640
250646
250720
250772
250810
250847
250878
251097
251107
251111
251228
251239
251262
251269
251474
251476
251579
251879
252023
252044
252081
252130
252204
252215
252390
252395
252443
252512
252548
252574
252605
252720
252748
252768
252879
253042
253051
253166
253215
253300
253344
253372
253417
253466
253481
253534
253594
253614
253620
253639
253663
253736
253757
253777
253832
253864
253956
254048
254061
254070
254090
254094
254145
254150
254155
254293
254330
254400
254412
254485
254558
254765
254818
254865
254866
254887
254889
254960
254973
254975
255164
255191
255282
255334
255349
255363
255433
255463
255542
255557
255724
255779
255820
255895
255917
255918
255934
256023
256033
256110
256186
256208
256220
256225
256240
256256
256313
256363
256365
256379
256467
256491
256671
256741
256801
256839
257056
257141
257148
257228
257297
257316
257347
257373
257447
257585
257595
257603
257677
257679
257686
257724
257732
257810
257850
257980
258029
258112
258173
258181
258244
258271
258277
258318
258397
258452
258504
258612
258711
258746
258836
258891
258936
258948
259036
259193
259242
259244
259269
259274
259297
259423
259429
259430
259451
259507
259594
259635
259676
259714
259756
259811
259855
259897
259943
259972
260118
260121
260178
260257
260274
260299
260372
260417
260452
260476
260629
260714
260773
260802
260917
261002
261160
261361
261480
261527
261546
261681
261768
261797
261834
261843
261845
261874
261997
262003
262023
262036
262185
262228
262275
262293
262345
262373
262385
262408
262418
262557
262673
262674
262700
262743
262795
262804
262829
262853
262857
262883
262899
262975
263012
263033
263079
263110
263130
263133
263226
263252
263290
263307
263397
263496
263518
263582
263583
263612
263622
263666
263776
263786
263829
263866
263899
263919
263928
263929
263989
263995
263997
264067
264072
264147
264160
264204
264227
264244
264257
264277
264411
264520
264564
264634
264651
264664
264714
264800
264823
264942
264944
264957
264976
265019
265252
265305
265347
265353
265358
265373
265543
265690
265723
265922
265952
266021
266038
266089
266136
266146
266157
266184
266192
266199
266302
266304
266311
266438
266583
266669
266677
266741
266806
266870
266896
267082
267090
267110
267111
267225
267315
267344
267385
267404
267406
267475
267501
267586
267594
267817
267844
267852
267992
268096
268136
268147
268197
268202
268245
268467
268470
268518
268541
268565
268628
268714
268719
268770
268877
268994
269012
269048
269051
269108
269168
269192
269204
269215
269276
269336
269400
269420
269422
269440
269507
269534
269559
269607
269611
269627
269661
269750
269914
269917
270010
270080
270245
270276
270320
270324
270331
270391
270414
270422
270442
270604
270659
270954
270996
271007
271023
271133
271134
271159
271229
271234
271247
271299
271354
271364
271370
271382
271461
271467
271555
271599
271666
271675
271679
271742
271815
271844
271881
271933
271939
272008
272094
272138
272189
272213
272323
272412
272513
272514
272611
272655
272785
272811
272820
272822
272826
272845
272848
272896
272901
272906
272930
272998
273019
273201
273204
273257
273287
273352
273420
273520
273594
273603
273622
273637
273663
273686
273852
273886
273896
273966
274029
274113
274149
274168
274203
274224
274242
274249
274331
274391
274396
274487
274579
274603
274667
274673
274685
274688
274703
274712
274721
274749
274753
274997
275017
275028
275141
275174
275222
275240
275245
275259
275263
275290
275298
275433
275447
275453
275608
275609
275695
275762
275789
275823
275882
276047
276057
276190
276192
276197
276222
276240
276324
276461
276501
276530
276536
276568
276771
276834
277051
277070
277078
277097
277199
277243
277249
277267
277387
277398
277422
277607
277655
277658
277709
277759
277778
277926
277949
277952
277957
278035
278045
278056
278060
278183
278204
278238
278253
278283
278309
278403
278410
278416
278421
278493
278534
278546
278633
