70
362
772
1689
1983
2624
2780
2796
2890
3028
3094
3250
3356
3479
4173
4195
4231
4246
4247
4270
4559
4680
4713
5061
5498
5757
5871
5879
5990
6051
6519
6830
6850
6976
7092
7143
7185
7258
7390
7422
7802
7865
8005
8239
8362
8421
8825
8855
8863
8919
9325
9354
9358
9692
9996
10139
10448
10601
10828
10830
10902
11082
11096
11124
11665
11852
11885
11886
12024
12445
12465
12469
12826
12947
13298
13402
13564
13717
14117
14291
14742
15048
15159
15256
15599
15906
16339
16578
16646
17181
17310
17436
17712
17946
18122
18142
18144
18381
18558
18717
19258
19492
19880
20073
20364
20466
20627
20669
20759
20783
20888
20898
20903
21026
21510
21732
21944
21980
22175
22354
22663
22862
22997
23002
23300
23369
23484
23513
23791
23920
24103
24431
24484
24799
24828
25087
25358
25838
26304
26441
26621
26717
26743
26747
27035
27240
27366
27576
27590
27795
28158
28303
28455
28550
28793
29288
29296
29462
29588
29673
30160
30235
30363
30759
30764
30799
30948
31019
31175
31184
31189
31197
31259
31381
31468
31661
31666
31690
31784
31787
31823
32112
32189
32288
32349
32564
32614
32715
32855
32917
33137
33225
33333
33661
34231
34346
34454
34488
34552
34756
34949
35502
35582
35685
36386
36560
37048
37149
37241
37416
37440
37691
37867
37908
37989
38001
38385
38410
38856
38911
39030
39174
39393
39586
39987
40120
40181
40346
40367
40599
40630
40684
41092
41202
41485
41612
41629
41659
41974
42336
43094
43143
43259
43334
43446
44245
44354
44526
44775
44795
44888
44909
44978
45026
45034
45270
45288
45316
45482
45550
45678
45769
45840
45966
46203
46223
46290
46601
46626
46930
47093
47795
47923
47965
48044
48083
48209
48313
48557
48684
48822
49024
49120
49546
49608
49883
50910
51054
51057
51139
51399
51735
51847
51914
52052
52053
52223
52410
52413
52416
52509
52575
52583
53058
53802
54111
54171
54193
54201
54270
54311
54435
54595
54678
54701
54963
55057
55097
55295
55365
55430
55635
56088
56337
56416
56470
56741
57092
57111
57178
57195
57206
57237
57445
57484
57503
57532
57606
57636
57680
57694
57976
58000
58162
58459
58714
59001
59187
59363
59769
60072
60468
60488
60732
60905
61371
61641
61828
61937
62204
62317
62362
62838
63380
63885
63943
64018
64109
64609
64939
65000
65160
65572
65578
66246
66333
66375
66576
66597
66901
66992
67060
67273
67288
67350
67527
67996
68047
68257
68771
68942
68955
69130
69588
69858
70054
70236
70243
70425
70538
70654
70731
70757
70952
71406
71448
71738
72016
72116
72217
72481
72552
72569
72688
72764
73236
73327
73546
73639
73846
73868
73996
74308
74413
74545
74656
75107
75368
75576
75715
75752
75843
75912
75913
76562
77079
77409
77609
77616
77758
77845
77869
78050
78075
78287
78452
78594
78693
78791
79102
79293
79491
79541
79611
80036
80107
80796
80883
80900
80902
80927
81172
82128
82360
82930
83079
83095
83157
83244
83288
83484
83498
83619
83728
83842
84154
84375
84378
85032
85204
85215
85399
85492
85597
85911
86195
86197
86397
86418
86476
86490
86567
86720
86875
86957
86974
87024
87141
87167
88030
88313
88525
88638
88828
88976
89095
89221
89462
89951
90138
90855
90950
91048
91710
92378
92463
92467
92498
93140
93176
93682
93888
93954
94070
94268
94674
94758
94907
95190
95282
95480
95785
96293
96506
96557
96697
96815
96848
96885
97027
97060
97131
97263
97588
97684
97773
97795
97866
98012
98265
98388
98494
98502
98615
98672
98837
99012
99135
99207
99211
99237
99431
99476
99695
99762
99815
99825
99959
99984
99993
100133
100310
100553
101195
101668
101885
102043
102370
102457
102749
102856
102943
103082
103430
103440
103606
103754
104209
104520
104553
104607
104611
104735
104767
104818
105005
105049
105119
105133
105393
105490
105580
106002
106098
106142
106188
106288
106685
106814
106843
106848
106869
106943
107005
107031
107050
107125
107138
107545
107667
107710
107758
107963
108037
108079
108190
108341
108342
108362
108431
108563
108667
108679
108709
108725
108726
108738
108965
109040
109134
109219
109297
109354
109462
109504
109683
109737
109764
109845
109871
109874
110029
110163
110307
110418
110480
110522
110714
110715
110963
111569
111596
112006
112051
112306
112530
112775
113081
113090
113108
113115
113128
113164
113422
113468
113470
113474
113544
113644
113715
113839
114145
114171
114609
115059
115575
115621
115674
115961
116004
116179
116446
116860
117045
117319
117368
117453
117665
118096
118169
118508
118652
118739
118772
118861
118979
119105
119251
119257
119422
119578
119657
119915
120116
120495
120539
120568
120712
121150
121418
121557
121753
122133
122247
122436
122730
122747
122844
122991
123019
123074
123121
123148
123562
123602
123625
123646
123738
123837
123839
123887
123992
124469
124952
125674
125980
126134
126950
127057
127059
127221
127268
127619
127622
127695
127698
127747
127801
128083
128141
128347
128402
129281
129800
129974
130201
130629
130782
130852
131130
131146
131199
131370
131584
132074
132147
132153
132554
132616
132781
132822
132932
133008
133185
133195
133269
134436
134605
134642
134825
134836
134992
135407
135609
135634
135863
135866
136055
136077
136226
136415
136534
136843
136848
136890
136923
137204
137241
137412
137439
137517
137617
137709
137890
137895
137946
138019
138839
138965
139410
139437
139608
139620
139659
139816
139964
140028
140155
140338
140443
140758
140817
140862
141164
141173
141348
141692
141762
141768
141801
141811
141816
141831
141855
141920
141977
142205
142369
142484
142607
142705
142837
143417
143473
143576
143599
144132
144164
144197
144291
144596
144611
144663
144713
145220
145231
145345
145458
145528
145575
145876
145981
146016
146080
146199
146446
146565
146576
146589
146952
147168
147324
147852
147886
147900
147916
148002
148019
148058
148816
148966
148967
149262
149294
149361
149406
149459
149493
149641
149856
149868
149869
149975
150191
150317
150614
150719
151107
151420
151634
152167
152669
152857
152918
153032
153161
153244
153414
153482
153574
153602
153760
153828
153884
153891
153967
154034
154150
154258
154275
154341
154394
154869
154894
154973
155131
155189
155409
155440
155442
155470
155564
155914
155962
156041
156088
156229
156316
156467
156680
156700
156743
156744
157090
157313
157594
157792
157912
157996
158636
158669
158786
158925
159050
159332
159369
159414
159434
159438
160067
160123
160237
160273
160308
160345
160391
160409
160564
160657
160719
160838
160888
160996
161122
161520
161618
161714
161804
161884
162068
162224
162263
162342
162459
162716
162865
162991
163069
163180
163523
163729
163844
163852
163964
164058
164172
164221
164240
164247
164387
164449
164717
164728
164911
165179
165197
165385
165398
165460
165592
165597
165605
165865
166165
166382
166469
166579
166584
166705
166856
166930
167034
167612
167833
167947
168075
168199
168372
168974
169414
169466
169698
169728
169861
170169
170311
170351
170432
170765
170775
170889
171272
171409
171482
171691
171784
172266
172286
172311
172533
172768
172864
172921
173037
173185
173220
173271
173279
173386
173759
174010
174232
174282
174382
174630
174688
174760
174785
175027
175235
175269
175308
175511
175727
175990
176000
176029
176100
176167
176174
176356
176382
176611
176717
176759
176775
176897
176913
177134
177397
177427
177520
177522
177699
177708
177767
178041
178261
178266
178477
179144
179210
179325
179494
179791
180066
180089
180142
180146
180211
180310
180431
180709
180751
180806
180851
180931
180971
181085
181336
181513
181740
181849
182010
182030
182056
182100
182190
182340
182348
182906
183506
183537
183538
183553
183558
183572
183838
183996
184103
184181
184320
184647
184652
184690
184893
185027
185149
185178
185215
185363
185439
185752
185793
185819
186094
186548
186581
186641
186667
186677
186706
186972
187066
187149
187319
187735
188064
188787
188829
188881
188913
188950
189048
189505
189588
189851
190182
190311
190399
190412
190423
190435
190450
190468
190583
190700
191169
191316
191426
191428
191433
191559
191625
191728
191815
192213
192281
192524
192775
192780
192805
193367
193563
193594
193679
193723
193750
193813
193931
193939
193947
193956
194026
194097
194228
194245
194414
194486
194708
194737
194747
194942
195013
195139
195197
195228
195435
195653
195735
196011
196082
196175
196281
196346
196364
196515
196655
196672
196708
196830
196966
196988
197322
197335
197410
197424
197490
197536
197605
197643
197705
197784
197790
198092
198603
198801
198810
199000
199296
199323
199593
199666
199890
199925
199941
200663
200852
201035
201049
201209
201316
201614
201903
202013
202075
202148
202532
202564
202648
202923
202950
203062
203112
203476
203755
203846
203985
204100
204171
204400
204644
205074
205128
205717
205959
206070
206175
206198
206275
206375
206523
206819
206859
206911
206923
207004
207024
207170
207294
207469
207543
207857
208004
208112
208143
208891
208943
208993
209108
209161
209207
209288
209700
209800
209889
210201
210306
210309
210815
210827
210961
211195
211221
211291
211382
211582
211829
211852
212131
212173
212252
212302
212396
212462
212559
212851
213060
213211
213285
213458
213511
213544
213664
213731
213733
213755
213894
214144
214216
214884
214932
215218
215677
215736
215767
215772
215893
216141
216213
216327
216411
216506
216587
216869
217360
217392
217434
217549
217561
217593
217641
217985
217993
218130
218169
218421
218759
218764
218770
218814
219142
219154
219501
219690
220223
220343
220445
220675
220941
221198
221274
221300
221477
221500
221537
221676
221887
222074
222136
222290
222296
222325
222436
222480
222601
222642
222705
222814
222980
223266
223382
223486
223495
223586
223826
223857
223967
224101
224273
224308
224362
224380
224524
224613
224643
224801
224900
224936
224986
225197
226135
226358
226394
226677
226922
226986
226987
227007
227278
227324
227728
227767
227937
227948
227959
227968
228050
228142
228196
228481
228483
228600
228701
228742
229049
229083
229135
229211
229242
229298
229315
229454
230017
230150
230196
230438
230451
230645
230787
230894
230976
231036
231082
231097
231137
231180
231225
231233
231271
231579
231584
231671
231784
231794
231985
232166
232237
232721
232729
233046
233348
233379
233692
233747
233889
233953
234298
234652
234705
234791
234837
235087
235241
235389
235587
235619
235717
235831
235978
236037
236141
236183
236292
236310
236501
236537
236585
236733
236734
236746
236919
237375
237459
237465
237736
237805
237810
238311
238501
238543
238547
238575
238640
238642
238650
238681
238688
238710
238743
239261
239433
239473
239527
239611
239683
239955
240044
240118
240145
240725
240755
240952
241160
241513
241655
241863
242054
242104
242144
242150
242279
242389
242402
242446
242532
242560
242573
243036
243277
243304
243750
244278
244318
244503
244732
244742
244898
244941
245206
245479
245621
245672
246023
246062
246258
246313
246416
246677
246694
246783
246804
246866
246945
247047
247074
247121
247189
247203
247574
248064
248325
248475
249114
249198
249305
249594
249607
249688
249916
250020
250154
250191
250412
250448
250593
250596
250597
250617
250888
250905
250965
251164
251302
251367
251464
251595
251605
251621
251848
252048
252318
252413
252786
253054
253287
253290
253312
253314
253342
253406
253502
253645
253749
253787
253859
253909
254025
254073
254132
254134
254188
254345
254440
254457
254460
254768
254844
255291
255603
255649
255729
255789
255805
255886
256244
256269
256373
256438
256511
256517
256573
256589
256861
256948
256982
257096
257163
257254
257325
257495
257741
257814
257830
257868
258065
258081
258132
258137
258221
258464
258519
258668
258913
258937
259003
259101
259181
259288
259308
259525
259698
259786
259918
260046
260166
260187
260227
260318
260467
260516
260579
260660
260703
260805
260874
260973
260985
261049
261150
261165
261189
261313
261482
261781
261861
261870
262632
262702
262705
263070
263085
263236
263238
263401
263499
263782
263885
264095
264161
264273
264537
264542
264554
264644
264652
264761
264799
265213
265253
265281
265537
265553
265990
266039
266384
266467
266665
267227
267693
267828
267887
267981
268160
268277
268314
268326
268355
268383
268387
268408
268625
268626
268648
268650
268756
269171
269207
269218
269338
269510
269547
269596
269713
269818
270026
270124
270126
270257
270415
270435
270644
270858
270978
271357
271454
271506
271511
271576
271615
271862
272309
272358
272426
272832
273069
273238
273401
273441
273461
273523
273569
273584
273708
273787
273864
273992
274145
274207
274307
274519
274613
274921
274936
275064
275264
275725
275754
275806
275820
275836
275852
275878
276041
276140
276142
276318
276421
276556
276582
276637
276787
277129
277173
277309
277404
277503
277777
277810
277849
277976
278048
278072
278148
278258
278579
