505
720
920
986
1039
1068
1193
1197
1277
1417
1910
1999
2202
2254
2265
2579
2603
2842
2976
3464
3710
4021
4054
4151
4316
4399
4421
4709
5032
5238
5388
5445
5858
6085
6234
6370
6540
6855
6907
7320
7435
7554
7643
7702
7726
8345
8388
8443
8509
8931
8939
9030
9055
9131
9208
9253
9293
9551
9631
10088
10347
11113
11533
11861
11951
12257
12431
12515
12548
12990
13173
13201
13379
13588
13788
13864
14144
14255
14488
14655
14731
14811
14845
14897
14905
15162
15654
15687
15831
16208
16222
16670
16899
16991
17000
17182
17246
17329
17420
17469
17612
17768
17787
18045
18105
18337
18388
18512
18757
19036
19081
19145
19662
19808
19830
19961
20058
20124
20129
20198
20256
20716
20975
21030
21344
21703
21872
22480
22668
22806
22946
23395
23687
23715
23730
23754
23764
23770
23957
24450
24504
24885
24899
25075
25231
25237
25537
25707
25708
25774
25941
26302
26713
27105
27231
27996
28310
28315
28599
28618
28883
28895
29160
29249
29380
29485
29996
30077
30097
30147
30194
30625
30676
30703
31223
31383
31393
31564
31596
31958
32327
32440
32580
32792
33004
33031
33218
33379
33766
33999
34003
34035
34165
34573
34886
35440
35699
35966
36224
36270
36272
36340
36537
36675
36752
36976
37078
37465
37527
37681
37973
38322
38427
38559
38944
39197
39581
40178
40433
40793
40957
41123
41166
41288
41600
42096
42587
42635
42916
42939
43109
43178
43425
43571
43679
43778
43827
43886
44218
44240
44298
44396
44437
44479
44607
44957
45084
45247
45349
45392
45489
45770
45818
45847
45856
46034
46038
46171
46547
46650
46763
46975
47146
47178
47458
47581
47615
48000
48007
48034
48085
48118
48171
48193
48244
48361
48536
49047
49078
49088
49265
49763
50006
50031
50078
50204
50518
50886
51200
51259
51273
51326
51398
51423
51430
51460
51490
51723
51778
52183
52491
52534
52599
52617
52847
52927
53132
53835
53905
54084
54477
55066
55106
55212
55338
55423
55660
55723
55758
55821
55894
56077
56081
56190
56197
56255
56323
56345
56465
56511
56646
56923
57067
57574
57637
57750
57915
58102
58373
58586
58685
58690
59195
59304
59454
59646
59706
60143
60209
60634
60684
60764
60782
60808
60902
61211
61345
61433
61959
62020
62374
62474
62491
62536
62574
62777
62839
62898
63065
63173
63223
63516
63576
63958
63992
64934
65487
65664
66079
66161
66163
66312
66537
66675
67128
67151
67204
67219
67439
67517
67553
67602
67721
67844
68262
68931
69216
69294
69592
69938
70216
70252
70294
70433
70751
70758
70832
70955
71398
71426
71783
71787
71823
72001
72019
72183
72712
72922
73317
73592
73593
73600
73613
73623
73650
73827
73864
74096
74112
74145
74149
74201
74330
74357
74391
74476
74834
75138
75158
75509
75717
75982
76475
76836
77019
77023
77058
77180
77324
77407
77466
77610
77669
77738
77762
77836
78067
78360
78756
79182
79470
79487
79750
79945
80284
80594
80757
81204
81610
81719
81822
82022
82385
82479
82527
82822
83073
83116
83315
83431
83435
83658
84119
84129
84163
84174
84531
85262
86279
86772
86790
86997
86999
87186
87215
87748
87910
88078
88193
88243
88504
88520
88583
88810
89005
89115
89213
89681
89708
90023
90157
90176
90357
90514
90560
90649
91030
91166
91608
91876
92261
92553
92559
92807
93143
93179
93257
93319
93589
93604
93816
93866
94050
94693
94896
94931
95073
95185
95188
95334
95463
95509
95611
96035
96262
96459
96463
96648
96736
97603
97664
97875
98386
98490
98496
98607
98678
98729
98783
99107
99261
99500
99512
99728
99817
99852
99860
99865
100124
100371
100639
100676
100792
100823
101028
101070
101366
101619
102368
102564
102671
102683
102698
103019
103147
103346
103531
103562
103777
103939
104009
104054
104243
104275
104338
104348
104442
104598
104839
105030
105089
105191
105196
105369
105453
105575
106016
106116
106558
106774
107010
107203
107287
107355
107398
107540
107857
107937
108094
108353
108757
108839
108857
108884
108890
108963
109050
109288
109526
109757
109886
110028
110499
110562
110618
110671
110726
110951
111266
111329
111424
111525
111942
112307
112459
112556
112628
112644
112675
112828
112870
112890
113073
113338
113582
113691
113745
113789
113816
114001
114328
114399
114752
115088
115214
115222
115233
115486
115491
115847
116466
116554
116827
117022
117088
117089
117733
117978
118021
118229
118524
118796
119059
119070
119186
119265
119465
119694
119796
119892
119977
120044
121138
121224
121376
122012
122107
122110
122509
122839
123067
123151
123266
123277
123325
123373
123398
123605
123639
123755
123981
124239
124413
124571
124573
124631
124967
125227
125248
125578
125978
126341
126548
126844
126949
127021
127143
127144
127226
127249
127274
127853
128052
128146
128220
128274
128319
128337
128386
128517
128952
129003
129225
129675
129747
129764
129793
129871
130070
130096
130288
130459
130609
130778
130840
131472
131639
131649
132914
133318
133349
134068
134579
134990
135305
135471
135653
135679
136098
136191
136241
136326
136394
136693
137119
137141
137149
137160
137259
137402
137594
137628
137678
137768
137876
137884
137920
138112
138120
138293
138366
138424
138538
138771
138889
139034
139353
139421
139703
139772
139790
140685
140945
140959
141192
141255
141401
141837
142114
142148
142576
142655
143027
143090
143385
143399
143541
143560
143658
143666
143672
143939
143940
144056
144071
144092
144207
144664
144696
144834
145251
145284
145310
145461
145772
145840
145944
146623
146738
147096
147486
147572
147827
147843
147907
148176
148282
148432
148454
148721
148794
149061
149373
149397
149412
149489
149541
149800
149858
149945
150078
150443
150524
150731
150736
150888
150919
150994
151190
151506
151717
151723
151730
152044
152075
152133
152264
152500
152548
152674
152896
152911
152966
153075
153108
153413
153825
154188
154193
154236
154291
154402
154529
154610
154614
154836
155107
155109
155207
155255
155678
155779
155872
156340
156398
156710
157118
157157
157482
157553
157701
157907
157990
158034
158122
158176
158189
158226
158779
158807
158844
159073
159400
159672
159736
160711
161148
161318
161509
161740
161784
161927
161986
162289
162755
162957
163039
163368
163801
163934
164029
164253
164268
164302
164326
164444
164595
164713
164878
164905
165209
165496
165542
165608
165719
165736
165960
166173
166198
166203
166326
166330
166379
166553
166660
166672
166893
166953
167045
167050
167104
167209
167262
168101
168194
168390
168423
169001
169156
169274
169683
169727
170029
170180
170193
171225
171278
171826
172198
172577
172691
172873
172888
173110
173147
173192
173447
173512
173561
173796
173964
174032
174078
174173
174931
175201
175355
175359
175370
175585
175602
176061
176151
176664
176770
176941
177584
177714
177888
177928
178098
178348
178482
178569
178604
178747
178946
179120
179153
179305
179695
179875
180224
180387
180475
180491
180595
180661
180783
180902
181114
181167
181213
181250
181344
181500
181585
181643
181647
181899
181987
182280
182551
182840
182892
182993
183160
183337
183355
183539
183726
183866
184049
184131
184445
184489
184563
184890
185291
185342
185445
185507
185882
185977
186027
186152
186483
186613
186655
186672
186873
187214
187229
187502
187527
187799
187942
187948
188494
188947
188985
189029
189061
189315
189517
189533
189574
189578
189585
189690
189768
189774
189778
190050
190196
190264
190354
190381
190569
190666
191075
191085
191115
191226
191279
191310
191322
191532
191743
191867
192020
192617
192696
192697
192829
192901
192912
192955
193057
193169
193279
193340
193523
193759
193894
194498
194636
194792
195051
195795
195905
196158
196587
196602
196978
197035
197450
197618
197630
197681
197696
197703
197770
198199
198270
198422
198468
198832
198980
199129
199415
199896
200048
200078
200195
200535
200904
200947
201045
201149
201644
201940
202214
202350
202377
202436
202613
202809
203246
203337
203341
203662
203779
203887
203921
204186
204292
204356
204471
205382
205394
205835
205869
206045
206113
206133
206172
206218
206498
206502
206562
206728
207286
207623
207825
207852
208043
208079
208107
208122
208414
208424
208546
209025
209051
209291
209586
209784
209832
209885
210037
210313
210659
210822
210853
211164
211241
211413
211541
211587
211686
211800
211821
211986
212164
212245
212366
212725
213166
213316
213550
213847
213898
214094
214170
214858
214950
215443
216003
216160
216164
216263
216410
217095
217121
217547
217558
217757
218683
218719
218794
218815
219206
219228
219328
219685
219693
219715
219965
220040
220099
220138
220438
220623
220641
220778
221014
221360
221459
221804
221987
222008
222031
222135
222187
222623
222802
222995
223029
223081
223391
223540
223571
223643
223976
224078
224114
224412
224653
224714
224776
224947
225189
225272
225519
225530
225549
225689
225810
225883
226108
226193
226225
226330
226378
226379
226423
226437
226919
226955
226983
227010
227296
227404
227953
227973
228173
228215
228303
228366
228987
229219
229268
229487
229678
230088
230139
230319
230360
230417
230422
230745
230831
230874
231060
231157
231500
232059
232657
232659
233441
233567
233752
233798
234334
234499
234518
234670
234683
234776
234795
234812
235173
235375
235421
235794
235865
235891
236050
236209
236399
236469
236541
236720
236786
236788
236874
236964
237016
237154
237259
237491
237575
237835
237926
238278
238623
238633
238668
238689
238931
239077
239108
239171
239595
239606
239802
239873
239978
240031
240076
240121
240206
240343
240468
240770
241005
241460
241610
241680
241785
241914
242011
242022
242235
242426
242467
242514
242602
242904
242905
243150
243216
243384
243423
244421
244489
244579
244662
244725
244764
244931
245119
245303
245400
245406
245600
245852
245888
246030
246280
246338
246440
246544
246612
246776
246815
246830
246904
247070
247107
247455
247587
247678
247788
247852
248204
248393
248485
249437
249539
249581
249781
249795
250162
250173
250222
250245
250599
250692
251224
251309
251601
251807
251919
251933
252252
252319
252415
252737
253265
253296
253337
253748
254364
254402
254545
254804
254981
255067
255324
255532
255907
256359
256499
256879
256890
256920
256978
257179
257193
257405
257444
257467
257697
257954
258050
258141
258193
258238
258745
258800
258824
258950
259239
259270
259407
259474
259580
259653
260278
260282
260341
260374
260632
260663
260835
260893
261012
261180
261305
261493
261735
262213
262255
262445
262509
262558
262605
262646
263023
263074
263192
263746
264124
264181
264464
264529
264675
264802
264873
265246
265270
265558
265791
265815
265906
266050
266638
266709
266774
266902
266952
267036
267044
267177
267275
267305
267386
267434
267656
267690
268077
268219
268239
268263
268333
268413
268779
268814
268929
269193
269214
269309
269332
269586
269588
269699
269838
269873
269890
269910
270037
270058
270284
270421
270478
270528
270829
270911
271083
271113
271173
271332
271343
271439
271569
271582
271970
271976
272295
272563
272700
272714
272910
272922
273198
273208
273413
273475
273487
273562
273674
273857
273902
274040
274273
274277
274299
274432
274438
275074
275156
275226
275265
275273
275373
275516
275676
275704
275711
275854
275972
276031
276097
276107
276261
276339
276484
276756
276813
276898
277007
277125
277337
277353
277367
277383
277423
277654
277669
277800
277805
277825
277919
277975
278023
278068
278090
278132
278239
278356
278426
278437
278583
