106
113
118
143
174
304
338
471
611
718
746
752
772
793
795
850
931
935
963
1022
1070
1127
1182
1199
1249
1445
1938
1941
1983
2006
2058
2157
2381
2624
2688
2735
2791
2796
2890
3028
3064
3080
3206
3231
3242
3286
3289
3356
3442
3479
3506
3655
3673
3697
3798
4009
4031
4037
4068
4093
4157
4173
4181
4183
4195
4205
4229
4231
4243
4246
4247
4361
4459
4559
4691
4703
4868
5001
5061
5201
5498
5558
5714
5841
5877
5926
6049
6051
6054
6107
6165
6252
6448
6465
6700
6850
6882
6904
6999
7137
7185
7366
7390
7654
7802
7881
7950
8005
8052
8216
8270
8362
8542
8547
8639
8748
8771
8792
8825
8838
8863
8923
8932
9081
9126
9166
9170
9298
9392
9394
9645
9692
9796
9798
9843
9957
9978
10021
10079
10171
10448
10450
10480
10507
10578
10615
10700
10877
10929
11082
11117
11124
11425
11462
11483
11491
11852
12024
12066
12171
12196
12378
12400
12414
12416
12439
12445
12465
12469
12581
12593
12635
12678
12710
12716
12760
12761
12777
12813
12819
12820
12847
12947
12954
12995
13037
13073
13166
13279
13327
13402
13564
13566
13717
13929
14117
14176
14291
14330
14345
14522
14564
14671
14742
14876
14960
15059
15124
15138
15143
15295
15352
15502
15599
15602
15627
15728
15881
15906
16339
16353
16443
16633
16646
16676
16701
16823
16873
16883
16894
16949
17147
17426
17466
17590
17600
17712
17729
17946
17978
18122
18142
18144
18303
18329
18438
18500
18526
18712
18717
18759
19031
19037
19040
19141
19313
19912
19913
20461
20534
20611
20670
20759
20783
20862
20884
20903
20987
21113
21138
21321
21328
21405
21422
21442
21465
21561
21632
21701
21723
21740
21782
21811
21855
21971
21980
22040
22049
22354
22586
22648
22688
22862
22997
23146
23159
23188
23300
23344
23369
23416
23484
23487
23658
23675
23698
23722
23791
23920
24075
24089
24103
24340
24345
24431
24506
24511
24561
24697
24786
24799
24866
24894
24933
25087
25149
25332
25341
25353
25358
25359
25679
25687
25694
25706
25744
25838
26029
26259
26261
26297
26330
26522
26546
26570
26621
26629
26829
26941
27166
27216
27239
27287
27387
27576
27583
27590
27598
27647
27649
27713
27733
27751
28195
28422
28508
28550
28623
28627
28741
28758
28793
28952
29096
29132
29203
29222
29226
29239
29288
29296
29372
29394
29423
29462
29612
29759
29797
29855
29971
30019
30221
30230
30283
30363
30390
30601
30726
30797
30829
30910
30914
30917
30933
30937
30944
30962
31003
31064
31098
31175
31184
31259
31301
31386
31447
31499
31614
31662
31666
31690
31730
31732
31742
31784
31787
31823
31889
31978
32051
32112
32189
32427
32462
32541
32564
32614
32645
32702
32715
32770
32772
32810
32832
32838
32855
32904
32958
33137
33168
33171
33213
33225
33256
33307
33453
33497
33612
33801
33825
33838
34009
34108
34126
34387
34451
34478
34488
34613
34752
35025
35099
35222
35253
35302
35591
35606
35635
35685
35721
35732
35963
35964
36258
36370
36438
36541
36556
36560
36562
36611
36663
36672
36737
36923
37048
37103
37149
37241
37270
37438
37512
37518
37543
37572
37576
37579
37691
37710
37762
37781
37784
37790
37808
37835
37838
37854
37867
37908
37991
38001
38004
38150
38363
38367
38406
38565
38571
38626
38647
38823
38860
38911
39030
39501
39586
39629
39827
39843
39858
40086
40104
40120
40134
40141
40181
40379
40389
40630
40645
40684
40713
40784
40801
40940
40950
40969
40970
41202
41320
41363
41479
41610
41612
41629
41659
41854
41978
42305
42336
42359
42429
42463
42603
42767
42785
42825
42934
43004
43012
43080
43094
43143
43197
43212
43248
43294
43469
43502
43658
43670
43838
43873
43964
44042
44208
44243
44245
44256
44287
44328
44354
44413
44474
44490
44496
44524
44528
44618
44775
44795
44799
44888
44909
44978
45034
45074
45125
45274
45285
45288
45293
45333
45352
45363
45446
45450
45460
45482
45627
45678
45735
45769
45840
46003
46052
46130
46203
46296
46365
46452
46603
46611
46626
46724
46762
46930
47053
47278
47443
47504
47516
47789
47795
47806
47862
47876
47933
47980
48122
48131
48140
48174
48313
48327
48336
48370
48467
48468
48549
48609
48665
48684
48705
48822
48936
48983
48986
48988
49024
49117
49120
49121
49194
49405
49446
49505
49553
49608
49713
49883
49908
49990
50075
50150
50288
50311
50313
50399
50423
50598
50629
50634
50688
50858
50910
50944
50963
51054
51057
51090
51139
51260
51471
51627
51709
51735
51847
51858
51874
51914
52039
52052
52053
52094
52192
52249
52253
52413
52450
52509
52568
52583
52619
52642
52660
52831
53136
53169
53185
53324
53401
53647
53729
53802
53818
53844
53847
54081
54111
54113
54200
54201
54207
54329
54341
54392
54421
54463
54595
54597
54678
54701
54899
54900
54921
54963
54983
54997
55024
55057
55097
55102
55243
55254
55295
55329
55365
55635
55686
55721
55843
56009
56046
56053
56157
56192
56225
56280
56337
56455
56560
56595
56637
56674
56741
56751
56752
56983
57024
57092
57149
57162
57206
57237
57261
57471
57478
57484
57503
57606
57636
57641
57648
57734
57743
57811
57936
57976
58017
58025
58110
58117
58129
58162
58167
58253
58255
58337
58459
58520
58580
58665
58930
59001
59014
59187
59203
59298
59363
59372
59411
59499
59534
59713
59769
59827
60072
60142
60181
60362
60607
60825
60906
60939
61095
61299
61371
61419
61642
61752
61828
61863
61917
61937
61960
61996
62025
62158
62159
62204
62317
62360
62362
62390
62404
62420
62442
62490
62528
62572
62694
62768
62899
63008
63042
63096
63167
63375
63380
63558
63641
63678
63779
63873
63905
63943
64011
64035
64109
64175
64281
64424
64584
64600
64609
64665
64692
64696
64939
65000
65103
65268
65465
65578
65801
65845
65871
66002
66246
66333
66456
66597
66784
66848
66851
66966
66992
67018
67060
67140
67175
67273
67354
67365
67372
67397
67502
67582
67649
67807
67901
67977
67996
68073
68110
68118
68215
68242
68296
68470
68513
68584
68662
68955
69039
69096
69151
69278
69369
69460
69858
69930
69955
69970
70004
70059
70181
70236
70243
70274
70285
70425
70450
70673
70731
70757
70789
70810
71226
71273
71393
71544
71768
71833
71870
71903
72012
72016
72116
72154
72155
72186
72421
72552
72569
72639
72730
72763
72774
72813
72993
73073
73190
73225
73256
73279
73660
73846
73919
73996
74394
74399
74486
74523
74559
74678
74817
74853
75107
75119
75235
75576
75752
75843
75846
75895
75912
75945
76055
76132
76326
76728
76811
77079
77120
77165
77235
77397
77441
77634
77689
77697
77758
77772
77845
78075
78137
78287
78322
78432
78594
78665
78693
78726
78832
78953
79016
79033
79102
79149
79170
79429
79541
79563
79611
79633
79663
79669
79677
79782
79917
79921
79929
80036
80050
80107
80348
80531
80618
80646
80796
80807
80883
80887
80897
80900
80902
81172
81262
81426
81540
81723
81729
81819
81829
81830
81946
81984
81985
82019
82035
82161
82284
82290
82360
82603
83079
83157
83161
83164
83166
83244
83288
83484
83498
83619
83646
83727
83842
84103
84112
84154
84156
84168
84178
84181
84378
84471
84625
84734
84892
84977
85032
85072
85200
85204
85215
85216
85320
85378
85399
85484
85489
85492
85494
85500
85626
85671
85706
85806
85892
85911
86057
86080
86195
86260
86476
86490
86567
86570
86594
86610
86636
86832
86875
86974
87120
87141
87167
87292
87439
87554
87589
87780
87807
88212
88213
88350
88357
88428
88429
88580
88638
88680
88681
88701
88828
88848
88899
88903
88937
88976
88983
89001
89184
89221
89313
89408
89413
89443
89462
89572
89725
89874
89951
89991
90000
90138
90144
90178
90205
90241
90248
90391
90804
90844
90923
90954
90969
90979
91029
91048
91346
91423
91475
91500
91556
91775
91787
91804
91808
91971
91988
92467
92498
92509
92558
92569
92623
92854
92937
93030
93096
93140
93154
93176
93283
93299
93315
93327
93427
93628
93682
93790
93813
93922
94012
94041
94207
94210
94224
94268
94392
94444
94477
94757
94758
94857
94947
95107
95170
95190
95255
95282
95299
95421
95436
95478
95576
95975
96005
96131
96293
96297
96306
96387
96499
96509
96514
96561
96684
96695
96702
96704
96749
96928
96963
96983
96997
97027
97131
97244
97246
97263
97405
97684
97714
97773
97835
97866
97870
97872
97946
98070
98071
98075
98080
98088
98155
98157
98204
98209
98423
98502
98530
98592
98615
98624
98626
98627
98720
98744
98762
98765
98837
98946
99053
99069
99102
99173
99211
99431
99501
99639
99695
99815
99825
99856
99894
99959
100012
100101
100310
100426
100527
100659
100697
100707
100753
100757
100817
100818
100846
100989
101036
101114
101365
101588
101668
101749
102043
102224
102370
102608
102755
102888
102899
102923
102926
102994
103057
103199
103223
103225
103365
103412
103430
103440
103593
103597
103606
103626
103657
103779
103905
103906
103926
103959
104075
104209
104231
104305
104354
104365
104436
104466
104553
104611
104735
104767
104938
105005
105079
105119
105131
105133
105314
105384
105393
105486
105490
105580
105615
105663
105732
105774
105797
105816
105931
106012
106027
106095
106098
106163
106183
106288
106306
106504
106603
106687
106703
106756
106869
107050
107065
107097
107124
107126
107147
107259
107260
107284
107391
107445
107545
107646
107647
107667
107710
107755
107758
107817
107865
108037
108136
108217
108285
108341
108342
108362
108431
108636
108667
108708
108709
108713
108724
108725
108738
108765
108778
108830
108851
108852
108975
109077
109126
109134
109234
109297
109302
109354
109462
109467
109469
109504
109607
109621
109624
109625
109737
109763
109871
109975
110029
110108
110163
110211
110216
110307
110333
110418
110431
110461
110522
110595
111218
111306
111386
111394
111418
111521
111569
111592
111596
111680
111730
111737
111782
111932
111985
111998
112088
112106
112136
112182
112224
112294
112297
112304
112323
112504
112530
112632
112638
112663
112667
112775
112835
112877
113025
113106
113128
113164
113334
113374
113376
113422
113445
113465
113468
113470
113493
113501
113509
113544
113643
113667
113679
113769
113786
113835
113908
113956
113963
113991
114014
114106
114134
114145
114274
114470
114609
114848
114937
115085
115175
115303
115572
115575
115582
115621
115674
115860
115927
115961
116061
116069
116073
116179
116229
116346
116357
116390
116532
116618
116657
116860
117073
117236
117243
117247
117377
117453
117465
117665
117686
117836
117839
118096
118111
118157
118244
118293
118348
118382
118492
118509
118587
118652
118739
118797
118813
118883
118979
119105
119106
119195
119212
119300
119325
119337
119347
119389
119391
119400
119404
119468
119578
119657
119781
119858
119915
119945
120183
120404
120539
120568
120712
120886
120929
120945
121140
121150
121334
121413
121418
121557
121596
121749
121753
121763
121842
121928
121981
122017
122039
122148
122178
122181
122406
122704
122745
122747
122873
123019
123043
123074
123095
123381
123407
123473
123497
123500
123562
123625
123719
123720
123724
123738
123767
123808
123837
123896
123924
123992
124266
124608
124666
124764
124814
124952
125057
125112
125131
125163
125284
125289
125455
125926
125980
126036
126134
126252
126315
126373
126389
126573
126589
126597
126639
126757
126763
126792
126980
127014
127180
127193
127268
127320
127361
127369
127421
127592
127698
127801
127932
128076
128083
128093
128144
128166
128343
128347
128351
128402
128418
128425
128689
128717
128749
128924
129206
129281
129359
129413
129734
129784
129800
129818
129933
129974
129987
130002
130005
130063
130131
130421
130442
130581
130627
130733
130767
130928
131035
131056
131096
131099
131146
131199
131201
131225
131271
131273
131283
131298
131427
131503
131526
131548
131584
131667
131799
131898
131938
132074
132109
132153
132200
132554
132616
132822
132925
132932
133029
133080
133185
133228
133269
133377
133398
133628
133753
133775
133981
133988
134009
134021
134245
134391
134423
134432
134642
134785
134823
134836
134947
134992
135111
135115
135270
135272
135409
135634
135659
135736
135855
135863
135866
135913
135932
135950
136077
136226
136284
136410
136415
136507
136620
136684
136843
136853
137151
137164
137175
137204
137242
137288
137398
137412
137437
137439
137617
137691
137710
137793
137861
137890
137895
137916
138272
138435
138452
138588
138805
138965
139105
139129
139141
139313
139339
139437
139537
139608
139620
139739
139821
139826
139859
139928
139945
139954
139955
140044
140083
140093
140188
140245
140249
140278
140338
140346
140353
140358
140360
140370
140443
140500
140508
140516
140553
140588
140591
140758
140759
140817
140862
141119
141135
141164
141173
141176
141190
141232
141290
141348
141692
141740
141801
141811
141814
141816
141848
141856
141977
141979
141982
142090
142118
142134
142142
142166
142192
142205
142265
142354
142365
142369
142384
142386
142471
142493
142540
142544
142607
142638
142650
142689
142705
142851
142868
143228
143248
143311
143348
143417
143473
143599
143691
143793
143796
144164
144197
144215
144226
144333
144596
144611
144777
144872
144936
144993
145220
145231
145345
145427
145441
145452
145458
145495
145528
145551
145570
145575
145811
145981
146016
146047
146059
146103
146143
146199
146220
146435
146438
146475
146549
146589
146806
146952
147043
147074
147237
147262
147272
147324
147391
147409
147413
147414
147440
147442
147468
147503
147581
147720
147756
147862
147900
148003
148058
148135
148205
148208
148231
148238
148255
148316
148365
148411
148448
148590
148592
148645
148648
148651
148756
148812
148814
148829
148841
148967
149012
149023
149216
149230
149262
149294
149406
149493
149624
149641
149719
149821
149856
149900
149971
149975
149983
149984
150133
150191
150317
150406
150495
150614
150659
150774
150805
150812
150944
150945
150983
151107
151172
151173
151375
151384
151420
151518
151634
151692
151877
152014
152076
152167
152192
152211
152539
152669
152672
152706
152855
153032
153050
153161
153244
153284
153324
153369
153396
153474
153482
153494
153568
153574
153577
153691
153785
153828
153884
153891
153932
153967
154029
154116
154305
154364
154391
154394
154505
154606
154629
154634
154668
154820
154869
154978
155004
155047
155069
155083
155186
155189
155324
155409
155440
155442
155460
155541
155564
155705
155809
155832
155838
155883
155914
155946
156153
156229
156316
156467
156469
156609
156743
156744
156815
156901
156915
156947
156987
157034
157041
157090
157117
157313
157413
157524
157549
157551
157575
157594
157758
157872
157895
157951
157996
158080
158216
158364
158562
158669
158732
158735
158786
158796
158843
158924
158925
159050
159070
159101
159221
159279
159310
159414
159434
159513
159587
159655
159724
159758
160067
160084
160273
160308
160342
160370
160387
160391
160564
160601
160633
160667
160691
160693
160771
160790
160818
160825
160831
160834
160838
160888
160988
160996
160999
161116
161141
161196
161415
161569
161714
161780
161794
161804
161875
161984
162048
162050
162068
162224
162297
162303
162317
162342
162520
162578
162604
162613
162657
162722
162896
162986
162994
163069
163180
163343
163345
163378
163414
163523
163539
163729
163800
163814
163852
163855
163940
163950
164058
164066
164102
164126
164133
164221
164247
164273
164281
164449
164461
164501
164601
164607
164657
164717
164728
164781
164897
164911
165109
165191
165292
165363
165385
165495
165503
165541
165576
165592
165597
165676
165687
165778
165846
166139
166165
166320
166355
166410
166473
166579
166584
166723
166815
166838
166930
166937
166960
166984
167034
167242
167338
167382
167412
167514
167576
167591
167630
167663
167686
167833
167837
167879
167936
167947
167993
168062
168075
168093
168199
168358
168372
168395
168487
168657
168830
168942
168974
169033
169195
169363
169414
169431
169519
169520
169539
169611
169686
169698
169717
169762
169861
169875
169940
169946
170076
170113
170169
170216
170311
170329
170351
170357
170370
170494
170541
170560
170569
170775
170815
170879
170894
171250
171272
171319
171322
171409
171691
171702
171750
172060
172249
172266
172286
172311
172372
172410
172426
172440
172495
172508
172512
172617
172657
172700
172828
172848
172897
172920
172921
172941
173037
173081
173185
173220
173250
173356
173386
173494
173496
173582
173629
173719
173759
173771
173842
173906
173940
174010
174064
174232
174275
174382
174519
174544
174658
174688
174740
174760
174785
174819
174995
175015
175029
175177
175255
175269
175319
175357
175453
175511
175606
175615
175727
175736
176029
176069
176102
176108
176165
176200
176356
176372
176480
176567
176611
176627
176662
176695
176717
176775
176856
176909
176937
176948
176979
177029
177055
177073
177313
177329
177335
177397
177446
177455
177520
177522
177614
177642
177699
177708
177794
178041
178090
178243
178244
178261
178300
178354
178386
178397
178463
178738
178837
178849
178866
179221
179287
179325
179433
179467
179494
179704
179756
179791
179798
179801
179841
179962
180066
180089
180129
180142
180146
180157
180211
180254
180403
180408
180431
180520
180596
180627
180651
180709
180806
180851
180971
181076
181085
181163
181236
181336
181342
181471
181616
181692
181708
181717
181740
181780
181784
181835
181940
181977
182010
182030
182056
182100
182148
182190
182207
182212
182250
182262
182318
182348
182353
182501
182580
182581
182623
182640
182649
182906
183012
183022
183110
183121
183127
183186
183187
183190
183211
183271
183298
183404
183497
183506
183514
183553
183747
183906
183939
183969
183982
183996
184181
184320
184335
184341
184647
184650
184652
185027
185178
185215
185232
185242
185289
185363
185439
185470
185518
185752
185756
185791
185798
185804
185819
185828
185908
185979
185994
186026
186045
186094
186096
186172
186306
186548
186580
186581
186606
186641
186667
186677
186706
186725
186774
186817
187066
187078
187134
187169
187242
187319
187321
187357
187359
187406
187547
187564
187603
187608
187650
187735
187769
187788
187903
187943
188143
188222
188225
188308
188323
188347
188554
188593
188825
188829
188865
188913
188926
188950
188969
188987
189027
189048
189054
189094
189228
189237
189285
189294
189318
189414
189514
189521
189552
189588
189658
189788
189844
189848
189989
189993
190174
190249
190346
190363
190378
190412
190422
190423
190461
190468
190495
190499
190700
190889
191032
191158
191316
191326
191428
191433
191441
191456
191458
191559
191645
191728
191751
191968
191976
192037
192199
192273
192281
192299
192311
192524
192565
192582
192693
192730
192775
192780
192805
192806
193078
193251
193429
193477
193484
193518
193563
193577
193638
193723
193750
193856
193857
193923
193931
193935
193956
193959
193971
194012
194026
194205
194228
194241
194245
194375
194413
194414
194486
194487
194634
194640
194737
194747
194942
195013
195059
195120
195125
195139
195265
195435
195526
195532
195653
195699
195708
195735
195869
195916
196063
196138
196142
196175
196183
196185
196208
196244
196346
196356
196364
196400
196402
196410
196421
196436
196478
196515
196537
196542
196575
196627
196655
196662
196672
196827
196830
196872
196885
196942
196959
196980
196988
197239
197322
197387
197424
197489
197490
197499
197536
197549
197550
197635
197643
197680
197705
197730
197753
197776
197784
197790
198108
198115
198213
198271
198401
198423
198473
198561
198801
199000
199120
199201
199207
199228
199296
199320
199376
199398
199459
199606
199666
199863
199890
199920
200002
200023
200236
200312
200321
200331
200508
200584
200663
200682
200790
200829
201016
201035
201039
201043
201049
201154
201209
201314
201316
201347
201580
201614
201618
201748
201868
201903
201963
201995
202075
202080
202155
202349
202385
202402
202471
202564
202634
202636
202648
202670
202726
202754
202765
202859
202912
202950
203062
203112
203116
203136
203137
203440
203473
203476
203505
203529
203775
203781
203788
203822
203915
203923
204003
204100
204158
204171
204231
204304
204340
204412
204467
204602
204618
204644
204701
204838
204908
204924
205074
205295
205319
205451
205491
205614
205717
205725
205959
205968
206147
206189
206198
206275
206375
206493
206653
206859
206908
206911
206915
206923
206937
206942
207003
207024
207170
207206
207217
207313
207415
207469
207736
207857
207859
207864
207944
207956
208102
208105
208112
208143
208166
208241
208307
208361
208406
208423
208499
208516
208621
208648
208685
208708
208714
208728
208797
208810
208916
209123
209148
209246
209288
209336
209623
209700
209810
209835
209905
209936
209941
210075
210166
210201
210283
210309
210311
210436
210505
210540
210794
210815
211069
211133
211221
211251
211289
211302
211357
211382
211523
211590
211829
211852
211897
212131
212252
212302
212342
212470
212559
212734
212851
212857
212953
213060
213125
213134
213154
213156
213211
213282
213285
213340
213383
213400
213458
213511
213599
213674
213683
213684
213696
213733
213755
213834
213894
214014
214065
214144
214216
214306
214307
214482
214705
214837
214884
214932
214976
214989
215200
215218
215517
215677
215725
215736
215742
215767
215772
215869
215885
215893
215915
215982
216025
216059
216141
216156
216179
216192
216213
216234
216288
216327
216350
216411
216496
216498
216550
216551
216592
216844
216869
217024
217053
217066
217122
217326
217335
217360
217389
217392
217434
217451
217561
217593
217993
218130
218169
218421
218497
218764
218770
218788
218798
218817
218910
218963
219011
219027
219074
219121
219134
219154
219181
219210
219230
219349
219389
219498
219509
219510
219596
219676
219833
219897
219910
220186
220308
220343
220436
220445
220469
220520
220650
220705
220727
220795
220816
220817
220855
221055
221198
221300
221314
221500
221537
221821
221840
221841
221887
222033
222042
222068
222096
222199
222290
222325
222355
222403
222436
222442
222463
222480
222503
222520
222539
222601
222607
222612
222622
222814
222819
222827
222864
223094
223247
223251
223266
223318
223368
223500
223586
223663
223814
223826
223870
223883
224101
224173
224199
224248
224273
224278
224279
224339
224380
224444
224453
224524
224545
224613
224644
224744
224745
224835
224879
224900
225005
225030
225036
225197
225225
225276
225327
225364
225392
225474
225501
225522
225653
225718
225775
225975
226135
226358
226369
226373
226426
226461
226495
226603
226643
226677
226708
226797
226866
226922
226981
226987
227007
227063
227072
227187
227198
227278
227324
227416
227421
227452
227513
227637
227672
227720
227744
227767
227773
227937
227948
227959
228142
228263
228306
228400
228426
228483
228600
228659
228701
228729
228742
228753
228771
228787
228807
228896
228915
229049
229083
229135
229138
229211
229244
229315
229340
229454
229520
229599
229841
229979
229994
229996
230012
230072
230086
230150
230196
230215
230220
230346
230399
230402
230438
230451
230645
230883
230894
230976
231097
231134
231180
231185
231225
231321
231395
231442
231580
231584
231784
231794
231866
231965
232100
232130
232178
232188
232349
232354
232676
232691
232721
232810
232924
233348
233379
233836
233973
234033
234055
234073
234102
234145
234157
234301
234378
234658
234705
234713
234789
234942
235087
235179
235181
235218
235257
235271
235376
235389
235465
235481
235587
235608
235619
235743
235831
235912
236106
236121
236141
236183
236200
236289
236292
236310
236434
236501
236566
236572
236585
236610
236701
236712
236733
236734
236740
236743
236746
236919
236952
236987
236996
237251
237295
237312
237375
237428
237459
237640
237719
237736
237747
237763
237775
237805
237810
237830
237968
238033
238081
238189
238311
238436
238501
238566
238575
238583
238650
238656
238688
238710
238865
239082
239150
239224
239261
239473
239527
239634
239683
239832
239868
239925
239952
239955
240077
240084
240441
240483
240493
240526
240642
240675
240679
240703
240724
240731
240827
241178
241384
241513
241546
241661
241741
241754
241807
241824
241978
242040
242054
242104
242142
242144
242150
242279
242355
242360
242362
242375
242389
242402
242474
242573
242972
242982
243036
243065
243097
243144
243252
243277
243304
243312
243348
243370
243471
243620
243750
243874
244291
244393
244732
244736
244881
244898
244917
244949
244986
245040
245299
245376
245529
245531
245543
245568
245603
245621
245664
245672
245751
245781
245855
245995
246021
246023
246075
246099
246188
246235
246258
246429
246535
246677
246680
246688
246696
246719
246730
246746
246767
246783
246804
246847
246867
246927
246945
247012
247019
247047
247064
247074
247121
247189
247196
247236
247276
247280
247622
247665
247750
247785
247787
247928
247946
248020
248064
248130
248143
248251
248261
248337
248443
248475
248649
248702
248717
248783
248903
248967
248983
249085
249114
249156
249324
249482
249594
249688
249716
249747
249758
249842
249916
249965
249993
250003
250006
250020
250055
250098
250143
250232
250241
250412
250430
250431
250528
250556
250593
250596
250597
250598
250617
250855
250888
250905
250965
251048
251064
251077
251105
251114
251138
251164
251263
251288
251318
251367
251464
251542
251549
251621
251626
251632
251709
251746
251748
251761
251763
251771
251805
251916
251928
251930
251948
252071
252209
252413
252604
252672
252689
252756
252784
252786
252860
252908
252978
253000
253036
253040
253054
253287
253290
253312
253406
253502
253584
253652
253697
253749
253769
253849
253859
253909
254025
254042
254132
254297
254345
254440
254457
254460
254562
254616
254620
254714
254756
254768
254790
254828
254844
254910
254939
254971
254996
255009
255051
255092
255140
255219
255226
255290
255358
255391
255480
255603
255643
255644
255649
255677
255711
255729
255802
255809
255881
255886
256244
256268
256269
256333
256383
256436
256511
256573
256607
256655
256665
256830
256836
256838
256861
256867
256891
256982
257047
257096
257127
257167
257248
257293
257380
257420
257425
257451
257659
257666
257712
257741
257788
257790
257823
257830
257868
257876
257995
257998
258016
258065
258071
258081
258086
258132
258221
258306
258464
258519
258570
258630
258657
258668
258688
258809
258874
258875
258889
258913
258973
258994
259003
259053
259101
259129
259181
259288
259308
259525
259564
259598
259625
259674
259698
259786
259837
259861
259877
259918
259921
259945
259957
260037
260122
260163
260166
260187
260227
260254
260318
260361
260492
260497
260502
260578
260647
260703
260805
260911
260973
260985
261049
261157
261165
261189
261240
261332
261477
261485
261552
261625
261781
261828
261858
261870
261893
262077
262089
262158
262211
262263
262484
262601
262632
262633
262655
262746
262770
262775
262786
262791
262894
262931
262954
263059
263089
263091
263237
263238
263392
263401
263406
263497
263499
263524
263546
263562
263674
263722
263738
263782
263830
263885
263920
263936
263973
263983
264031
264046
264095
264148
264151
264154
264266
264304
264341
264408
264504
264537
264551
264554
264576
264628
264644
264667
264686
264799
264831
264847
264885
264918
265262
265281
265317
265343
265366
265486
265490
265597
265635
265646
265760
265876
265891
266030
266039
266080
266254
266292
266384
266407
266504
266596
266607
266614
266675
266693
266700
266705
266787
266826
266831
266900
267023
267124
267154
267249
267279
267348
267459
267465
267630
267693
267734
267744
267799
267850
267887
267982
268029
268057
268129
268141
268160
268277
268314
268355
268357
268366
268375
268408
268409
268412
268481
268489
268625
268626
268648
268751
268756
269100
269171
269179
269190
269213
269331
269338
269408
269510
269511
269547
269596
269702
269746
269817
269818
269826
269854
269922
270015
270026
270106
270124
270126
270166
270167
270220
270412
270415
270492
270581
270644
270751
270758
270793
270858
270898
270904
270905
270950
271093
271245
271357
271395
271407
271503
271506
271531
271615
271731
271832
271862
271919
272062
272137
272139
272309
272354
272504
272523
272625
272634
272801
272809
272889
272949
272961
272973
272984
273000
273057
273186
273238
273333
273401
273419
273441
273466
273468
273550
273573
273647
273708
273709
273787
273800
273913
274145
274201
274232
274307
274364
274519
274542
274760
274798
274861
274887
274921
275066
275225
275258
275302
275369
275501
275525
275678
275754
275774
275806
275809
275812
275830
275833
275836
275837
275851
275852
275873
275878
276005
276021
276041
276048
276080
276084
276140
276143
276299
276302
276318
276356
276379
276421
276465
276494
276495
276506
276556
276582
276753
276820
276903
276941
276957
277173
277200
277256
277330
277404
277428
277499
277503
277593
277770
277775
277777
277810
277849
277928
277976
278020
278048
278072
278081
278148
278151
278161
278231
278315
278330
278354
278405
278586
278623
