119
302
355
406
452
465
625
788
867
1057
1319
1374
1462
1470
1493
1570
1656
1696
1847
1870
1922
2045
2113
2207
2335
2408
2557
2620
2679
2914
2947
2989
3050
3072
3102
3158
3354
3463
3578
3689
3738
3918
3921
4044
4372
4411
4511
4784
4865
5044
5071
5095
5129
5181
5241
5659
5672
5777
5789
5857
6168
6186
6212
6306
6348
6355
6418
6451
6453
6456
6668
6914
6935
6945
6965
6974
6980
7123
7141
7155
7277
7289
7423
7445
7614
7641
7665
7862
7884
7916
7923
7999
8044
8045
8150
8340
8447
8522
8598
8665
8727
8941
9163
9303
9364
9373
9497
9581
9696
9700
9730
9743
9820
9835
9969
10147
10158
10168
10219
10262
10351
10550
10648
10825
10887
10899
10977
11033
11052
11363
11505
11525
11599
11607
11668
11791
11815
11864
11873
11947
11961
12106
12156
12233
12367
12510
12680
12732
12824
13281
13436
13829
13840
13897
13924
13948
13949
14096
14107
14174
14186
14194
14203
14257
14298
14340
14380
14575
14577
14602
14617
14693
14791
14841
14874
14935
14998
15121
15187
15220
15248
15260
15286
15293
15504
15669
15764
15771
15840
16042
16247
16307
16571
16649
16828
16850
17174
17187
17213
17477
17497
17500
17548
17632
17656
17709
17741
17756
17797
17818
18015
18125
18298
18423
18430
18518
18527
18619
18755
18765
18816
18952
19014
19113
19125
19152
19282
19409
19428
19490
19529
19624
19632
19859
19877
19953
20068
20081
20095
20112
20131
20326
20338
20477
20482
20578
20692
20718
20775
20894
20916
20956
20972
21075
21289
21413
21569
21609
21614
21885
21925
22042
22268
22270
22296
22305
22410
22654
22696
22747
22848
23435
23640
23710
23768
23824
23837
24020
24263
24302
24512
24603
24901
25011
25013
25138
25214
25219
25243
25415
25546
25756
25803
25915
26017
26167
26305
26322
26332
26345
26400
26481
26753
26803
26827
26976
27143
27267
27355
27421
27613
27703
27811
28177
28192
28347
28382
28392
28543
28562
28600
28622
28710
28780
28850
29070
29143
29175
29202
29254
29354
29434
29561
29763
29835
29857
29864
29877
29981
30123
30130
30133
30234
30334
30438
30489
30509
30600
30744
30879
30908
30951
31330
31399
31506
31508
31512
31518
31555
31597
31620
31698
31839
31847
31899
32041
32122
32163
32177
32247
32319
32328
32365
32479
32486
32490
32530
32550
32824
32987
32991
33023
33160
33234
33241
33255
33386
33407
33423
33495
33503
33614
33656
33682
33740
33902
34020
34413
34513
34555
34729
34858
34863
35144
35511
35624
35675
35697
35726
35735
35808
35818
35952
35955
36092
36170
36251
36289
36387
36393
36443
36665
36714
36748
37106
37147
37176
37186
37192
37197
37226
37281
37399
37424
37726
38053
38114
38142
38204
38330
38340
38453
38470
38472
38475
38517
38843
38902
38926
38967
38988
39010
39017
39033
39180
39223
39434
39470
39474
39514
39863
40090
40148
40287
40304
40311
40437
40534
40586
40589
40771
41099
41258
41289
41403
41653
41676
41726
41734
41972
42215
42221
42233
42355
42367
42695
42915
42917
42930
43044
43151
43340
43353
43414
43462
43483
43656
43707
43767
43830
43841
44378
44954
45032
45112
45323
45355
45416
45473
45552
45734
45745
45781
45917
46020
46314
46362
46367
46384
46621
46671
46683
46699
46712
46768
46835
46843
47403
47662
47691
47804
47843
48097
48135
48307
48436
48774
48957
48959
49023
49192
49463
49490
49538
49629
49727
49753
49895
49963
50076
50102
50104
50134
50254
50546
50695
50729
50735
50945
50991
51223
51432
51515
51555
51795
51941
51957
52040
52077
52348
52373
52444
52555
52676
52767
52795
52843
53099
53112
53248
53279
53323
53545
53708
53837
53914
53946
54076
54116
54204
54212
54355
54606
54637
54657
54828
54861
54960
54995
55032
55055
55073
55126
55180
55376
55409
55459
55548
55685
55762
56168
56244
56309
56360
56459
56537
56541
56649
56930
57010
57019
57049
57180
57319
57342
57426
57463
57798
57879
57917
58044
58237
58287
58744
59008
59125
59204
59297
59355
59650
59669
59670
59680
59743
59813
60024
60060
60106
60208
60298
60311
60340
60377
60397
60502
60523
60605
60612
60639
60702
61077
61112
61170
61203
61254
61274
61301
61310
61325
61676
61781
61783
61886
61963
62022
62064
62231
62243
62518
62595
62654
62800
62837
62847
62867
62978
63017
63068
63108
63127
63145
63349
63487
63513
63667
63693
63700
63950
64113
64342
64443
64454
64659
64823
64969
65090
65400
65467
65468
65757
65818
65870
65965
66033
66052
66204
66343
66453
66568
66622
66637
66651
66708
66763
67032
67044
67093
67143
67176
67180
67485
67565
67587
67633
67666
67737
67773
68100
68119
68142
68162
68291
68300
68390
68489
68502
68588
68687
68700
69009
69150
69273
69375
69393
69418
69435
69523
69679
69799
69834
69923
69959
70069
70079
70137
70161
70169
70233
70239
70348
70366
70432
70457
70588
70720
70884
70912
70917
70969
70992
71015
71085
71235
71248
71425
71543
71806
71919
72125
72160
72409
72495
72736
72737
72915
72956
73059
73177
73219
73272
73300
73358
73389
73452
73476
73682
73727
73821
73845
73881
74139
74557
74588
74591
74859
74878
75004
75008
75036
75078
75098
75284
75294
75409
75485
75523
75571
75580
75637
75693
75935
76148
76166
76203
76388
76458
76470
76480
76692
76921
76926
76982
77016
77130
77216
77233
77307
77353
77394
77705
77727
78120
78182
78201
78352
78371
78515
78685
78697
78838
78951
78976
79087
79180
79336
79420
79431
79519
79551
79678
79728
79790
79817
79845
79887
79910
79969
80006
80377
80386
80451
80712
80744
80762
80774
80776
80855
80867
80892
80979
81050
81114
81125
81157
81450
81507
81520
81522
81634
81659
81787
81861
81928
82111
82175
82288
82388
82397
82595
82777
82934
82993
83152
83246
83345
83387
83522
83575
83577
83893
83989
84045
84048
84214
84290
84401
84415
84489
84648
84803
84856
84947
84979
85085
85452
85495
85605
85644
85715
85830
85921
86060
86065
86180
86218
86343
86348
86573
86697
86947
87001
87012
87124
87177
87436
87536
87722
87737
87837
87841
88014
88026
88037
88201
88208
88609
88837
88920
89013
90059
90181
90213
90549
90724
90761
90859
91067
91106
91208
91261
91290
91356
91372
91415
91421
91790
91887
91899
91904
92182
92314
92418
92444
92521
92692
93137
93161
93168
93225
93336
93412
93547
93569
93573
93632
93655
93707
93794
93811
93832
93869
93921
94036
94169
94298
94496
94504
94573
94684
94711
94851
94878
94909
95012
95152
95179
95260
95292
95717
95809
96163
96255
96465
96474
96725
96734
96967
97038
97161
97597
97650
97723
97854
97912
97920
97961
98003
98024
98107
98329
98492
98553
98565
98710
98973
98999
99088
99115
99301
99307
99331
99454
99455
99654
99776
99810
99877
100088
100184
100314
100454
100467
100499
100522
100643
100776
100938
101039
101265
101291
101305
101334
101344
101406
101446
101474
101481
101490
101574
101905
101913
101994
102007
102036
102098
102247
102253
102289
102508
102536
102604
102672
102949
102965
103033
103078
103280
103501
103517
103552
103650
103669
103783
103879
104007
104101
104118
104184
104260
104331
104507
104756
104788
104973
105006
105174
105176
105286
105316
105421
105660
105677
105746
105899
105943
106161
106386
106476
106503
106714
107027
107150
107253
107405
107506
107519
107666
107699
107751
107875
107939
108017
108098
108100
108678
108740
108918
108919
109143
109197
109333
109392
109603
109633
109639
109669
109754
109901
110008
110010
110033
110237
110526
110786
110940
110943
111078
111254
111352
111357
111536
111610
111741
111753
112479
112601
112635
112866
112982
113284
113321
113367
113602
113635
113842
113950
113957
114142
114213
114278
114296
114394
114431
114448
114535
114561
114630
114741
114802
114980
115119
115170
115417
115620
115622
115695
115739
115808
115853
116025
116041
116045
116166
116183
116234
116235
116260
116399
116459
116907
116994
117040
117228
117435
117712
117732
118154
118328
118412
118415
118551
118655
118709
118814
118829
118836
118857
119165
119658
119861
119882
120000
120130
120367
120566
120645
120689
120793
120949
121412
121459
121658
121711
121773
121899
122051
122190
122361
122468
122674
122681
122816
122895
122904
123057
123063
123174
123260
123282
123316
123337
123453
123541
123835
123914
124076
124204
124414
124515
124733
124752
124849
124965
125246
125299
125430
125447
125481
125583
125778
125841
125914
125966
125979
126165
126178
126243
126271
126313
126339
126449
126488
126546
126684
126723
126783
126918
126927
127038
127239
127275
127352
127474
127704
127788
127841
127959
128006
128007
128423
128561
128563
129021
129346
129369
129374
129422
129433
129503
129757
129775
129819
130083
130499
130580
130643
130703
130915
131019
131084
131144
131145
131395
131457
131741
132066
132179
132204
132205
132307
132314
132342
132397
132537
132539
132610
132867
132873
132878
132958
133003
133044
133064
133119
133193
133514
133562
133576
133603
133656
133664
133816
133843
133853
133925
133973
134081
134119
134201
134416
134546
134621
134671
134812
134932
135411
135413
135454
135482
135511
135512
135650
135708
135768
135867
136009
136070
136126
136141
136154
136205
136247
136271
136536
136603
136609
136729
136790
137168
137371
137540
137549
137568
137578
137589
137674
137692
137801
137985
138027
138145
138434
138539
138548
138891
139014
139200
139252
139520
139578
139820
140106
140165
140212
140218
140232
140379
140384
140440
140603
140646
140737
141012
141086
141208
141579
141971
142230
142246
142323
142596
142621
142659
142756
142783
142809
142817
142845
142853
142958
143247
143714
143803
143876
143902
143948
143962
144019
144081
144094
144255
144301
144317
144442
144511
144722
144894
144950
145319
145489
145689
146195
146208
146316
146558
146690
146892
146894
146913
146971
147068
147124
147190
147491
147492
147549
147785
147833
148031
148083
148265
148480
148589
148744
148780
148885
148995
149136
149137
149356
149386
149636
149834
149917
149925
150066
150275
150615
150648
150764
151021
151045
151176
151467
151471
151500
151531
151536
151553
151605
151610
151631
151683
151716
151777
151800
151804
151824
151915
151975
152359
152375
152673
152705
152743
152825
153073
153221
153255
153404
153517
153555
153579
153630
153633
153716
153875
154070
154160
154244
154690
154729
154790
154807
154910
154942
155057
155156
155177
155253
155569
155667
155693
155747
155795
155900
156031
156083
156143
156365
156475
156584
156689
156920
156984
157184
157202
157237
157256
157264
157402
157622
157640
157997
158231
158256
158633
158738
158813
158949
159047
159084
159228
159241
159297
159360
159596
159648
159686
159802
159871
160180
160397
160483
160545
160587
160621
160686
160879
160895
161021
161102
161119
161257
161306
161797
161802
161810
161819
161900
161993
162045
162150
162362
162450
162511
162517
162665
162719
162916
163010
163074
163169
163360
163397
163507
163953
164115
164188
164190
164349
164419
164421
164472
164547
164707
164785
164874
164910
164920
164921
164996
165080
165151
165260
165344
165417
165490
165893
166145
166318
166323
166531
166569
166605
166789
167013
167072
167111
167281
167291
167337
167650
167691
167747
168094
168192
168258
168353
168597
168617
168692
168706
168749
168919
169236
169408
169472
169596
169902
170060
170065
170144
170259
170426
170474
170554
170671
170707
170781
171110
171186
171229
171312
171620
171876
171892
172138
172393
172548
172575
172733
172932
173016
173235
173358
173791
173813
173847
173848
173858
173896
174147
174158
174163
174175
174209
174214
174260
174263
174277
174362
174393
174579
174622
174914
174921
175152
175284
175648
175693
175712
175997
176158
176421
176502
176554
176656
176667
176916
176998
177004
177033
177243
177291
177460
177534
177545
177559
177600
177676
177893
177898
177914
177922
178006
178011
178080
178144
178205
178242
178291
178471
178541
178551
178680
178978
179051
179177
179468
179538
179590
179728
179923
180031
180143
180383
180632
180674
180700
180725
180731
180814
180856
180892
181043
181186
181337
181479
181508
181611
181626
181826
181903
181990
182022
182054
182373
182531
182535
182546
182585
182617
182727
182737
182951
183232
183520
183527
184411
184545
184645
185106
185297
185411
185442
185496
185511
185810
185921
185923
185934
186074
186102
186369
186430
186500
186603
186852
186882
186938
187069
187345
187558
187668
187706
187856
188012
188142
188148
188212
188261
188313
188558
188572
188712
188859
189030
189108
189296
189344
189412
189453
189569
189616
189706
189849
189911
190042
190055
190133
190177
190193
190206
190252
190414
190462
190540
190589
190840
190891
191053
191074
191168
191191
191211
191273
191753
191922
191967
192120
192131
192431
192532
192577
192662
192679
192871
193084
193093
193738
193744
193818
194380
194535
194685
194876
194919
195102
195182
195363
195384
195391
195547
195655
195698
195702
195934
196055
196177
196524
196621
196635
196711
196720
196768
196904
197030
197055
197169
197186
197210
197226
197301
197394
197984
198093
198128
198518
198526
198803
198920
198956
199011
199327
199735
199837
200030
200107
200396
200643
200703
200870
200905
200950
200976
201017
201030
201070
201511
201663
201731
201753
201823
201981
202039
202324
202460
202542
202606
202678
202808
202836
202843
202893
202989
203077
203169
203191
203232
203259
203271
203407
203610
203696
203768
203791
203910
204260
204584
204632
204724
204791
204898
204963
204983
205098
205343
205349
205443
205500
205540
205749
205826
205899
205905
206005
206056
206067
206276
206320
206350
206362
206371
206609
206862
207251
207325
207333
207367
207371
207474
207706
207845
207945
208005
208080
208146
208527
208577
208579
208614
208831
208840
208865
208999
209186
209275
209430
209469
209502
209570
209575
210007
210041
210065
210273
210384
210423
210456
210589
210678
210771
210964
211026
211037
211184
211240
211466
211533
211718
211729
211798
212054
212057
212081
212168
212172
212481
212542
212604
212648
212671
212697
213072
213097
213146
213216
213390
213426
213471
213547
213620
213627
213660
213695
213758
214140
214404
214451
214505
214833
214915
215042
215113
215281
215326
215390
215454
215522
215615
215734
215781
215798
215907
215912
215925
215961
216216
216412
216419
216614
216973
217009
217019
217179
217204
217236
217259
217382
217402
217607
217649
217826
217959
218005
218106
218132
218233
218277
218545
218646
218680
218684
218696
218847
218862
218937
218993
219018
219146
219170
219241
219452
219475
219829
220090
220177
220254
220269
220613
220673
220759
220862
220866
220919
221203
221393
221431
221672
221678
221758
221912
221918
221951
222043
222063
222081
222233
222384
222394
222640
222715
222956
223091
223132
223220
223296
223903
224004
224125
224164
224177
224198
224282
224302
224305
224333
224495
224590
224721
225066
225178
225239
225289
225337
225355
225397
225439
225792
225829
225914
226142
226202
226458
226552
226594
226616
226761
226813
226878
226933
227044
227201
227397
227457
227524
227623
227801
227972
228146
228304
228480
228560
228623
228681
228814
228883
229028
229133
229148
229183
229269
229379
229427
229428
229478
229552
229584
229694
229711
229769
229870
230030
230298
230471
230600
230615
230875
230910
231068
231084
231217
231314
231342
231752
231787
231843
231862
231980
232037
232185
232274
232301
232315
232544
232640
232658
232716
232835
232912
232982
233010
233086
233333
233536
233604
233816
233945
234215
234272
234357
234449
234542
234696
234868
235088
235256
235401
235561
235740
235967
236065
236262
236404
236465
236565
236760
236796
236820
236914
236957
237055
237083
237101
237152
237157
237187
237203
237224
237299
237630
237813
238320
238380
238420
238454
238754
238773
238803
238867
238982
238998
239000
239209
239211
239380
239539
239767
239785
239953
239963
240001
240249
240284
240521
240622
240626
240627
240647
240837
240919
241010
241041
241350
241365
241367
241380
241528
241533
241617
241704
241886
241979
242146
242185
242242
242288
242637
243222
243515
243538
243646
243701
243897
243910
244072
244117
244135
244147
244267
244346
244445
244478
244824
244842
244848
244978
245006
245045
245105
245164
245295
245401
245414
245722
245841
245949
245977
246009
246134
246154
246329
246372
246499
246601
246619
246660
246938
246994
247293
247347
247649
247732
247845
248312
248404
248486
248779
248795
248935
249119
249245
249550
249674
249837
249843
249858
249941
250013
250047
250090
250202
250397
250485
250612
250807
250891
250923
251456
251531
251581
251904
251925
252159
252160
252203
252267
252507
252664
252932
253087
253136
253481
253620
253687
253759
253766
253834
253857
253938
253942
254010
254111
254244
254831
254903
255014
255130
255403
255542
255637
255779
255999
256069
256328
256640
257056
257200
257220
257379
257402
257517
257710
257810
257979
258325
258453
258476
258545
258563
258713
258876
258924
259016
259060
259184
259248
259423
259469
259539
259575
259577
259650
259676
259858
259901
259972
259986
260178
260274
260292
260365
260377
260546
260814
260845
260920
261163
261166
261195
261203
261214
261505
261553
261737
261836
261843
261845
261901
261907
261995
262144
262265
262266
262383
262690
262969
263054
263178
263202
263335
263504
263530
264227
264476
264614
264616
264627
264634
264648
264651
265089
265314
265353
265373
265386
265451
265545
265644
265650
265875
265922
265959
266095
266136
266199
266220
266443
266605
266717
266921
267089
267412
267419
267597
267788
268041
268131
268262
268432
269048
269204
269299
269440
269561
269607
269681
269718
269770
270002
270147
270228
270242
270245
270343
270391
270470
270563
270574
270588
270616
270694
270977
271192
271268
271328
271476
271555
271586
271742
271844
271933
272305
272324
272425
272439
272591
272655
272727
272758
272822
272901
272934
273288
273604
273779
273875
274162
274396
274447
274579
274703
274721
274865
274913
274944
275124
275208
275250
275259
275312
275340
275641
275740
276022
276094
276160
276238
276511
277194
277210
277378
277422
277450
277606
277668
277700
277709
278013
278166
278416
278444
278552
