70
106
113
931
935
939
1060
1070
1689
1983
2006
2780
2796
3027
3215
3250
3356
3442
3479
3655
3990
4009
4019
4031
4173
4195
4289
5877
5985
5990
6083
6519
6603
6976
7230
7348
7390
7422
7524
7627
7654
7802
7865
8052
8547
8771
8855
9354
9358
10021
10079
10139
10448
10480
10507
10601
10646
10902
11504
11886
12024
12378
12439
12445
12678
12716
12826
13073
13270
13298
13717
14117
14176
14291
14564
14671
14691
14742
15024
15048
15159
15256
15502
15906
16104
16339
16451
16618
16894
17125
17496
17600
17655
17749
17978
18329
19141
19258
19308
19313
19912
20364
20466
20534
20619
20627
20764
20776
20884
20987
21088
21113
21422
21757
21980
22175
22997
23002
23139
23188
23369
23416
23484
23791
23920
23976
24133
24506
24511
24561
24697
24786
24828
24866
25149
25518
26029
26188
26304
26621
27193
27216
27240
27287
27387
27576
27598
28158
28303
28758
28793
29203
29239
29296
29423
29971
30160
30910
30948
30994
31003
31019
31197
31259
31381
31690
31732
31784
32770
32772
32776
32855
32904
33137
33213
33225
33333
33661
34254
34346
34392
34451
34454
34552
34752
34960
35582
35591
36078
37048
37241
37440
37691
37838
37908
38041
38406
38571
38647
38683
38856
38911
38917
39174
39245
39586
39949
39962
40120
40134
40630
40704
40801
40804
40970
41059
41092
41202
41427
41485
41896
41997
43143
43259
43334
43646
43774
43964
44245
44354
44526
44613
44795
44799
44888
45026
45034
45074
45324
45414
45450
45550
45627
45769
45966
46223
46290
46296
46365
46486
46490
46597
46603
46626
46922
47026
47093
47174
47443
47795
47876
47923
47980
48044
48131
48140
48174
48467
48557
48609
48822
48891
48986
49024
49120
49122
49405
49505
49608
50294
50830
51054
51057
51090
51139
51455
51735
52052
52076
52223
52410
52413
52798
53058
53136
53377
54111
54201
54270
54311
54392
54463
54678
54899
54963
55097
55295
55302
55365
55635
55721
55744
56088
56416
56455
57195
57206
57237
57374
57532
57606
57636
57641
57694
57743
58000
58117
58162
58459
58665
59001
59014
59018
59187
59298
59372
59769
60072
60179
60468
60488
60709
60905
61230
61371
61419
61641
61828
62204
62317
62360
62420
62572
62738
62838
63042
63186
63641
63943
64016
64692
64939
65000
65572
65578
65871
66311
66333
66576
66597
66901
67060
67273
67288
67350
67536
67582
68030
68047
68584
68742
68846
68942
68987
69020
69223
69342
69588
69858
69955
70054
70059
70236
70274
70328
70538
70654
70731
70789
70952
71179
71406
72116
72154
72507
72552
73236
73639
73692
73862
73868
73996
74221
74413
74671
75117
75576
75843
75846
75913
76132
76435
76562
76812
76824
77165
77869
78075
78287
78339
78432
78452
78693
79224
79491
79573
79611
79921
80348
80482
80592
80618
80644
80646
80883
80905
82353
82360
83079
83244
83484
83666
83727
83728
84097
84156
84219
84375
84378
84892
84945
85204
85492
85603
85626
85806
85907
86418
86476
86589
86982
87024
87554
88313
88540
88580
88638
89108
89221
89413
89601
89925
89991
90138
90274
90813
90950
91193
91285
91346
91440
91556
91804
91971
92189
92335
92467
93140
93628
93682
93954
94210
94223
94539
94757
95107
95480
96005
96293
96557
96561
96749
96815
96848
96983
97027
97470
97773
98070
98592
98720
99012
99077
99135
99207
99211
99398
99695
99959
99984
99993
100553
100707
100864
100989
101232
102043
102370
102749
102856
102925
102943
103082
103349
103430
103458
103593
103606
103615
103872
103905
103959
104089
104209
104611
104735
105005
105119
105393
105486
105750
105837
106098
106183
106211
106685
106735
106843
106870
107005
107031
107065
107067
107124
107193
107284
107667
107710
107755
107963
108188
108190
108431
108563
108667
108679
108713
108724
108726
108783
108830
108975
109040
109088
109134
109219
109253
109297
109504
109683
109764
109845
110163
110461
110480
110715
110963
111252
111596
111642
111998
112006
112323
112663
112775
112877
113025
113108
113115
113128
113164
113422
113445
113465
113544
113644
113679
113715
113769
113839
113914
113956
113991
115038
115059
115518
115572
115575
116179
116860
117045
117319
117665
118157
118169
118348
118492
118508
118861
119105
119251
119422
119578
119657
120404
120495
120504
120712
120886
121150
121384
121902
122133
122178
122436
122730
122745
122873
122991
123019
123074
123121
123473
123703
123738
123767
123837
123839
123992
124393
124952
125057
125112
125163
125284
125321
125674
126134
126315
127057
127059
127221
127268
127361
127622
127698
127801
127973
128101
128347
128425
128717
129280
129376
129608
129705
129933
130005
130201
130782
130852
131199
131271
131283
131370
131656
132109
132147
132200
133029
133185
133195
133269
133628
133988
134067
134263
134797
134836
135272
135407
135609
135634
135659
135866
135894
135913
135950
136077
136211
136226
136534
136620
136771
136843
136848
136853
136923
137143
137164
137241
137437
137439
137617
137710
138019
138272
138422
138839
138965
139313
139437
139537
139581
139608
139659
139737
139739
139816
139826
140155
140188
140249
140443
140598
140622
140772
140817
141164
141173
141232
141695
141716
141740
141768
141811
141855
142265
142366
142385
142657
142705
142837
143189
143248
143327
143576
143793
144596
144713
145185
145345
145441
145876
145981
146158
146199
146549
147168
147272
147324
147468
147900
148003
148019
148135
148316
148482
148645
148648
148966
149361
149493
149624
149868
149869
149975
150191
150317
150406
150659
150719
150757
151173
151372
151375
151604
151634
152076
152669
152706
152857
152918
153032
153161
153244
153494
153574
153760
153785
153828
153884
153891
153967
154150
154275
154305
154820
154869
155069
155131
155264
155409
155440
155460
155470
155838
155896
155914
156316
156346
156662
156700
156743
156901
157792
157872
157895
157951
158636
158669
158735
158796
158925
159050
159221
159332
159434
159438
159549
160123
160273
160342
160387
160391
160409
160601
160657
160719
160841
161122
161520
161541
161714
161747
161794
161875
161984
162068
162224
162263
162342
162459
162625
162716
162865
163069
163144
163539
163729
163814
163844
163855
163964
164058
164221
164229
164240
164247
164273
164387
164449
164601
164648
164717
164728
165385
165398
165460
165541
165846
165896
166156
166165
166366
166382
166410
166584
166907
166930
167338
167514
167612
168075
168199
168395
168510
168518
168836
169263
169698
169755
169861
170113
170169
170765
171272
171409
171482
171631
171695
172372
172440
172508
172700
172864
172897
173037
173185
173220
173271
173356
173494
173771
174232
174382
174544
174760
175027
175269
175357
175511
175727
176000
176100
176200
176416
176627
176717
176775
176897
177313
177427
177522
177708
177767
178041
178261
178266
179141
179438
179502
179617
179704
179841
180066
180129
180310
180709
180751
180784
180931
181236
181342
181351
181513
181849
181977
182030
182106
182190
182207
182906
183012
183022
183121
183306
183906
183996
184181
184491
184690
185215
185242
185793
185798
185975
186045
186425
186580
186641
186677
186725
186862
186972
187374
187564
187608
187769
188064
188138
188677
188829
188913
188926
188950
188953
189048
189114
189505
189588
189804
189848
190182
190412
190435
190436
190461
190468
190511
190535
190583
190889
191013
191169
191329
191391
191433
191441
191458
191559
191625
191968
191975
192199
192252
192281
192724
192730
192780
192805
193367
193422
193518
193563
193577
193594
193813
193959
194114
194375
194414
194415
194486
194737
194747
194942
195197
195435
195526
195542
195904
195999
196011
196281
196346
196364
196400
196414
196421
196627
196655
196708
196799
196830
196988
197322
197424
197489
197490
197536
197605
197643
197790
197812
197878
198115
198252
198473
198603
198801
199000
199323
199376
199666
199677
199862
199890
199925
200236
200330
200333
200663
201035
201039
201314
201618
201903
201995
202155
202483
202564
202851
202923
203062
203136
203529
203798
203822
203985
204003
204100
204171
204400
204618
204644
205014
205504
205717
205725
206070
206375
206523
206819
206911
207170
207363
207543
207751
207857
207956
208004
208112
208143
208302
208361
208648
209207
209623
209800
209905
210305
210309
210436
210483
211195
211289
211357
211582
211640
211829
211852
212173
212470
212559
212606
212851
212857
213125
213211
213282
213458
213511
213544
213674
213683
213733
213755
213830
213857
214144
214216
214932
215210
215218
215222
215517
215677
215893
216179
216213
216288
216327
216496
216551
216869
217360
217389
217392
217398
217549
217593
217840
218130
218169
218525
218759
218770
218788
219074
219110
219154
219501
219913
220186
220445
220705
220727
220816
221055
221198
221537
221676
221821
221887
222042
222096
222241
222296
222325
222382
222403
222436
222705
222755
222776
222922
223140
223207
223247
223265
223266
223486
223500
223586
224101
224273
224362
224380
224444
224524
224739
224879
224936
225364
225653
225858
226246
226394
226677
226986
227197
227278
227324
227421
227662
227728
227750
227767
227937
228050
228196
228199
228204
228243
228263
228600
228729
228742
228750
228915
229083
229138
229211
229242
229244
229298
229315
229454
229514
229610
230017
230196
230438
230451
230472
230645
230873
230949
230976
231036
231082
231140
231271
231671
232126
232130
232188
232721
232729
232973
233379
233889
233953
234298
234301
234352
234652
234658
234705
234837
235179
235241
235379
235465
235587
235619
235831
236434
236566
236585
236733
236734
236746
236996
237251
237375
237426
237459
237465
237719
237736
237750
237752
237763
237805
238033
238311
238501
238543
238650
238688
238710
238743
239082
239473
240025
240077
240084
240118
240145
240334
240873
240917
240952
241054
241384
241511
241513
241655
241863
242054
242144
242279
242360
242389
242560
242648
243036
243312
243750
244215
244278
244318
244503
245012
245206
245209
245531
245621
245664
245941
246062
246258
246416
246783
246804
246847
246945
247074
247189
247203
247236
247280
247498
247574
247714
247787
248325
248758
249114
249156
249198
249305
249491
249594
249916
250020
250098
250154
250412
250448
250593
250598
250617
250882
250905
251367
251464
251559
251595
251605
251709
251748
251848
252048
252298
252756
252786
252860
253036
253040
253054
253083
253222
253314
253342
253645
253647
253849
253909
254042
254073
254132
254134
254188
254440
254457
255513
255603
255649
255673
255789
256244
256269
256438
256589
256607
256655
256861
256878
256948
256974
257047
257096
257127
257254
257325
257380
257495
257741
257823
257830
257868
257875
258132
258464
258519
258544
258630
258668
258673
258913
258937
259003
259076
259101
259525
259564
259698
259900
260187
260318
260516
260579
260660
260703
260805
261157
261165
261332
261442
261477
261482
261781
261870
262089
262705
262786
262840
263057
263085
263236
263499
263524
263543
263562
263674
263738
263782
263885
263973
264115
264161
264794
264883
265281
265490
265876
265891
265990
265992
266080
266176
266384
266467
266614
266675
266693
266787
267279
267693
267850
267981
268020
268277
268326
268383
268408
268416
268650
268751
268907
269207
269213
269218
269510
269596
269790
269817
269818
269922
270106
270124
270126
270278
270362
270432
270644
270950
270978
271194
271357
271454
271615
272047
272137
272809
272889
272949
272973
273069
273232
273238
273401
273441
273523
273550
273584
273800
273864
273866
274161
274207
274307
274519
274714
274760
274834
274936
274979
275108
275264
275678
275754
275836
275852
275853
276140
276556
276637
276772
276787
276903
277173
277200
277305
277404
277428
277775
277777
277821
277849
277976
278081
278315
278579
