26
195
371
438
458
460
505
511
518
567
572
578
590
632
666
986
1068
1077
1109
1128
1166
1197
1219
1285
1417
1461
1499
1541
1603
1678
1731
1853
1979
2032
2115
2129
2172
2202
2211
2225
2251
2265
2392
2495
2579
2761
2838
2976
3087
3292
3296
3310
3414
3459
3464
3710
3786
3836
3865
3899
3954
3983
3999
4125
4168
4190
4709
4946
5009
5137
5193
5238
5388
5454
5548
5644
5713
5798
5799
5803
5820
5864
5921
5980
6009
6035
6172
6370
6375
6433
6436
6455
6459
6513
6525
6540
6545
6597
6628
6744
6855
7079
7129
7196
7255
7292
7326
7411
7435
7620
7643
7648
7824
7860
7935
8011
8019
8026
8093
8160
8194
8218
8384
8388
8440
8443
8467
8509
8644
8648
8812
8921
8939
8968
8986
8988
9050
9055
9065
9111
9158
9301
9308
9477
9551
9753
9758
9762
9799
9818
9865
10018
10148
10163
10193
10242
10252
10281
10422
10436
10474
10563
10583
10613
10624
10766
11027
11045
11062
11081
11107
11113
11221
11346
11518
11533
11565
11585
11828
11888
11951
12038
12041
12072
12074
12395
12476
12548
12762
12880
12989
12990
13009
13016
13066
13099
13189
13204
13283
13368
13379
13441
13451
13516
13520
13551
13622
13643
13788
13816
13868
13915
13978
14118
14138
14190
14406
14488
14680
14776
14820
15001
15066
15110
15162
15333
15440
15478
15501
15537
15613
15654
15798
15799
15802
15827
15831
15839
15949
16115
16142
16222
16270
16314
16543
16670
16881
16886
17000
17120
17182
17242
17278
17329
17389
17420
17765
17768
17787
17850
17860
17954
17977
18045
18105
18190
18337
18507
18604
18632
18675
18697
18742
18829
18831
18857
18920
18938
18945
18999
19078
19138
19147
19218
19230
19303
19326
19550
19551
19592
19631
19890
19893
19897
19914
19997
20049
20059
20124
20172
20198
20210
20256
20259
20266
20281
20390
20395
20445
20569
20678
20716
20740
20763
20765
20774
20800
20809
20818
20851
20886
20958
20960
20975
21030
21269
21320
21336
21367
21370
21392
21418
21423
21427
21567
21597
21642
21678
21703
21748
21762
21806
21809
21837
21872
21888
21928
22004
22493
22610
22669
22832
22946
23055
23124
23182
23211
23223
23276
23368
23412
23433
23468
23480
23583
23587
23590
23639
23677
23688
23715
23730
23754
23760
23770
23808
23853
23893
23944
24028
24110
24159
24205
24299
24330
24481
24549
24770
24817
24852
24885
24904
25075
25121
25267
25336
25537
25553
25638
25668
25707
25708
25721
25737
25774
25986
26103
26168
26184
26186
26262
26267
26302
26420
26519
26584
26676
26707
26713
26853
26856
26925
27038
27049
27053
27111
27142
27484
27520
27549
27582
27589
27652
27860
27895
27898
27900
27937
27996
28119
28132
28144
28159
28170
28241
28308
28310
28315
28317
28340
28398
28415
28441
28528
28581
28599
28883
28967
29009
29158
29233
29249
29277
29464
29465
29470
29479
29572
29660
29833
29929
29932
30077
30109
30154
30188
30194
30336
30451
30477
30626
30645
30672
30703
30722
30752
30773
30895
30925
30928
30963
30965
30967
30990
31337
31519
31523
31596
31710
31734
31754
31893
32003
32048
32103
32113
32123
32249
32321
32327
32333
32426
32436
32475
32484
32512
32724
32785
32861
32951
33004
33011
33030
33042
33131
33189
33220
33246
33457
33644
33646
33745
33763
33768
33781
33789
33893
33999
34113
34165
34178
34205
34219
34249
34304
34367
34386
34438
34445
34573
34637
34861
34886
34975
35105
35235
35386
35390
35426
35439
35440
35449
35482
35614
35679
35694
35698
35728
35895
35937
35987
35989
35997
36016
36099
36206
36215
36224
36238
36272
36276
36369
36457
36474
36728
36759
36876
36945
36961
37032
37184
37302
37411
37465
37469
37505
37684
37694
37716
37732
37759
37801
37827
37831
37942
37970
38115
38300
38322
38376
38497
38522
38604
38699
38704
38738
38745
38749
38799
38901
39002
39028
39197
39249
39257
39351
39424
39703
39716
39808
39936
39942
39953
39998
40029
40151
40178
40180
40207
40230
40257
40433
40448
40600
40748
40779
40788
40854
40872
40901
40957
40996
41018
41027
41087
41170
41309
41316
41383
41396
41400
41492
41579
41650
41656
41681
41781
41823
41868
42007
42053
42210
42251
42287
42487
42501
42635
42712
42733
42789
42839
42940
43038
43104
43149
43181
43312
43358
43444
43500
43737
43754
43801
43862
43886
43962
43999
44218
44225
44252
44298
44302
44309
44318
44321
44322
44332
44500
44600
44612
44633
44890
44990
45084
45172
45193
45266
45370
45392
45402
45404
45555
45579
45616
45770
45806
45856
45877
45964
46034
46078
46547
46565
46572
46650
46858
46872
46888
46945
46975
47032
47066
47145
47169
47180
47357
47363
47429
47432
47440
47452
47498
47584
47615
47629
47673
47675
47760
47831
47870
48000
48007
48079
48125
48171
48188
48214
48300
48351
48361
48536
48795
48865
48958
49010
49106
49265
49269
49276
49309
49332
49455
49462
49482
49514
49524
49531
49627
49638
49646
49733
49763
49835
49896
49906
49932
49951
50006
50031
50071
50085
50122
50192
50202
50204
50225
50226
50318
50340
50504
50506
50586
50635
50661
50901
50983
51025
51094
51211
51233
51259
51273
51283
51320
51364
51373
51398
51415
51420
51460
51476
51490
51679
51722
51723
51749
51778
51815
51860
51888
52106
52188
52189
52198
52209
52250
52264
52417
52423
52534
52789
52808
52841
52856
52908
52927
53038
53124
53182
53302
53499
53593
53718
53793
53795
53825
53934
53941
53985
53988
54054
54064
54084
54108
54205
54217
54218
54248
54287
54328
54375
54453
54467
54477
54479
54482
54600
54647
54812
54950
55045
55191
55212
55224
55316
55338
55423
55455
55466
55493
55494
55599
55660
55661
55709
55713
55723
55809
55819
55970
55979
56160
56175
56190
56197
56205
56255
56311
56323
56345
56458
56646
56675
56756
56786
56811
56901
56904
56931
57038
57045
57064
57067
57144
57197
57256
57424
57425
57462
57510
57574
57625
57634
57794
57851
57875
57915
57926
57947
58096
58154
58236
58245
58272
58347
58366
58373
58395
58494
58566
58578
58654
58670
58675
58685
58690
58863
58864
58992
59017
59034
59066
59149
59174
59205
59307
59454
59537
59620
59628
59849
59858
59894
59952
60008
60040
60041
60122
60138
60183
60233
60369
60410
60450
60550
60577
60582
60595
60604
60622
60634
60636
60648
60700
60723
60764
60827
60994
61008
61073
61099
61142
61211
61302
61344
61431
61449
61500
61634
61658
61847
61906
61914
61999
62011
62047
62295
62367
62368
62374
62411
62450
62483
62491
62526
62542
62762
62839
62898
62935
62940
63065
63148
63168
63179
63202
63218
63219
63223
63233
63267
63311
63312
63364
63428
63465
63516
63563
63576
63618
63637
63640
63750
63860
63991
64032
64131
64158
64171
64245
64261
64268
64269
64351
64353
64549
64553
64594
64782
64799
64819
64983
64994
65013
65098
65169
65352
65487
65739
65835
65899
65969
65984
66249
66537
66618
66671
66675
66869
66995
67022
67159
67212
67219
67242
67284
67375
67408
67418
67424
67464
67535
67547
67553
67595
67721
67770
67790
67791
67797
67903
67991
68050
68066
68244
68360
68367
68539
68634
68824
68931
68936
68940
68981
69107
69140
69227
69261
69294
69336
69345
69469
69541
69592
69601
69609
69667
69811
69877
69889
69935
69938
70177
70196
70216
70294
70356
70357
70421
70525
70537
70554
70575
70583
70611
70667
70728
70740
70751
70761
70831
70947
70983
71183
71205
71283
71307
71372
71426
71429
71474
71577
71783
71787
71854
71954
72001
72019
72070
72105
72159
72185
72297
72345
72354
72413
72446
72460
72464
72600
72625
72653
72696
72854
72872
72922
72963
72972
73027
73063
73089
73173
73175
73235
73267
73403
73448
73570
73592
73600
73602
73603
73657
73716
73730
73827
73864
73896
73991
74023
74080
74112
74145
74149
74150
74157
74201
74238
74275
74306
74311
74330
74476
74509
74546
74547
74617
74701
74836
74885
74901
74945
74958
74982
74989
74997
75005
75011
75079
75097
75102
75158
75221
75383
75517
75598
75612
75648
75652
75699
75717
75787
75852
76007
76214
76327
76353
76399
76655
77054
77058
77094
77180
77278
77297
77452
77466
77649
77650
77669
77692
77720
77762
77799
77836
77996
78015
78067
78068
78153
78241
78321
78398
78419
78428
78519
78521
78528
78559
78621
78622
78767
78960
79100
79117
79294
79382
79399
79406
79408
79424
79470
79487
79510
79717
79761
79808
79901
79945
79979
79985
79991
80045
80071
80149
80259
80261
80284
80339
80372
80448
80637
80688
80690
80944
81005
81204
81244
81269
81303
81342
81485
81496
81503
81538
81610
81638
81719
81822
81860
81914
81957
81987
82004
82022
82059
82308
82324
82361
82381
82385
82493
82519
82527
82535
82538
82577
82605
82695
82834
82858
82902
82913
82949
82963
82984
83051
83073
83151
83170
83195
83208
83223
83298
83315
83326
83443
83490
83616
83658
83688
83778
84119
84129
84163
84176
84196
84197
84286
84307
84332
84421
84492
84643
84781
84813
84841
84954
84966
84976
84980
84991
85268
85351
85381
85391
85513
85585
85606
85632
85789
85906
86159
86165
86347
86401
86411
86438
86469
86667
86699
86776
86790
86992
87136
87186
87190
87220
87244
87351
87358
87429
87475
87583
87595
87643
87674
87690
87712
87748
87882
87920
87961
88078
88221
88415
88492
88583
88640
88694
88727
88931
88960
89089
89115
89189
89386
89395
89420
89465
89466
89480
89514
89550
89596
89675
89708
89733
89833
90171
90263
90271
90350
90448
90560
90584
90659
90783
90828
90834
90851
90863
90877
90953
90992
91046
91166
91179
91240
91280
91308
91327
91447
91515
91608
91671
91723
91755
91870
91876
91966
92187
92191
92261
92277
92347
92363
92383
92405
92513
92807
92877
92901
93031
93143
93257
93268
93388
93473
93520
93589
93804
93816
93866
93947
94007
94026
94050
94147
94162
94269
94323
94621
94734
94778
94925
94931
94992
95021
95151
95188
95251
95254
95371
95420
95452
95463
95471
95509
95517
95521
95605
95655
95720
95721
95837
95868
95903
95927
95955
96035
96094
96152
96271
96348
96424
96427
96459
96470
96562
96598
96644
96648
96698
96710
96861
96864
96945
96992
97146
97201
97374
97576
97587
97600
97653
97664
97666
97717
97790
97886
97896
97991
98007
98008
98014
98033
98076
98084
98201
98221
98258
98262
98324
98366
98386
98450
98451
98454
98483
98607
98682
98717
98738
98754
98758
98781
98844
98890
98917
98996
99030
99064
99068
99085
99105
99206
99247
99261
99325
99344
99394
99513
99705
99785
99833
99865
99884
99891
99974
100111
100116
100141
100270
100349
100371
100399
100446
100597
100607
100664
100677
100795
100901
100910
100912
100973
101028
101043
101134
101141
101152
101326
101328
101340
101341
101440
101582
101602
101609
101617
101677
101695
101697
101796
101859
102000
102040
102075
102091
102108
102164
102218
102238
102256
102296
102493
102564
102610
102615
102671
102683
102693
102707
102783
102810
102902
103089
103124
103143
103147
103322
103334
103367
103398
103587
103699
103732
103781
103792
103979
104009
104028
104167
104237
104275
104283
104321
104338
104348
104414
104458
104547
104574
104598
104699
104716
104759
104772
104782
104805
104823
104839
105089
105112
105193
105196
105200
105253
105511
105614
105638
105650
105748
105821
105836
105851
105869
105978
105990
105995
106116
106130
106169
106268
106343
106346
106367
106374
106458
106536
106806
106969
106971
107143
107168
107173
107198
107203
107210
107287
107313
107351
107355
107384
107398
107418
107637
107701
107907
107937
107970
108121
108149
108282
108353
108376
108496
108623
108635
108666
108699
108757
108796
108857
108861
108901
108927
108959
108979
109007
109050
109206
109288
109425
109472
109515
109547
109650
109664
109676
109810
109890
109954
109961
109984
110011
110059
110148
110171
110328
110467
110505
110576
110618
110671
110726
110745
110789
110790
110842
110852
110951
111013
111082
111123
111156
111158
111236
111259
111262
111266
111287
111328
111424
111454
111494
111506
111525
111538
111570
111678
111721
111844
111885
111903
112263
112288
112407
112448
112459
112556
112644
112675
112825
112837
112870
113064
113070
113073
113127
113131
113235
113263
113377
113522
113577
113582
113691
113699
113714
113800
113816
113818
113945
114027
114133
114146
114184
114194
114221
114273
114328
114395
114399
114424
114464
114469
114497
114508
114546
114603
114632
114636
114713
114744
114874
114879
114887
114904
115058
115088
115214
115226
115244
115299
115399
115415
115491
115500
115504
115508
115531
115543
115573
115662
115704
115719
115726
115834
115847
115856
115932
115948
116056
116078
116121
116122
116123
116126
116130
116150
116182
116195
116224
116369
116401
116514
116554
116604
116632
116649
116653
116684
116696
116706
116780
116827
116876
116884
116943
117022
117034
117069
117103
117144
117306
117327
117347
117356
117386
117525
117550
117582
117620
117647
117666
117705
117730
117736
117777
117778
118021
118133
118460
118477
118687
118693
118699
118796
118906
118927
118986
119029
119059
119070
119189
119304
119329
119344
119375
119397
119426
119435
119465
119474
119543
119671
119694
119737
119796
119892
119910
119942
119949
119995
120048
120096
120316
120446
120458
120466
120576
120624
120765
120840
120843
120870
120914
120950
120968
120977
120978
120985
121149
121219
121220
121234
121264
121344
121376
121454
121478
121491
121517
121580
121605
121717
121816
121823
121864
121923
121979
121980
122061
122101
122107
122110
122147
122239
122263
122281
122401
122509
122637
122739
122777
122802
122830
122890
122898
123032
123034
123079
123092
123096
123131
123151
123176
123206
123266
123292
123310
123373
123398
123524
123527
123622
123705
123954
123962
123981
123993
124017
124025
124053
124090
124386
124477
124573
124576
124676
124967
125128
125132
125146
125192
125227
125235
125248
125266
125281
125283
125295
125368
125453
125458
125459
125516
125563
125578
125634
125752
125840
125910
125969
126010
126037
126110
126443
126453
126548
126644
126703
126710
126732
126844
126859
126912
127025
127037
127054
127060
127126
127209
127217
127249
127274
127321
127342
127437
127449
127450
127462
127514
127530
127663
127761
127792
127823
127900
128052
128067
128319
128321
128337
128386
128448
128539
128572
128586
128632
128719
128726
128780
128799
128821
128952
128972
128974
128995
128998
129080
129202
129225
129311
129362
129498
129551
129614
129641
129675
129714
129759
129764
129825
129869
129871
129905
129958
129989
130052
130070
130088
130141
130265
130365
130444
130457
130459
130609
130675
130749
130917
131006
131106
131147
131159
131216
131386
131393
131414
131466
131639
131649
131700
131704
131706
131790
132012
132021
132149
132164
132178
132236
132354
132390
132484
132511
132551
132628
132764
132776
132780
132926
133244
133285
133318
133354
133364
133593
133602
133721
133796
133875
134051
134070
134072
134156
134168
134197
134216
134240
134294
134299
134313
134323
134463
134471
134515
134516
134579
134762
134771
134852
134876
135002
135029
135048
135170
135196
135199
135226
135329
135340
135346
135412
135426
135435
135462
135561
135577
135665
135748
135818
135827
135852
135942
136011
136012
136098
136157
136172
136241
136326
136538
136601
136693
136706
136748
136776
136777
136778
136798
136849
137048
137053
137067
137105
137132
137134
137139
137141
137149
137174
137176
137276
137318
137347
137355
137391
137396
137402
137531
137565
137628
137768
137820
137920
138022
138040
138112
138115
138120
138248
138274
138281
138316
138318
138341
138351
138366
138388
138405
138406
138424
138481
138521
138531
138538
138619
138694
138837
138889
138931
139146
139174
139250
139261
139366
139477
139527
139533
139561
139599
139606
139688
139689
139703
139825
139860
139867
139897
139941
139984
139991
140098
140206
140257
140273
140383
140436
140528
140630
140681
140945
140972
141117
141213
141390
141512
141626
141734
141799
141803
141863
141918
141960
142148
142200
142270
142293
142294
142380
142420
142460
142501
142531
142599
142812
142865
142986
143021
143027
143155
143337
143444
143514
143541
143560
143611
143621
143657
143666
143672
143678
143689
143800
143901
143928
144004
144052
144079
144092
144112
144147
144166
144207
144262
144284
144360
144361
144472
144500
144540
144795
144804
144834
145081
145116
145284
145316
145330
145388
145461
145471
145541
145549
145630
145669
145888
145916
145954
145955
145984
145999
146020
146111
146126
146130
146142
146171
146227
146254
146309
146318
146376
146408
146431
146466
146507
146623
146769
146849
146904
147019
147051
147069
147096
147208
147346
147396
147455
147477
147530
147660
147797
147822
147827
147837
147843
147869
147907
147942
148176
148220
148282
148366
148431
148721
148778
148794
148868
148888
149061
149118
149120
149178
149380
149391
149441
149451
149458
149475
149489
149605
149609
149654
149861
149968
149997
150078
150143
150287
150293
150333
150341
150417
150487
150586
150994
151001
151134
151195
151220
151390
151433
151532
151545
151717
151755
151764
151768
151802
151852
151875
151912
151937
152075
152133
152262
152428
152445
152476
152498
152569
152601
152674
152684
152803
152865
152902
152934
152953
152966
152987
153074
153108
153163
153197
153308
153327
153333
153464
153569
153623
153661
153727
153733
153750
153766
153803
153825
153838
153896
153928
153943
153980
154067
154082
154104
154217
154247
154277
154291
154295
154369
154529
154614
154656
154760
154770
154778
154824
154895
154933
154941
154949
154954
155011
155019
155107
155109
155141
155144
155266
155433
155438
155446
155536
155678
155699
155701
155755
155788
155791
155990
156040
156046
156048
156196
156197
156314
156427
156508
156586
156746
156906
156924
156938
157096
157118
157125
157254
157290
157358
157366
157439
157521
157553
157569
157701
157761
157812
157838
157840
157907
157911
157980
157981
158021
158034
158066
158109
158176
158188
158226
158228
158234
158471
158473
158501
158523
158530
158602
158630
158645
158705
158781
158782
158807
158884
159004
159038
159059
159073
159091
159197
159209
159415
159516
159539
159545
159577
159668
159684
159793
159835
159972
159986
160027
160049
160113
160122
160133
160202
160413
160438
160551
160678
160680
160689
160703
160781
160816
160826
160860
160993
160998
161000
161195
161256
161318
161344
161385
161429
161458
161478
161540
161543
161567
161648
161736
161740
161784
161888
162087
162157
162172
162260
162281
162300
162383
162562
162616
162620
162646
162692
162709
162755
162831
162836
162842
162890
162957
163172
163234
163368
163395
163424
163511
163633
163750
163801
163811
163984
164087
164117
164187
164253
164302
164304
164326
164422
164423
164425
164428
164430
164455
164493
164604
164611
164627
164638
164681
164689
164691
164748
164777
164788
164800
164872
164905
164972
164974
165004
165056
165060
165182
165317
165343
165349
165357
165364
165381
165412
165448
165482
165496
165510
165612
165688
165719
165736
165737
165787
165858
165920
166010
166094
166173
166191
166198
166204
166211
166246
166330
166407
166417
166438
166616
166672
166768
166833
166836
166861
166895
167000
167043
167049
167126
167142
167154
167180
167185
167481
167497
167530
167541
167557
167716
167955
168066
168161
168195
168269
168341
168485
168500
168527
168565
168587
168607
168638
168701
168758
168815
168848
168866
168932
168956
169019
169062
169107
169156
169167
169205
169242
169255
169272
169274
169351
169409
169420
169422
169538
169646
169727
169776
169799
169836
169872
169990
170029
170120
170187
170265
170289
170360
170389
170420
170472
170561
170636
170732
170934
171027
171069
171104
171225
171329
171420
171443
171446
171574
171752
171753
171939
171988
172034
172173
172198
172227
172230
172335
172379
172390
172636
172684
172695
172772
172786
172900
172934
172937
173039
173102
173134
173151
173192
173267
173269
173308
173443
173458
173465
173503
173512
173535
173580
173778
173821
173834
173852
173912
174007
174024
174032
174078
174086
174137
174161
174338
174515
174516
174552
174755
174779
174900
174979
175067
175105
175108
175113
175201
175226
175306
175359
175370
175408
175448
175492
175520
175609
175671
175762
175777
175853
175954
176009
176019
176061
176064
176151
176152
176190
176222
176266
176381
176541
176557
176564
176592
176758
176789
176840
176846
176854
176924
176941
177152
177268
177271
177283
177316
177378
177391
177513
177516
177566
177612
177714
177723
177791
177820
177871
177879
177888
178098
178129
178166
178169
178185
178206
178211
178227
178232
178406
178564
178571
178591
178709
178720
178766
178821
178833
178887
178941
178961
179094
179114
179154
179187
179284
179305
179356
179366
179387
179437
179643
179652
179664
179670
179684
179701
179703
179851
179875
179902
179911
179912
179957
180168
180243
180387
180393
180451
180473
180474
180491
180583
180600
180606
180670
180717
180783
180800
180831
180881
180961
180989
181105
181195
181217
181299
181349
181356
181405
181466
181474
181492
181500
181526
181585
181636
181647
181686
181697
181832
181958
181978
182007
182037
182099
182166
182192
182221
182252
182280
182290
182400
182404
182405
182431
182560
182758
182790
182892
182946
182961
182993
183145
183233
183300
183421
183539
183653
183672
183685
183726
183772
183903
183914
183978
184004
184049
184190
184261
184336
184340
184392
184447
184483
184636
184890
184930
185059
185200
185291
185299
185342
185421
185445
185474
185497
185498
185725
185767
185783
185816
185882
185932
186012
186039
186140
186152
186210
186290
186330
186340
186427
186520
186526
186595
186608
186613
186697
186790
186816
186873
186886
186898
186903
186915
187056
187124
187141
187142
187156
187185
187214
187278
187294
187324
187404
187536
187707
187767
187784
187799
187880
187919
187933
187948
188018
188097
188107
188239
188357
188358
188382
188391
188410
188450
188483
188523
188524
188600
188631
188795
188804
188892
188978
188985
189008
189143
189283
189358
189478
189544
189601
189639
189689
189690
189733
189735
189737
189769
189774
189965
190085
190168
190248
190264
190315
190354
190361
190396
190404
190454
190558
190569
190609
190645
190666
190702
190709
190749
190801
190851
190853
190950
191117
191221
191226
191279
191322
191491
191571
191697
191782
191787
191871
191897
191898
191957
192024
192050
192058
192135
192139
192198
192420
192469
192563
192617
192661
192697
192884
192912
192944
192991
193036
193082
193109
193138
193139
193199
193207
193279
193389
193524
193597
193600
193640
193680
193797
193825
193852
193881
194319
194325
194350
194419
194428
194459
194465
194498
194803
194837
194965
194987
195083
195185
195296
195374
195508
195520
195541
195660
195710
195721
195795
195817
195820
195857
195905
195908
195913
195983
196018
196048
196084
196139
196327
196408
196409
196507
196528
196560
196570
196602
196682
196727
196730
196800
196806
196807
196829
196963
196965
196968
196982
197006
197010
197039
197059
197281
197326
197340
197351
197376
197436
197448
197450
197524
197630
197661
197703
197711
197740
197773
197787
197826
197864
197948
198021
198066
198077
198081
198085
198168
198199
198224
198229
198251
198270
198278
198298
198310
198315
198384
198426
198564
198565
198583
198832
198843
198845
198904
198944
199004
199029
199082
199305
199348
199373
199407
199461
199536
199555
199582
199585
199675
199800
199828
199849
199850
199924
200040
200195
200215
200281
200343
200427
200432
200514
200534
200535
200605
200617
200758
200822
200904
200947
200965
200967
200969
201045
201101
201162
201261
201263
201304
201327
201408
201476
201557
201570
201833
201859
201920
202044
202054
202060
202149
202254
202505
202515
202543
202548
202756
202809
202877
202968
202983
203109
203126
203157
203269
203385
203472
203475
203512
203564
203647
203662
203887
203921
204057
204077
204119
204174
204204
204208
204262
204285
204314
204343
204436
204519
204604
204661
204709
204756
204802
204936
205121
205149
205185
205352
205379
205382
205466
205503
205590
205711
205835
205891
205950
206004
206045
206062
206095
206106
206134
206136
206172
206209
206218
206219
206288
206382
206498
206519
206546
206651
206683
206728
206750
206788
206880
206991
207104
207134
207155
207249
207296
207299
207332
207429
207498
207535
207623
207632
207794
207825
207852
207887
207918
207952
207991
208019
208043
208090
208107
208113
208122
208123
208170
208205
208237
208344
208362
208383
208429
208522
208550
208722
208776
208799
208841
208857
208939
209136
209271
209291
209433
209436
209488
209560
209607
209652
209733
209758
209760
209784
209832
209885
210002
210032
210079
210086
210189
210197
210226
210301
210356
210385
210562
210609
210661
210664
210665
210769
210798
210934
211024
211110
211159
211164
211231
211413
211505
211513
211565
211654
211686
211739
211763
211796
211814
211854
211906
212003
212027
212164
212198
212234
212312
212318
212356
212366
212379
212381
212419
212622
212623
212669
212681
212725
212768
212812
212877
212913
212917
212979
213137
213163
213260
213316
213359
213422
213483
213506
213512
213522
213575
213632
213634
213717
213788
213847
213898
214064
214092
214199
214252
214260
214279
214292
214756
214846
214896
214998
215004
215016
215120
215177
215228
215248
215339
215386
215410
215460
215506
215607
215686
215745
215747
215749
215761
215994
216003
216049
216070
216081
216160
216164
216166
216217
216462
216482
216574
216615
216619
216672
216687
216874
216914
217095
217146
217305
217387
217415
217479
217559
217582
217606
217636
217646
217706
217757
217771
217794
217799
217828
217880
217891
217904
217933
217954
218095
218165
218219
218225
218303
218315
218319
218345
218367
218385
218493
218556
218589
218628
218629
218652
218883
218928
218932
218970
219059
219178
219198
219228
219231
219237
219278
219328
219345
219462
219524
219538
219872
219881
219909
219937
219958
219965
220019
220117
220175
220185
220212
220225
220232
220338
220363
220391
220400
220430
220432
220548
220641
220683
220990
221004
221075
221148
221201
221262
221305
221342
221349
221383
221396
221433
221487
221548
221641
221697
221787
221800
222031
222051
222093
222113
222133
222154
222174
222222
222299
222326
222337
222361
222417
222510
222517
222594
222624
222651
222810
222961
222970
223041
223081
223168
223171
223184
223391
223401
223476
223506
223540
223558
223571
223714
223820
223836
223976
224031
224087
224175
224203
224210
224268
224343
224383
224399
224451
224461
224608
224629
224632
224635
224669
224714
224776
224788
224854
224934
224961
224982
225013
225142
225250
225275
225319
225320
225519
225596
225689
225765
225810
225813
225836
225987
225995
226053
226108
226136
226168
226193
226310
226339
226350
226483
226533
226672
226926
226929
226955
226983
227032
227069
227096
227137
227296
227308
227404
227406
227408
227478
227504
227560
227609
227617
227688
227740
227933
227942
227953
227971
227973
227988
228012
228096
228102
228158
228183
228366
228431
228444
228642
228666
228687
228765
228805
228811
228905
229062
229070
229136
229246
229367
229487
229492
229613
229624
229628
229807
229808
229849
229968
230076
230088
230109
230319
230349
230360
230365
230411
230417
230422
230434
230456
230522
230625
230642
230722
230831
230872
230874
230997
231043
231060
231098
231200
231211
231409
231566
231603
231605
231741
231753
231793
231852
231893
231920
231969
232082
232160
232205
232208
232217
232346
232489
232525
232559
232560
232692
232694
232728
232792
232821
232844
232923
232980
233306
233390
233441
233544
233567
233630
233634
233752
233798
234042
234120
234331
234350
234439
234518
234620
234683
234708
234812
235262
235265
235267
235276
235317
235396
235399
235405
235421
235431
235450
235518
235524
235712
235792
235800
235862
235864
235875
235882
235891
235929
235979
236018
236023
236112
236114
236140
236162
236190
236209
236366
236399
236421
236463
236464
236469
236698
236704
236709
236714
236773
236788
236874
236893
236912
237063
237082
237114
237219
237259
237454
237471
237491
237551
237569
237613
237684
237739
237836
237980
238014
238061
238123
238158
238165
238261
238416
238520
238528
238554
238601
238606
238685
238728
238858
238869
239008
239041
239072
239079
239108
239119
239129
239296
239315
239492
239508
239600
239607
239743
239878
239900
239935
239973
240065
240067
240121
240147
240188
240200
240255
240304
240342
240376
240500
240517
240549
240606
240667
240696
240750
240770
240895
240903
240918
241005
241158
241298
241302
241330
241344
241460
241498
241678
241706
241785
241823
241914
242050
242052
242089
242091
242098
242154
242182
242183
242199
242334
242335
242363
242364
242405
242425
242497
242675
242920
243071
243101
243174
243216
243298
243329
243359
243406
243456
243521
243615
243849
243867
243930
243934
243962
243992
243993
244024
244031
244083
244122
244137
244171
244202
244252
244283
244296
244298
244354
244358
244440
244482
244489
244524
244597
244627
244725
244792
244935
244954
244962
245004
245026
245062
245082
245119
245122
245162
245217
245290
245384
245539
245692
245795
245797
245852
245888
245919
245958
246030
246058
246064
246131
246171
246280
246349
246365
246405
246473
246519
246616
246639
246707
246757
246788
246830
246869
246895
247015
247229
247392
247438
247486
247512
247522
247552
247587
247596
247680
247697
247727
247748
247780
247838
247852
247885
247955
247957
248273
248411
248419
248485
248504
248528
248565
248726
248786
248803
248810
248831
248857
248866
248877
248927
249008
249068
249073
249113
249137
249160
249317
249326
249327
249399
249401
249437
249543
249554
249581
249585
249646
249702
249705
249723
249729
249795
249884
249897
249958
250016
250162
250173
250187
250373
250414
250434
250513
250523
250599
250609
250675
250783
250850
250964
250986
251019
251059
251144
251161
251291
251299
251309
251418
251479
251490
251583
251806
251813
251864
251868
251919
251933
251945
252152
252195
252253
252308
252319
252415
252482
252503
252577
252591
252595
252622
252732
252737
252802
252813
252836
252900
252947
253026
253055
253101
253165
253255
253265
253296
253357
253391
253499
253520
253754
253801
254006
254176
254223
254368
254396
254402
254495
254569
254633
254707
254760
254804
254878
254909
254934
255078
255093
255324
255331
255376
255501
255532
255586
255636
255749
255816
255857
255883
255907
256007
256063
256133
256169
256238
256299
256337
256344
256359
256499
256564
256608
256701
256706
256807
256853
256879
256898
256907
256923
256950
256978
257051
257088
257179
257264
257346
257464
257466
257480
257546
257565
257697
257753
257768
257857
257874
257920
257954
258095
258143
258231
258242
258284
258333
258343
258367
258671
258798
258800
258850
258982
259070
259107
259113
259195
259239
259241
259246
259329
259407
259437
259463
259511
259516
259544
259580
259720
259734
259871
259875
259961
259964
259991
260064
260170
260177
260199
260224
260324
260341
260353
260356
260420
260475
260487
260538
260561
260630
260641
260650
260687
260765
260986
260997
261012
261062
261129
261186
261204
261252
261305
261326
261573
261591
261644
261706
261715
261859
261930
262237
262240
262256
262394
262445
262450
262486
262503
262509
262605
262620
262646
262648
262719
262752
262779
262788
262815
262839
262868
262912
262928
262953
262999
263001
263011
263023
263025
263058
263078
263092
263094
263159
263241
263250
263351
263440
263459
263536
263600
263618
263673
263785
263800
263825
263856
263895
263898
263923
263950
264089
264119
264178
264192
264214
264303
264380
264426
264440
264464
264481
264503
264565
264581
264622
264675
264720
264771
264778
264804
264825
264839
264868
264984
265190
265196
265417
265473
265552
265572
265611
265623
265682
265722
265756
265770
265811
265841
265844
265871
265906
266050
266102
266118
266138
266235
266360
266385
266475
266508
266516
266539
266563
266638
266644
266707
266747
266871
266876
266902
267036
267135
267165
267238
267244
267354
267461
267483
267579
267627
267656
267722
267804
267815
267867
267960
268037
268077
268219
268250
268263
268266
268358
268363
268373
268398
268468
268477
268499
268529
268656
268658
268926
268983
269073
269113
269159
269165
269217
269222
269234
269309
269323
269330
269404
269421
269491
269503
269543
269588
269620
269688
269753
269793
269847
269910
270045
270058
270064
270145
270207
270244
270259
270347
270352
270380
270384
270386
270429
270497
270605
270641
270653
270657
270875
270952
271072
271083
271099
271141
271198
271300
271343
271366
271429
271439
271458
271490
271498
271510
271556
271719
271739
271805
271852
271912
271970
272080
272104
272165
272243
272249
272287
272315
272454
272456
272467
272522
272571
272586
272601
272717
272761
272855
272910
272931
273164
273176
273405
273418
273475
273483
273518
273532
273562
273590
273674
273688
273693
273701
273732
273754
273778
273816
273888
273958
274039
274106
274273
274277
274432
274438
274460
274524
274549
274600
274692
274700
274713
274725
274789
274817
274845
274905
274962
275055
275074
275155
275156
275253
275255
275389
275402
275443
275624
275676
275855
275876
275907
275946
276000
276071
276073
276107
276153
276172
276180
276282
276392
276538
276594
276596
276634
276756
276797
276876
276898
276953
277054
277112
277142
277353
277445
277513
277517
277531
277565
277594
277598
277626
277654
277786
277859
277914
277919
277921
277948
277954
277963
277968
277975
278068
278200
278220
278239
278252
278264
278272
278386
278398
278418
278429
278488
278490
278491
278572
278577
278618
278650
