156
282
307
621
632
720
904
920
1039
1193
1197
1277
1300
1417
1592
1901
1979
1999
2102
2254
3151
3254
3310
3414
3954
4238
4421
5145
5388
5627
5858
6361
6528
6597
6855
6907
8026
8218
8417
8509
8524
8557
8750
8931
8955
9131
9208
9520
9753
9769
10163
10384
11162
11360
11565
11814
12257
12662
13201
13212
13379
13451
13462
13520
13551
13732
13811
13912
14138
14255
14383
14655
14811
15440
15794
16018
16162
16319
16564
16899
16991
17242
17787
18175
18190
18928
19145
19294
19326
19662
19830
20445
20491
21030
21344
21452
21905
21915
22204
22493
22685
23184
23189
23743
23796
24011
24132
24169
24195
24983
25231
25514
25737
25866
26186
26262
26519
26555
26925
27549
27589
27718
27917
28327
28618
28681
28750
29046
29160
29306
29370
29380
29474
29485
29839
30016
30147
30157
30188
30354
30385
30625
30626
30703
30821
31393
31519
31676
31707
32327
32399
32436
32500
32526
32677
33042
33571
33636
33646
33953
34003
34304
34605
34631
35336
35386
35395
35639
35645
35987
36010
36116
36270
36287
36340
36537
36752
36976
37437
37465
37651
37807
38017
38295
38387
38559
38678
38892
38978
39189
39503
39813
40351
40618
40783
40788
40793
40846
41268
41288
41362
41600
41764
41823
42007
42096
42733
42883
42939
43425
43466
43500
43571
43683
43801
43893
44396
44607
45039
45121
45247
45364
45370
45402
45860
46038
46159
46171
46613
46763
47146
47178
47581
47673
47675
47810
48125
49047
49078
49106
49265
49458
49637
49886
50085
50116
50148
50204
50431
50484
50518
50542
50805
50886
51007
51326
51364
51740
51850
52183
52188
52189
52246
52250
52370
52534
53146
53301
53777
53834
53851
54054
54375
54950
54955
54982
55106
55675
55758
55844
55894
56081
56126
56474
56511
56573
56695
57057
57145
57400
57597
57703
57938
58013
58087
58154
58236
58356
59195
59438
59440
59517
59706
59877
60040
60782
60808
60847
60852
61020
61141
61252
61449
61546
62047
62141
62295
62329
62574
62599
62645
62898
63582
63585
63858
63860
64245
64259
64474
64542
64799
64934
65748
65835
66508
66716
66731
66744
67071
67408
67430
67439
67517
67521
67646
67721
67791
68262
68307
68331
68367
68629
69216
69259
69337
70036
70177
70356
70433
70751
70960
71183
71253
71320
71398
71472
71782
71783
71854
72070
72139
72148
72183
72345
72524
72615
72651
73235
73593
73594
73877
73954
74546
74566
74834
75439
75484
75486
75515
75871
75982
76214
76327
76475
76635
77100
77398
77407
77669
77889
78153
78360
78428
78441
78476
78756
79382
79408
79540
79750
80091
80298
80594
80732
81610
82294
82479
82602
82822
83315
83340
83355
83389
83435
83658
84174
84301
84387
84531
84619
84976
85356
85649
85686
86159
86438
86552
86564
86667
86699
86997
86999
87136
87186
87724
87910
88243
88513
88568
88694
88931
88986
89115
89454
89475
89681
90157
90176
90357
90377
90514
90711
90746
90857
91030
91308
91542
91638
92269
92363
92559
92579
92642
92799
92877
93316
93319
93395
94038
94896
95073
95122
95185
95312
96262
96374
96410
96463
96475
96735
97600
97603
97657
97666
97698
98167
98366
98454
98495
98673
98678
98988
98990
99048
99206
99267
99614
100124
100358
100639
100792
100823
100910
101070
101340
101619
101796
102040
102245
102368
102442
102558
103008
103059
103126
103236
103322
103647
103660
103677
103792
103829
103939
104164
104275
104431
104741
104970
105069
105191
105253
105255
105476
105978
106558
106620
106650
106811
106988
107010
107106
107198
107490
107561
108035
108796
108857
108890
108963
108967
109622
109757
110328
110447
110499
110562
111255
111266
111309
111784
112277
112295
112307
112679
113127
113235
113338
113740
113818
113945
114007
114042
114328
114808
115078
115104
115209
115226
116078
116121
116150
116632
116896
117089
117141
117666
117697
118894
119265
119305
119371
119766
119959
120228
120429
120458
120893
121138
121234
121316
121466
121478
121568
122249
122839
123067
123176
124336
124383
124413
124633
124676
124817
124863
125269
125448
125540
125978
126644
126732
126815
126949
127126
127143
127163
127209
127342
127462
127546
127579
127596
127606
127719
127853
128074
128126
128146
128337
128366
128421
128434
128445
128517
128983
129080
129115
129432
129764
130059
130220
130602
130702
130823
130837
130932
131472
132202
132207
132780
132926
133602
134463
134483
134844
135062
135269
135412
136172
136191
136326
136394
136669
136685
137160
137259
137402
137490
137945
138096
138102
138274
138281
138387
138521
139034
139353
139772
139825
140208
140959
141085
141199
141284
141390
141626
141803
141863
141918
142051
142107
142138
142168
142173
142294
142831
143021
143364
143385
143399
143476
143571
143621
143641
143875
143939
143940
144284
144384
144409
144472
144635
144649
144664
144673
145310
145321
145683
145840
146264
146287
146376
146408
146466
146634
147069
147257
147260
147446
147572
148043
148890
149061
149063
149146
149178
149331
149634
149800
150293
150519
150599
150736
150792
150888
151190
151723
152112
152467
152569
152619
152851
153651
154193
154402
154483
154610
154762
154778
154951
155107
155147
155255
155266
155298
155407
155791
155872
156025
156340
156433
156710
156759
156863
156938
157096
157467
157545
157701
157925
157990
158034
158074
158291
158714
158884
159003
159073
159209
159231
159362
159366
159400
159415
159520
159545
160351
160424
160860
161078
161224
161263
161410
161495
161543
161551
161730
161925
161927
162281
162383
162755
162842
163039
163956
164029
164417
164524
164595
164713
164730
164740
164878
164933
165209
165234
165271
165343
165612
165648
165754
165782
165960
166203
166226
166246
166288
166322
166417
166568
166660
166768
166833
166895
166953
167081
167209
167262
167887
168066
168067
168101
168162
168194
168269
168627
168773
169242
169283
169409
169788
169990
170552
170576
170601
171027
171278
171316
171647
171685
172335
172390
172888
173147
173447
173796
173912
174345
174354
175060
175119
175226
175408
175492
175597
175683
175728
175911
176244
176997
177094
177566
178348
178420
178747
178766
179018
179036
179106
179440
179900
180107
180168
180491
180661
180712
180831
180881
181213
181523
181562
181660
181704
181718
181899
181987
182199
182215
182343
182453
183101
183160
183233
183302
183355
183619
183682
183946
184273
184336
184413
184489
185061
185421
185452
185882
185952
185962
186027
187155
187293
187404
187502
188068
188203
188385
188450
188483
188849
188902
189315
189578
189615
189693
189768
190050
190196
190210
190381
190579
190723
190892
190903
190971
191085
191110
191308
191322
191343
191532
191571
191668
192272
192363
192390
192398
192507
192619
192807
192809
192901
192912
192955
193109
193169
193235
193279
193284
193523
193597
193768
193924
194254
195051
195076
195520
195744
195794
195905
195973
196046
196507
196587
196592
196638
196682
196808
196978
197340
197360
197395
197425
197656
197734
197774
197897
197914
198244
198298
198331
198422
198468
198980
199272
199305
199411
199481
199528
199590
200048
200281
200763
200815
200945
201076
201261
201644
201652
201940
202000
202038
202149
202214
202377
202613
203189
203360
203472
203475
203646
203779
204077
204089
204187
204292
204634
204936
205466
205869
205871
206134
206195
206200
206206
206221
206326
206502
206562
207122
207249
207852
207874
207905
208079
208170
208242
208386
208546
208968
209023
209025
209040
209416
209552
209680
209733
210018
210256
210291
210659
210823
211110
211241
211297
211343
211541
211565
211587
211686
211756
211763
212128
212171
212245
212419
212464
212529
212754
213166
213189
213263
213422
213615
213732
214246
214572
214950
215422
215443
215465
215533
215689
215745
215749
215846
216018
216157
216254
216263
216342
216410
217121
217805
217908
218424
218556
218815
219035
219178
219398
219627
219715
219790
219812
219860
219947
220099
220131
220216
220483
220641
220807
220823
220917
221148
221459
221765
221851
221852
221987
222008
222135
222214
222313
222623
222802
223041
223168
223214
223609
224087
224289
224464
224542
224788
224848
224894
224993
225107
225113
225189
225530
225549
225572
225689
225850
226225
226330
226437
226645
226926
226964
227096
227405
227466
227957
227971
228041
228075
228100
228597
228817
229031
229057
229063
229070
229243
229259
229260
229758
229807
229814
229846
230319
230417
230745
231060
231796
232002
232587
232657
232659
232792
232821
232840
233274
233278
233284
233286
233390
233652
233880
233884
234149
234499
234670
234776
234831
235173
235230
235254
235375
235377
235399
235463
235711
235712
235756
235794
235817
236399
236659
236720
236912
237129
237154
237475
237744
237926
238528
238623
238655
238817
238953
238963
239077
239171
239508
239667
239743
239802
239852
240031
240144
240301
240425
240606
240696
240750
240933
241032
241522
241678
241680
241914
242023
242089
242426
242475
242600
242871
242905
243425
243866
243992
244024
244145
244283
244296
244298
244341
244358
244382
244935
245062
245072
245090
245303
245345
245356
245400
245600
245797
246030
246058
246326
246551
246639
246772
246815
246915
247052
247070
247392
247551
247562
247632
247697
248009
248142
248346
248393
248825
248857
249157
249296
249539
249759
249781
249787
249897
250114
250162
250171
250222
250394
250944
251130
251240
251301
251591
251601
252167
252252
252370
252380
252503
252700
252813
253112
253248
253648
253676
253754
254495
254541
254545
254647
254719
254782
254981
255222
255331
255517
255683
255816
255888
256066
256254
256314
256344
256564
256567
256776
256847
256886
256890
256990
257087
257258
257464
257467
257722
257848
257856
258014
258141
258664
258745
259164
259195
259239
259245
259270
259273
259403
259407
259440
259653
259699
259887
260067
260077
260088
260128
260199
260269
260394
260662
260724
260857
261062
261180
261735
262038
262213
262252
262292
262314
262445
262486
262509
262879
262892
262912
263025
263041
263074
263102
263105
263434
263449
263537
263627
263708
263719
263729
263746
263800
263811
263958
264039
264056
264143
264426
264650
264675
264802
264864
264873
265208
265534
265615
265623
265815
265841
266004
266015
266274
266360
266420
266782
266795
266994
267041
267044
267105
267129
267347
267496
267637
268225
268249
268398
268457
268477
268499
268814
268983
269278
269309
269588
269650
269753
269813
269849
269890
270058
270150
270455
270528
270726
271004
271101
271120
271173
271259
271332
271366
271490
271498
271523
272080
272081
272580
272714
272863
272922
272948
272970
273434
273487
273588
273705
273857
273956
274040
274309
274438
274604
274650
274810
275055
275253
275417
275516
275711
275854
275972
276000
276010
276120
276300
276484
277007
277063
277154
277337
277353
277367
277591
277669
277784
277954
277986
278118
278132
278160
278201
278257
278262
278275
278356
278413
278437
278484
278519
278583
