24
101
183
288
289
297
302
382
473
491
494
512
625
630
663
713
730
755
774
782
809
854
867
879
886
954
964
988
989
998
1017
1047
1057
1086
1111
1143
1151
1185
1201
1239
1319
1332
1351
1356
1375
1387
1406
1407
1411
1460
1472
1526
1558
1589
1608
1619
1635
1648
1659
1687
1727
1728
1749
1765
1771
1776
1828
1886
1923
1929
1956
2037
2045
2113
2122
2207
2231
2258
2275
2341
2342
2393
2458
2508
2513
2537
2540
2563
2682
2694
2709
2717
2743
2749
2762
2778
2806
2845
2859
2914
2941
2955
2980
2986
3054
3072
3103
3106
3118
3161
3181
3201
3251
3279
3304
3308
3326
3416
3419
3457
3493
3518
3540
3595
3596
3614
3616
3624
3648
3656
3757
3782
3797
3799
3807
3848
3913
3921
3956
3994
4022
4058
4064
4095
4112
4162
4184
4217
4221
4239
4301
4380
4441
4506
4526
4531
4550
4653
4665
4717
4813
4850
4901
4956
4964
5006
5015
5042
5122
5133
5135
5153
5163
5181
5254
5273
5277
5298
5324
5396
5400
5428
5437
5458
5526
5528
5625
5654
5667
5698
5706
5716
5742
5746
5758
5761
5766
5770
5789
5849
5857
5948
5956
5960
6059
6080
6084
6092
6117
6214
6256
6316
6355
6400
6451
6453
6512
6515
6537
6610
6659
6663
6689
6702
6711
6722
6729
6731
6740
6804
6872
6883
6915
6989
6996
7000
7007
7052
7141
7260
7263
7271
7275
7277
7329
7361
7395
7417
7429
7442
7445
7469
7480
7483
7487
7504
7591
7622
7639
7723
7725
7757
7796
7812
7815
7901
7952
7972
8135
8260
8302
8355
8409
8415
8420
8464
8510
8533
8561
8567
8576
8615
8660
8681
8687
8754
8807
8860
8925
8940
8991
8994
9002
9016
9027
9061
9092
9102
9181
9194
9229
9242
9252
9303
9364
9381
9410
9454
9473
9502
9517
9522
9590
9721
9733
9743
9801
9809
9836
9919
9941
9955
9976
9988
9995
10016
10058
10064
10089
10102
10151
10188
10201
10229
10245
10291
10308
10312
10362
10444
10457
10471
10486
10508
10536
10537
10542
10557
10571
10574
10576
10598
10658
10667
10670
10804
10825
10882
10915
10923
10961
10977
11047
11154
11180
11277
11283
11439
11471
11475
11501
11505
11528
11572
11587
11657
11689
11697
11720
11922
11947
11980
12047
12053
12075
12080
12089
12153
12180
12216
12246
12254
12284
12320
12339
12345
12361
12367
12391
12443
12482
12492
12502
12509
12510
12556
12563
12578
12609
12619
12632
12674
12676
12711
12742
12748
12753
12783
12806
12824
12825
12851
12855
12903
12963
12992
13039
13092
13096
13154
13202
13207
13389
13470
13508
13572
13577
13620
13655
13662
13664
13666
13668
13694
13711
13741
13833
13865
13867
13870
13871
13984
13988
13990
13996
14028
14031
14053
14151
14168
14182
14186
14187
14203
14221
14231
14240
14285
14340
14341
14367
14491
14575
14577
14632
14643
14682
14728
14797
14804
14806
14867
14881
14899
14911
14931
14956
14998
15054
15055
15101
15184
15192
15199
15212
15220
15236
15283
15288
15293
15304
15313
15325
15443
15460
15591
15645
15697
15737
15755
15803
15837
15841
15931
16021
16039
16078
16108
16113
16195
16215
16240
16268
16299
16325
16373
16432
16505
16540
16600
16602
16653
16700
16721
16724
16853
16854
16906
16955
17008
17170
17187
17195
17209
17239
17282
17406
17468
17533
17566
17608
17648
17659
17848
17875
17890
17912
17980
17991
17995
18052
18066
18080
18081
18088
18118
18213
18216
18246
18272
18301
18312
18400
18428
18446
18475
18516
18533
18563
18581
18596
18619
18646
18723
18762
18801
18812
18816
18838
18978
19020
19034
19125
19152
19200
19217
19233
19250
19284
19297
19306
19364
19447
19453
19529
19554
19618
19632
19639
19692
19721
19802
19809
19869
19905
19926
19933
19998
20036
20068
20081
20084
20111
20145
20219
20220
20225
20238
20244
20294
20326
20330
20336
20398
20415
20437
20475
20489
20542
20551
20578
20610
20667
20700
20755
20807
20824
20830
20834
20857
20869
20910
20927
20973
21059
21085
21117
21160
21176
21208
21272
21355
21361
21364
21664
21700
21726
21733
21819
21827
21934
21975
22082
22111
22123
22131
22136
22173
22255
22267
22268
22270
22272
22278
22287
22301
22330
22333
22353
22377
22409
22410
22426
22518
22636
22747
22760
22807
22827
22872
22958
22966
22977
22982
23053
23063
23081
23173
23208
23218
23234
23240
23269
23288
23301
23334
23356
23389
23400
23455
23456
23486
23568
23612
23637
23682
23710
23713
23724
23734
23748
23749
23841
23895
23912
23943
23956
23966
23979
23993
24007
24020
24049
24059
24117
24161
24165
24196
24382
24391
24400
24420
24462
24477
24499
24512
24515
24516
24540
24582
24627
24679
24709
24738
24882
24907
24936
24958
25000
25004
25007
25055
25138
25183
25215
25241
25255
25275
25287
25320
25380
25415
25466
25511
25611
25660
25671
25677
25684
25718
25748
25771
25876
25912
26100
26193
26226
26229
26320
26322
26345
26355
26589
26593
26672
26703
26715
26739
26740
26779
26792
26838
26854
26879
26908
27022
27052
27060
27121
27127
27143
27145
27173
27185
27222
27247
27295
27354
27434
27471
27490
27497
27539
27548
27561
27600
27644
27662
27688
27700
27707
27717
27725
27726
27745
27854
27906
27924
27925
27936
27964
28043
28077
28113
28126
28189
28194
28313
28318
28323
28326
28346
28374
28382
28405
28410
28413
28423
28447
28451
28457
28475
28503
28523
28621
28652
28740
28770
28780
28817
28828
28868
28907
28931
28945
28993
28995
28998
28999
29024
29075
29099
29147
29163
29213
29243
29302
29397
29496
29516
29559
29561
29562
29566
29593
29641
29724
29729
29745
29766
29875
29993
30009
30026
30074
30076
30121
30123
30125
30142
30189
30201
30234
30242
30308
30322
30358
30360
30404
30430
30456
30566
30594
30609
30650
30690
30721
30728
30743
30778
30803
30811
30857
30863
30866
30870
30908
31043
31091
31180
31182
31227
31339
31352
31360
31439
31459
31506
31569
31607
31726
31729
31738
31759
31767
31781
31791
31805
31838
31857
31899
31900
31937
31939
32009
32046
32072
32092
32122
32134
32180
32184
32238
32296
32328
32355
32361
32365
32386
32435
32476
32486
32530
32560
32659
32762
32773
32859
32960
32978
33010
33013
33067
33097
33160
33165
33193
33237
33241
33251
33278
33294
33297
33299
33369
33390
33429
33490
33522
33559
33560
33649
33659
33710
33765
33774
33776
33831
33880
33916
33917
33947
33980
34001
34034
34117
34240
34258
34318
34319
34323
34327
34342
34373
34413
34416
34426
34494
34534
34591
34644
34691
34729
34748
34770
34823
34846
34854
34863
34872
34882
34901
34931
34957
35004
35012
35024
35034
35036
35038
35111
35144
35147
35250
35376
35418
35443
35448
35456
35474
35488
35530
35542
35598
35664
35697
35753
35758
35769
35780
35798
35909
35943
36004
36045
36065
36092
36110
36132
36140
36164
36170
36216
36255
36312
36334
36365
36387
36485
36519
36543
36640
36648
36665
36670
36677
36746
36748
36851
36885
36932
36952
36970
36971
37001
37044
37050
37061
37084
37091
37155
37182
37186
37205
37228
37359
37453
37506
37507
37522
37523
37571
37609
37626
37695
37703
37724
37747
37767
37837
37847
37898
37925
37935
37943
37959
37968
37977
37979
38016
38019
38050
38153
38169
38172
38198
38204
38223
38246
38248
38318
38388
38417
38437
38453
38470
38472
38473
38491
38523
38579
38606
38669
38706
38720
38722
38773
38775
38781
38784
38792
38796
38843
38849
38915
38955
38967
39014
39054
39107
39144
39157
39175
39179
39180
39183
39196
39203
39223
39228
39254
39300
39311
39320
39344
39374
39432
39436
39450
39463
39495
39515
39546
39552
39568
39583
39604
39643
39695
39743
39831
39878
39922
40018
40054
40063
40076
40099
40112
40125
40148
40177
40182
40240
40354
40445
40473
40530
40554
40569
40581
40589
40651
40688
40730
40781
40843
40951
41105
41137
41148
41177
41209
41246
41297
41338
41373
41416
41440
41443
41513
41531
41535
41539
41552
41588
41627
41634
41636
41639
41700
41785
41796
41910
41972
41990
42201
42253
42263
42400
42445
42502
42526
42547
42577
42613
42620
42631
42657
42791
42879
42901
42922
42930
42964
43025
43052
43114
43151
43321
43364
43367
43396
43414
43445
43462
43645
43666
43708
43811
43826
43828
43994
44059
44142
44145
44216
44222
44250
44283
44289
44306
44324
44355
44388
44395
44517
44570
44571
44596
44611
44631
44644
44704
44705
44710
44721
44734
44787
44821
44843
44849
44853
44874
44892
44947
44969
45020
45032
45035
45069
45198
45210
45271
45348
45429
45443
45445
45455
45525
45549
45589
45595
45721
45723
45733
45734
45741
45779
45808
45811
45829
45889
45917
45937
46040
46097
46107
46112
46113
46141
46186
46192
46242
46309
46332
46337
46389
46398
46405
46407
46430
46502
46540
46683
46745
46833
46835
46838
46926
46937
46955
47019
47063
47075
47090
47247
47335
47355
47389
47453
47475
47496
47552
47564
47603
47620
47656
47659
47691
47693
47729
47771
47799
47826
47839
47868
47884
47892
47906
47932
47950
47959
48015
48090
48092
48097
48173
48177
48307
48323
48359
48374
48409
48436
48510
48551
48613
48651
48663
48681
48682
48722
48738
48744
48824
48861
48888
48908
48931
48959
49003
49012
49041
49049
49065
49073
49090
49123
49138
49143
49398
49406
49432
49468
49490
49525
49575
49583
49616
49782
49797
49816
49846
49888
49904
49954
49970
50028
50079
50084
50096
50102
50131
50180
50195
50233
50323
50334
50376
50381
50398
50432
50441
50452
50480
50532
50554
50556
50624
50631
50672
50718
50745
50780
50787
50829
50834
50857
50945
51028
51030
51032
51201
51223
51247
51314
51331
51355
51394
51410
51432
51481
51533
51562
51609
51619
51676
51713
51732
51752
51789
51796
51836
51895
51909
51941
51952
52041
52056
52129
52135
52144
52162
52187
52213
52256
52306
52308
52358
52359
52376
52422
52444
52471
52479
52490
52553
52555
52561
52571
52574
52636
52706
52735
52761
52866
52936
52983
53066
53104
53112
53129
53181
53265
53272
53299
53323
53432
53450
53620
53714
53751
53782
53837
53858
53860
53891
53914
53917
53923
53946
54053
54179
54202
54254
54267
54273
54275
54280
54304
54314
54383
54401
54475
54485
54498
54536
54545
54610
54629
54637
54640
54642
54657
54730
54744
54774
54802
54820
54837
54861
54916
54937
54995
55034
55044
55064
55068
55072
55108
55176
55238
55252
55263
55289
55355
55397
55412
55424
55446
55557
55575
55703
55716
55728
55775
55791
55846
55893
55974
55975
56041
56074
56090
56149
56187
56200
56239
56250
56271
56388
56478
56498
56524
56538
56613
56631
56638
56647
56650
56712
56792
56802
56807
56865
56906
56916
56930
56961
56966
56971
56991
57051
57075
57081
57089
57116
57123
57249
57310
57328
57416
57426
57493
57506
57520
57531
57559
57586
57595
57628
57715
57720
57739
57752
57776
57857
57870
57879
57884
57898
57946
58027
58028
58092
58128
58144
58170
58199
58205
58231
58237
58361
58365
58403
58404
58409
58548
58595
58657
58713
58752
58768
58774
58782
58800
58841
58908
58975
58981
59008
59023
59058
59067
59095
59257
59352
59373
59416
59433
59443
59456
59465
59479
59555
59613
59644
59697
59762
59795
59847
59851
59864
59865
59926
59987
59988
59993
60020
60113
60134
60153
60217
60256
60298
60340
60365
60408
60462
60470
60473
60523
60529
60602
60603
60609
60643
60657
60704
60710
60711
60726
60743
60767
60800
60813
60856
60984
61101
61218
61222
61225
61228
61289
61327
61366
61425
61437
61440
61442
61463
61469
61470
61498
61522
61527
61668
61697
61712
61781
61792
61831
61835
61862
61886
61967
61995
62001
62035
62111
62147
62153
62161
62203
62215
62220
62286
62291
62312
62346
62392
62400
62484
62533
62544
62554
62567
62581
62589
62611
62671
62709
62713
62744
62767
62772
62832
62847
62848
62859
62914
62946
63017
63020
63034
63068
63121
63199
63231
63250
63300
63307
63309
63314
63337
63339
63349
63350
63454
63487
63515
63540
63570
63583
63622
63676
63681
63746
63752
63771
63863
63931
63995
64001
64089
64148
64164
64191
64266
64267
64315
64322
64418
64454
64476
64484
64507
64516
64561
64602
64659
64661
64672
64677
64686
64813
64845
64848
64857
64912
64962
64967
64988
65014
65042
65102
65128
65132
65142
65172
65219
65221
65306
65314
65400
65421
65442
65448
65473
65477
65519
65565
65571
65595
65647
65675
65809
65846
65854
65870
65883
65927
65931
65944
65989
65990
66010
66034
66052
66089
66110
66111
66158
66248
66272
66285
66392
66417
66422
66428
66432
66453
66478
66510
66515
66532
66582
66621
66649
66659
66672
66687
66700
66711
66727
66735
66743
66827
66831
66853
66915
66943
66952
66993
67023
67061
67063
67069
67088
67118
67137
67158
67164
67213
67225
67233
67237
67263
67385
67387
67427
67429
67437
67491
67540
67544
67554
67565
67572
67623
67625
67636
67666
67694
67773
67779
67782
67793
67813
67816
67823
67838
67846
67858
67864
67871
67929
67940
67941
67960
67971
67972
67978
67992
68006
68029
68048
68072
68133
68298
68321
68349
68380
68390
68424
68428
68505
68511
68532
68560
68576
68579
68599
68608
68632
68697
68700
68703
68714
68719
68736
68778
68791
68799
68815
68874
68876
68877
68994
69012
69026
69028
69035
69050
69102
69106
69113
69115
69192
69217
69218
69250
69269
69288
69299
69325
69393
69410
69418
69430
69433
69458
69520
69652
69671
69732
69757
69796
69799
69816
69857
69959
69971
69994
69995
70007
70052
70078
70096
70116
70136
70149
70153
70154
70159
70169
70194
70197
70239
70312
70329
70347
70354
70372
70452
70508
70515
70598
70609
70684
70686
70745
70768
70792
70884
70892
70927
70932
70945
70964
70991
70992
71015
71048
71055
71073
71085
71145
71192
71204
71219
71246
71248
71277
71290
71313
71397
71418
71464
71606
71638
71667
71689
71696
71747
71763
71788
71804
71825
71901
71902
71920
71927
71951
71993
72064
72073
72160
72229
72243
72268
72299
72379
72385
72436
72452
72467
72539
72540
72655
72704
72770
72815
72967
73093
73104
73115
73116
73145
73153
73177
73182
73189
73214
73219
73229
73237
73300
73314
73407
73428
73450
73485
73486
73496
73504
73544
73576
73618
73715
73724
73754
73755
73758
73777
73804
73881
73891
73943
73945
73983
74002
74015
74087
74095
74098
74121
74124
74135
74219
74245
74249
74268
74292
74317
74347
74375
74400
74422
74431
74446
74463
74467
74475
74498
74544
74556
74586
74677
74755
74780
74810
74830
74909
74964
74980
74981
75004
75061
75173
75180
75182
75200
75218
75219
75225
75231
75247
75267
75309
75311
75326
75384
75456
75474
75485
75518
75552
75602
75637
75643
75693
75700
75751
75770
75792
75801
75808
75904
75929
75989
76107
76115
76149
76166
76195
76203
76226
76243
76259
76292
76302
76404
76472
76486
76500
76538
76704
76710
76809
76817
76826
76873
76922
76988
77030
77033
77037
77108
77109
77110
77118
77186
77187
77188
77192
77197
77233
77276
77307
77343
77345
77386
77423
77433
77446
77586
77591
77782
77876
77880
77888
77953
78003
78016
78047
78058
78063
78096
78157
78164
78276
78280
78289
78378
78383
78438
78456
78459
78481
78503
78507
78515
78534
78538
78614
78653
78708
78715
78729
78741
78748
78773
78792
78805
78835
78838
78857
78918
78943
78973
78976
78981
79041
79065
79080
79084
79090
79125
79194
79195
79209
79269
79279
79309
79358
79365
79422
79467
79515
79539
79546
79576
79578
79588
79604
79631
79727
79748
79759
79811
79939
79995
80054
80088
80095
80105
80244
80267
80268
80307
80335
80364
80367
80443
80447
80451
80464
80475
80479
80596
80607
80716
80721
80744
80762
80818
80881
80899
80949
80955
80959
80965
80966
81006
81045
81125
81139
81158
81161
81181
81183
81194
81198
81207
81223
81289
81361
81374
81394
81400
81408
81429
81444
81448
81467
81490
81495
81562
81640
81644
81686
81753
81802
81849
81879
81922
81924
81939
81956
81994
82034
82175
82204
82238
82258
82275
82305
82318
82414
82444
82467
82472
82487
82552
82610
82658
82679
82709
82733
82784
82831
82934
82976
82992
82993
83012
83044
83108
83130
83141
83163
83215
83225
83226
83227
83234
83245
83250
83263
83285
83336
83361
83407
83423
83492
83589
83614
83631
83656
83711
83732
83767
83770
83831
83864
83893
83964
84117
84145
84203
84254
84261
84279
84290
84323
84330
84380
84416
84429
84510
84528
84642
84723
84785
84795
84832
84869
84882
84941
84988
84994
85011
85073
85092
85124
85129
85152
85175
85203
85212
85249
85266
85355
85361
85363
85433
85451
85459
85481
85495
85499
85528
85614
85628
85663
85664
85729
85831
85848
85896
85972
86093
86151
86180
86193
86220
86282
86337
86343
86410
86512
86559
86560
86573
86629
86654
86663
86682
86690
86692
86697
86701
86758
86778
86788
86801
86836
86890
86895
86922
86961
87023
87044
87083
87106
87124
87164
87195
87277
87307
87435
87449
87536
87577
87604
87658
87696
87708
87716
87755
87766
87784
87795
87884
87923
87935
88001
88012
88026
88033
88056
88085
88086
88160
88162
88172
88192
88228
88275
88298
88300
88303
88304
88344
88457
88462
88470
88473
88516
88587
88612
88739
88749
88772
88822
88843
88847
88889
88940
88941
88947
88954
88969
89003
89004
89034
89058
89107
89135
89141
89149
89255
89269
89275
89277
89349
89351
89602
89640
89703
89709
89722
89732
89741
89746
89753
89760
89804
89820
89885
89923
89955
90017
90063
90076
90081
90163
90173
90192
90200
90227
90234
90309
90310
90314
90320
90331
90340
90349
90418
90447
90465
90549
90653
90695
90704
90724
90742
90761
90836
90886
90957
91020
91067
91089
91249
91267
91275
91315
91323
91413
91445
91499
91507
91516
91567
91681
91690
91735
91846
91872
91879
91880
91907
91981
92120
92252
92287
92314
92327
92386
92395
92397
92501
92536
92595
92606
92620
92624
92629
92632
92648
92658
92709
92730
92763
92815
92818
92886
92891
92898
92915
92924
92960
93013
93018
93021
93108
93128
93151
93168
93169
93199
93222
93280
93317
93361
93412
93438
93454
93459
93460
93480
93512
93537
93549
93560
93575
93665
93704
93762
93764
93795
93845
93847
93872
93895
93896
93921
93950
93992
94080
94088
94089
94178
94212
94214
94253
94254
94293
94325
94352
94433
94490
94536
94544
94597
94632
94703
94706
94748
94751
94780
94781
94823
94836
94862
94878
94894
95018
95049
95054
95069
95128
95138
95172
95201
95276
95321
95393
95407
95437
95444
95492
95508
95563
95580
95622
95661
95712
95726
95750
95766
95773
95811
95880
95891
95937
96018
96036
96184
96228
96295
96434
96444
96461
96478
96530
96539
96560
96563
96657
96680
96687
96727
96732
96807
96817
96989
96995
97016
97028
97050
97088
97098
97161
97172
97271
97284
97339
97365
97452
97502
97504
97578
97597
97622
97629
97647
97672
97689
97700
97727
97728
97765
97834
97912
97920
97923
97961
98001
98024
98078
98147
98152
98164
98169
98291
98329
98341
98369
98443
98447
98459
98501
98507
98519
98536
98545
98554
98565
98612
98623
98674
98687
98688
98703
98731
98734
98889
98929
98942
99113
99131
99153
99224
99308
99338
99356
99369
99374
99515
99516
99532
99583
99617
99712
99741
99745
99784
99800
99836
99848
99882
99886
99975
100059
100067
100125
100181
100191
100340
100379
100381
100429
100447
100463
100512
100548
100579
100633
100648
100658
100701
100736
100772
100778
100780
100801
100852
100861
100914
100938
100939
100943
100987
101018
101020
101031
101071
101109
101145
101238
101255
101283
101291
101323
101334
101423
101464
101473
101486
101519
101585
101591
101601
101632
101637
101665
101730
101753
101770
101789
101838
101839
101849
101865
101883
101886
101905
101913
101918
101952
101992
102038
102084
102110
102309
102324
102418
102428
102434
102445
102450
102461
102468
102503
102514
102517
102550
102604
102665
102667
102680
102688
102689
102691
102728
102792
102836
102861
102928
102934
102965
102991
103003
103066
103078
103163
103189
103212
103214
103231
103282
103319
103353
103370
103372
103435
103470
103517
103545
103598
103617
103680
103686
103688
103708
103757
103763
103769
103851
103925
103983
104077
104098
104102
104142
104154
104183
104224
104232
104260
104293
104307
104318
104322
104327
104331
104409
104473
104483
104491
104496
104525
104597
104690
104714
104736
104763
104933
104991
105040
105064
105099
105171
105179
105184
105230
105244
105313
105316
105335
105354
105361
105375
105526
105545
105597
105598
105606
105623
105630
105744
105746
105758
105785
105800
105843
105855
105861
105873
105882
105936
105966
105968
106018
106063
106079
106144
106250
106272
106273
106286
106293
106362
106426
106503
106570
106574
106580
106622
106628
106633
106640
106674
106753
106768
106793
106802
106805
106817
106909
106910
106965
106983
107012
107047
107137
107152
107238
107332
107401
107428
107463
107485
107515
107559
107579
107583
107588
107638
107651
107672
107699
107863
107869
107870
107875
107876
107913
107939
107968
108006
108100
108105
108181
108193
108220
108383
108402
108439
108444
108526
108629
108655
108664
108665
108678
108694
108740
108742
108753
108826
108865
108888
108912
108948
108949
108961
109027
109034
109048
109061
109069
109070
109152
109193
109231
109333
109353
109399
109427
109454
109464
109476
109499
109531
109552
109604
109610
109630
109639
109677
109705
109750
109866
109900
110008
110037
110055
110077
110189
110229
110304
110395
110470
110473
110504
110516
110611
110672
110735
110741
110923
110939
110940
110943
110968
111002
111005
111007
111008
111018
111040
111047
111060
111075
111089
111100
111104
111146
111159
111176
111190
111211
111244
111246
111254
111334
111352
111373
111390
111410
111412
111451
111457
111511
111520
111536
111586
111602
111624
111636
111654
111695
111697
111698
111747
111792
111794
111834
111908
111910
111948
111980
111996
112031
112040
112078
112120
112128
112219
112250
112279
112410
112417
112423
112426
112532
112534
112659
112662
112714
112748
112771
112805
112886
112912
112963
112974
112981
112984
112996
113046
113079
113093
113233
113245
113279
113288
113321
113328
113386
113402
113434
113497
113507
113510
113520
113527
113539
113545
113549
113556
113598
113602
113629
113719
113720
113728
113750
113751
113762
113777
113778
113830
113896
113898
113934
113979
113999
114083
114096
114097
114110
114181
114191
114198
114199
114213
114241
114248
114259
114278
114326
114336
114378
114392
114413
114431
114495
114504
114510
114512
114516
114551
114563
114570
114631
114639
114679
114683
114739
114747
114774
114798
114803
114905
114907
114908
114913
114974
114975
114983
114992
114995
115106
115125
115191
115247
115257
115262
115268
115275
115291
115314
115326
115380
115387
115388
115402
115443
115507
115541
115570
115723
115809
115841
115863
115878
115884
115895
115944
115966
115968
115978
115989
115992
115994
116040
116067
116175
116184
116187
116202
116239
116291
116324
116333
116358
116374
116399
116464
116468
116489
116500
116520
116634
116754
116797
116913
116951
116975
117039
117040
117043
117218
117227
117232
117237
117272
117293
117332
117342
117353
117370
117373
117407
117457
117462
117491
117514
117534
117579
117588
117591
117663
117673
117683
117761
117803
117869
117900
117901
117918
117941
117945
117969
117981
118005
118017
118024
118046
118059
118075
118082
118087
118097
118132
118238
118289
118345
118415
118467
118468
118475
118486
118551
118586
118590
118591
118646
118660
118689
118743
118752
118773
118783
118803
118828
118830
118856
118869
118875
118889
118932
118938
118945
118987
119032
119063
119089
119108
119150
119163
119175
119290
119384
119402
119444
119460
119482
119565
119584
119592
119596
119748
119759
119792
119811
119835
119836
119860
119861
119865
119950
120000
120039
120042
120052
120055
120065
120070
120110
120115
120130
120182
120208
120236
120261
120264
120311
120317
120336
120369
120375
120464
120520
120530
120532
120545
120559
120582
120588
120656
120770
120855
120869
120924
120927
120949
121008
121027
121058
121087
121093
121111
121120
121186
121191
121198
121259
121281
121296
121434
121441
121486
121505
121539
121555
121564
121627
121658
121669
121699
121709
121755
121796
121813
121830
121855
121871
121903
121904
121934
121944
121970
122018
122059
122124
122162
122186
122201
122208
122218
122228
122284
122310
122364
122399
122450
122459
122590
122595
122612
122676
122724
122751
122773
122825
122848
122875
122889
122893
122973
123033
123071
123132
123137
123147
123230
123232
123259
123283
123294
123331
123348
123424
123471
123503
123628
123681
123686
123697
123704
123709
123730
123764
123774
123846
123857
123932
123942
123983
123989
124020
124022
124058
124081
124140
124180
124181
124204
124205
124216
124222
124256
124308
124334
124410
124428
124450
124499
124583
124621
124652
124752
124824
124830
124849
124856
124909
124917
124919
124958
124965
124980
124989
125073
125106
125109
125165
125178
125187
125202
125237
125255
125299
125322
125331
125430
125435
125469
125481
125490
125493
125531
125542
125583
125658
125709
125719
125739
125742
125767
125769
125804
125817
125869
125960
125983
125992
125999
126100
126120
126137
126139
126168
126246
126255
126271
126305
126313
126331
126352
126400
126482
126636
126645
126649
126653
126655
126667
126693
126694
126722
126737
126768
126771
126790
126867
126870
126872
126917
126922
126939
126943
127078
127094
127130
127241
127250
127252
127255
127275
127282
127285
127332
127338
127363
127370
127383
127469
127471
127477
127559
127570
127577
127613
127618
127653
127683
127706
127752
127772
127773
127788
127800
127818
127829
127876
127881
127889
127908
127911
127952
127967
127968
127994
128006
128011
128018
128055
128107
128124
128203
128225
128226
128280
128384
128484
128486
128487
128488
128494
128534
128561
128563
128588
128591
128604
128610
128786
128817
128894
128907
128943
129027
129107
129117
129325
129346
129353
129358
129374
129391
129397
129403
129404
129419
129430
129445
129535
129536
129565
129570
129584
129625
129626
129673
129712
129725
129736
129767
129820
129843
129876
129910
129983
130008
130054
130099
130155
130159
130210
130254
130287
130296
130402
130408
130415
130424
130474
130534
130536
130553
130570
130573
130574
130605
130608
130615
130650
130793
130910
130958
130997
131019
131127
131144
131161
131169
131188
131359
131365
131372
131413
131446
131457
131467
131540
131556
131586
131610
131620
131820
131853
131854
131859
131931
132036
132058
132090
132106
132115
132140
132204
132215
132295
132303
132342
132397
132443
132536
132570
132648
132655
132680
132712
132726
132771
132783
132796
132878
132991
133003
133071
133105
133139
133141
133165
133180
133193
133208
133240
133275
133317
133393
133433
133453
133455
133520
133555
133594
133618
133633
133656
133716
133751
133792
133869
133893
133937
133951
133952
133965
133973
133975
134112
134122
134125
134200
134201
134345
134353
134397
134409
134447
134462
134464
134509
134565
134636
134671
134691
134754
134758
134760
134769
134839
134894
134932
134982
135005
135017
135028
135095
135185
135209
135234
135240
135268
135297
135308
135367
135456
135463
135485
135491
135512
135523
135591
135600
135606
135613
135694
135725
135729
135768
135782
135813
135822
135857
135867
135893
135918
136029
136032
136087
136144
136162
136186
136205
136271
136280
136351
136363
136462
136473
136626
136660
136661
136792
136805
136813
136816
136855
136889
136903
136924
136935
136946
137051
137071
137091
137154
137168
137258
137268
137299
137306
137316
137339
137358
137375
137387
137390
137428
137512
137543
137545
137553
137563
137582
137588
137600
137603
137623
137631
137658
137692
137853
137866
137879
137904
137985
138002
138003
138065
138157
138188
138193
138220
138323
138353
138390
138434
138453
138515
138533
138567
138591
138674
138680
138743
138794
138804
138869
138891
139004
139029
139036
139100
139104
139135
139136
139140
139157
139164
139211
139241
139306
139341
139364
139394
139396
139406
139413
139439
139492
139572
139615
139651
139680
139691
139726
139777
139782
139803
139814
139838
140055
140094
140100
140141
140154
140158
140161
140218
140256
140265
140296
140299
140325
140354
140377
140463
140477
140502
140526
140538
140592
140615
140717
140788
140804
140843
140849
140868
140874
140876
140900
140918
140975
140989
141100
141161
141163
141200
141236
141265
141267
141317
141354
141361
141506
141579
141601
141742
141748
141773
141787
141813
141832
141838
141850
141889
141895
141897
141903
141927
141947
141952
141955
141957
141965
141973
142047
142068
142183
142206
142219
142251
142278
142323
142325
142358
142510
142586
142621
142627
142630
142640
142642
142644
142652
142659
142716
142722
142738
142739
142805
142833
142846
142853
142884
142902
142904
142937
142958
143143
143147
143184
143210
143227
143234
143247
143305
143346
143353
143384
143390
143504
143548
143551
143569
143610
143625
143643
143690
143743
143751
143765
143803
143835
143902
143966
143969
143980
144020
144074
144110
144123
144173
144202
144220
144230
144304
144310
144377
144383
144388
144440
144448
144482
144509
144546
144578
144592
144688
144724
144828
144870
144888
144894
144984
145046
145143
145160
145170
145180
145181
145198
145243
145266
145353
145419
145429
145519
145572
145582
145623
145678
145695
145703
145710
145756
145784
145852
145872
145947
145970
146005
146046
146120
146207
146208
146228
146233
146315
146368
146536
146546
146554
146578
146584
146619
146637
146680
146699
146701
146707
146864
146876
146900
146910
146913
146916
146931
146960
147035
147062
147190
147219
147221
147243
147255
147312
147336
147344
147386
147501
147570
147656
147674
147679
147692
147695
147724
147726
147742
147747
147757
147785
147787
147794
147799
147833
147845
147948
148018
148034
148052
148116
148142
148143
148152
148235
148241
148349
148379
148386
148433
148445
148451
148464
148480
148520
148546
148589
148609
148615
148628
148689
148696
148774
148792
148826
148831
148879
148976
148979
148995
149022
149025
149027
149047
149136
149222
149249
149264
149290
149319
149337
149340
149448
149532
149536
149586
149808
149815
149823
149833
149843
149867
149870
149901
149913
149918
149938
150075
150077
150092
150100
150103
150122
150129
150139
150146
150172
150189
150275
150369
150658
150683
150753
150766
150830
150842
150980
150991
151045
151051
151106
151120
151123
151142
151150
151242
151272
151276
151279
151288
151290
151307
151314
151324
151353
151371
151396
151399
151406
151436
151465
151467
151471
151483
151498
151501
151528
151531
151541
151557
151583
151610
151616
151661
151683
151691
151695
151702
151766
151812
151824
151888
151915
151939
151984
152025
152035
152046
152071
152085
152165
152175
152242
152273
152290
152356
152410
152421
152435
152470
152523
152526
152584
152655
152675
152678
152680
152695
152699
152722
152740
152751
152792
152808
152828
152840
152976
152980
153034
153064
153073
153105
153154
153174
153219
153250
153261
153537
153543
153595
153608
153616
153689
153699
153714
153730
153846
153894
153915
153958
153970
154001
154027
154051
154083
154101
154344
154373
154388
154416
154418
154495
154520
154528
154543
154545
154659
154670
154733
154789
154807
154817
154870
154889
154915
154916
154939
154940
154950
154971
155001
155009
155053
155068
155084
155108
155116
155177
155245
155317
155335
155386
155423
155447
155537
155552
155577
155602
155649
155680
155694
155707
155778
155805
155864
155898
155900
155948
155953
155979
156024
156071
156087
156105
156124
156224
156269
156354
156404
156417
156421
156423
156534
156584
156641
156658
156689
156690
156732
156734
156763
156802
156824
156835
156864
156931
156999
157030
157076
157144
157202
157241
157262
157264
157300
157303
157339
157340
157390
157464
157466
157472
157519
157535
157537
157546
157637
157698
157719
157727
157764
157769
157799
157881
157887
157903
157987
157999
158003
158023
158030
158035
158078
158104
158113
158130
158144
158154
158196
158269
158281
158292
158365
158371
158410
158474
158556
158560
158572
158595
158622
158648
158719
158729
158738
158788
158800
158859
158873
158881
158905
158921
158923
158975
159075
159082
159148
159235
159241
159273
159336
159342
159349
159405
159418
159419
159422
159530
159559
159595
159602
159658
159687
159714
159726
159728
159781
159802
159804
159883
159899
159954
159961
160003
160011
160023
160029
160044
160070
160145
160165
160184
160195
160232
160295
160397
160398
160416
160459
160505
160525
160546
160621
160627
160687
160752
160798
160828
160830
160836
160843
160861
160892
160921
160943
160963
161004
161021
161022
161032
161102
161103
161168
161176
161188
161189
161213
161217
161248
161257
161277
161296
161305
161321
161345
161359
161365
161375
161376
161398
161406
161412
161434
161462
161491
161505
161535
161566
161582
161593
161622
161703
161734
161759
161762
161819
161836
161861
161862
161993
162018
162025
162035
162089
162096
162098
162119
162144
162164
162306
162314
162344
162426
162429
162438
162465
162498
162554
162559
162574
162599
162629
162668
162725
162742
162792
162809
162828
162838
162873
162874
162937
162952
163021
163040
163051
163059
163063
163125
163138
163169
163298
163325
163360
163505
163507
163531
163538
163563
163653
163742
163758
163816
163892
163896
163912
163921
163959
163961
163978
163988
164017
164040
164115
164136
164143
164148
164159
164168
164199
164223
164270
164277
164305
164358
164413
164438
164443
164475
164640
164646
164660
164661
164705
164710
164731
164761
164792
164808
164832
164851
164964
165001
165018
165079
165106
165125
165180
165240
165257
165389
165417
165420
165440
165441
165473
165511
165574
165601
165609
165615
165616
165632
165708
165740
165743
165749
165776
165781
165860
165880
165929
165934
165938
165974
166017
166047
166087
166097
166102
166113
166182
166187
166210
166229
166273
166274
166283
166331
166347
166389
166397
166423
166427
166430
166433
166437
166483
166530
166558
166635
166671
166739
166798
166867
166905
166915
166945
166949
166954
167026
167057
167133
167144
167237
167251
167255
167281
167303
167311
167313
167326
167435
167479
167492
167577
167620
167691
167774
167786
167804
167811
167857
167873
167976
168020
168043
168135
168192
168252
168285
168293
168296
168300
168315
168344
168348
168366
168404
168429
168432
168490
168499
168590
168597
168647
168665
168667
168675
168697
168742
168821
168940
169063
169102
169118
169158
169171
169182
169253
169288
169308
169311
169334
169349
169399
169430
169433
169436
169450
169472
169476
169515
169547
169571
169583
169615
169621
169657
169729
169793
169796
169846
169864
169867
169873
169890
169914
169955
170038
170050
170060
170061
170129
170173
170174
170178
170183
170189
170202
170232
170248
170267
170388
170403
170427
170481
170501
170595
170599
170648
170702
170717
170718
170744
170757
170758
170761
170892
170904
171023
171131
171173
171182
171229
171248
171256
171267
171315
171360
171364
171387
171405
171419
171448
171469
171488
171489
171516
171577
171588
171603
171665
171669
171760
171790
171828
171880
171892
171947
171981
172129
172168
172189
172225
172264
172267
172294
172308
172478
172491
172567
172581
172584
172706
172708
172711
172715
172720
172796
172818
172953
172985
172988
173010
173041
173108
173142
173209
173243
173268
173294
173300
173339
173358
173427
173446
173472
173516
173521
173534
173536
173546
173564
173586
173644
173654
173665
173694
173700
173791
173812
173885
174009
174047
174138
174149
174208
174213
174248
174270
174280
174340
174343
174346
174375
174445
174465
174467
174524
174539
174590
174595
174618
174640
174674
174675
174684
174696
174784
174868
174877
174912
174921
174982
174997
175047
175094
175109
175131
175139
175146
175158
175222
175262
175284
175296
175305
175334
175420
175437
175478
175488
175527
175533
175562
175580
175623
175642
175651
175681
175682
175704
175712
175713
175756
175797
175825
175852
175866
175871
175879
175882
175883
175917
175919
175952
176030
176127
176188
176212
176245
176256
176270
176293
176294
176359
176383
176393
176418
176421
176430
176439
176607
176638
176668
176715
176730
176736
176761
176782
176805
176818
176858
176873
176882
176886
176916
177004
177070
177076
177153
177183
177212
177213
177215
177295
177309
177310
177328
177368
177381
177491
177492
177555
177603
177635
177650
177654
177661
177666
177694
177732
177735
177738
177740
177770
177795
177892
177904
177935
177938
178016
178035
178049
178107
178144
178150
178236
178241
178242
178275
178288
178293
178313
178370
178383
178407
178454
178460
178492
178505
178516
178521
178551
178586
178618
178619
178641
178739
178839
178888
178902
178910
178925
178950
179053
179151
179174
179212
179213
179229
179239
179242
179342
179371
179402
179416
179418
179422
179445
179533
179534
179535
179537
179591
179680
179683
179691
179726
179754
179759
179768
179772
179777
179796
179814
179823
179824
179909
179964
179977
180143
180144
180194
180196
180252
180291
180365
180372
180384
180476
180533
180551
180578
180689
180693
180700
180745
180788
180790
180817
180856
180892
180916
180917
180983
181112
181113
181137
181140
181158
181223
181260
181310
181347
181361
181380
181394
181449
181577
181632
181637
181658
181670
181719
181720
181730
181798
181833
181893
181903
181905
181913
182013
182035
182048
182120
182138
182195
182196
182224
182286
182300
182312
182330
182333
182383
182396
182428
182486
182494
182507
182514
182531
182546
182592
182628
182641
182654
182695
182698
182718
182727
182728
182739
182750
182782
182801
182820
182843
182912
182914
182943
182983
183013
183026
183029
183173
183194
183243
183263
183312
183383
183391
183395
183397
183416
183503
183515
183516
183520
183587
183628
183629
183663
183722
183777
183782
183806
183816
183851
183893
184010
184016
184033
184077
184114
184117
184141
184153
184176
184235
184238
184266
184269
184271
184275
184358
184390
184416
184452
184461
184472
184479
184486
184513
184584
184644
184645
184656
184686
184747
184801
184803
184808
184856
184911
184951
184963
184986
185031
185033
185053
185071
185106
185114
185131
185180
185246
185310
185314
185332
185365
185375
185398
185410
185411
185556
185559
185584
185601
185605
185655
185671
185866
185867
185869
185870
185879
185885
185894
185921
185924
185927
185933
185954
185966
186032
186047
186158
186161
186177
186187
186231
186238
186260
186262
186271
186310
186320
186333
186371
186397
186410
186412
186414
186421
186430
186476
186485
186492
186529
186530
186544
186579
186618
186651
186659
186679
186685
186724
186727
186739
186804
186910
186966
187077
187195
187199
187207
187246
187249
187291
187301
187310
187360
187372
187491
187498
187551
187570
187581
187687
187689
187806
187845
187856
187893
187908
188005
188015
188026
188047
188054
188055
188073
188075
188103
188126
188148
188159
188162
188179
188192
188249
188251
188275
188281
188289
188315
188341
188369
188399
188402
188452
188476
188479
188485
188497
188518
188558
188598
188648
188668
188738
188742
188765
188785
188794
188839
188854
188880
188965
189010
189026
189028
189034
189035
189056
189071
189093
189102
189148
189154
189173
189198
189221
189236
189347
189361
189427
189452
189479
189566
189569
189616
189617
189623
189625
189630
189667
189756
189776
189794
189798
190015
190042
190082
190138
190148
190149
190150
190177
190226
190293
190295
190309
190355
190374
190414
190437
190446
190462
190493
190520
190626
190627
190637
190673
190692
190713
190745
190768
190804
190918
190936
190955
190990
190995
191006
191047
191074
191125
191146
191166
191206
191237
191241
191262
191297
191314
191319
191363
191371
191399
191411
191470
191472
191490
191519
191561
191665
191687
191746
191771
191792
191797
191939
192073
192089
192106
192115
192128
192131
192215
192229
192256
192378
192380
192406
192431
192556
192580
192623
192788
192801
192804
192808
192826
192883
192892
192984
193053
193084
193102
193161
193165
193189
193210
193229
193326
193350
193397
193412
193414
193423
193498
193530
193555
193558
193568
193580
193678
193681
193685
193741
193744
193767
193769
193810
193818
193846
193848
193858
193860
193866
193917
193968
193983
194003
194070
194071
194095
194121
194125
194171
194184
194235
194252
194272
194275
194349
194371
194388
194458
194461
194462
194470
194504
194508
194514
194524
194538
194585
194624
194676
194680
194753
194936
195000
195012
195016
195026
195035
195112
195256
195289
195302
195305
195312
195319
195329
195366
195381
195395
195402
195482
195547
195565
195608
195674
195719
195746
195774
195793
195800
195831
195896
195897
195898
195925
195931
195950
195966
196033
196040
196044
196060
196070
196075
196077
196117
196157
196177
196230
196296
196311
196325
196343
196371
196372
196404
196418
196444
196452
196466
196479
196494
196499
196517
196534
196554
196572
196586
196639
196660
196689
196695
196878
196895
196904
196940
196941
196970
196993
197030
197041
197047
197055
197107
197111
197131
197136
197143
197147
197169
197194
197208
197269
197312
197368
197372
197375
197434
197471
197504
197514
197517
197518
197522
197613
197628
197650
197660
197663
197667
197693
197720
197724
197737
197766
197767
197862
197868
197912
197918
197927
197938
197984
198018
198032
198058
198073
198088
198093
198119
198163
198183
198196
198203
198215
198218
198280
198322
198372
198445
198478
198479
198494
198510
198523
198582
198658
198703
198900
198908
198926
198956
198979
199011
199053
199134
199150
199155
199244
199254
199292
199327
199417
199434
199448
199501
199575
199611
199630
199652
199658
199716
199735
199750
199784
199833
199837
199882
199935
199983
199995
200030
200094
200185
200193
200230
200232
200327
200406
200442
200444
200455
200458
200516
200528
200581
200626
200635
200655
200666
200689
200718
200794
200808
200820
200833
200863
200870
200875
200957
200989
201022
201070
201159
201176
201192
201233
201372
201439
201479
201511
201573
201583
201624
201678
201714
201731
201807
201808
201853
201862
201863
201876
201927
201955
201956
201976
202055
202083
202131
202137
202146
202200
202220
202232
202394
202460
202579
202585
202594
202641
202662
202663
202709
202731
202791
202822
202902
202939
202970
203028
203034
203055
203084
203090
203153
203166
203234
203236
203287
203314
203355
203395
203398
203405
203409
203469
203546
203554
203588
203599
203638
203661
203791
203813
203857
203866
203895
203902
203933
203955
203982
204018
204049
204059
204075
204115
204143
204152
204244
204254
204275
204281
204286
204294
204324
204338
204429
204468
204469
204473
204643
204722
204751
204768
204779
204810
204833
204836
204842
204897
204909
204914
204954
204966
204977
204987
205019
205110
205127
205147
205181
205187
205210
205249
205387
205397
205447
205481
205483
205486
205500
205544
205617
205632
205635
205663
205670
205703
205789
205824
205883
205899
205910
205935
205943
205960
205999
206010
206020
206041
206059
206098
206127
206129
206157
206170
206178
206227
206253
206262
206289
206320
206338
206371
206637
206698
206780
206800
206850
206862
206863
206879
206884
206887
206927
206986
207077
207085
207131
207142
207205
207213
207256
207263
207284
207315
207347
207362
207410
207411
207445
207456
207458
207474
207475
207511
207557
207569
207608
207616
207629
207648
207666
207669
207704
207722
207755
207803
207875
207928
207949
207958
207967
208002
208039
208053
208080
208089
208194
208199
208290
208296
208336
208381
208404
208416
208435
208458
208487
208545
208555
208579
208583
208600
208604
208614
208615
208619
208647
208665
208676
208694
208711
208741
208828
208888
208951
208965
208970
209049
209050
209080
209084
209089
209090
209098
209121
209135
209139
209150
209186
209188
209195
209198
209233
209264
209275
209303
209338
209351
209370
209391
209393
209422
209430
209443
209450
209466
209490
209501
209509
209519
209535
209544
209575
209577
209580
209694
209753
209797
209808
209809
209857
209890
209899
210011
210013
210036
210073
210106
210110
210151
210153
210180
210225
210354
210369
210398
210420
210423
210456
210459
210516
210543
210594
210749
210762
210797
210847
210876
210884
210910
210923
210965
210972
211012
211037
211054
211066
211105
211116
211130
211179
211184
211185
211200
211217
211226
211240
211249
211271
211272
211301
211324
211329
211366
211388
211392
211411
211441
211457
211478
211489
211644
211687
211690
211713
211729
211745
211752
211769
211775
211786
211798
211833
211849
211863
211884
211902
212046
212047
212050
212054
212092
212099
212132
212155
212168
212172
212182
212254
212290
212317
212334
212340
212357
212391
212392
212421
212431
212440
212481
212486
212523
212542
212595
212643
212648
212658
212673
212679
212697
212771
212814
212847
212888
212900
212907
212994
213006
213024
213062
213082
213097
213106
213108
213117
213130
213142
213145
213171
213196
213243
213280
213296
213390
213427
213478
213523
213572
213574
213576
213656
213694
213695
213758
213764
213772
213818
213918
213938
213978
213998
214147
214150
214165
214203
214212
214233
214248
214277
214291
214451
214465
214495
214496
214546
214608
214635
214652
214658
214659
214661
214664
214666
214678
214750
214797
214815
214859
214860
214861
214915
214921
214934
215012
215029
215042
215076
215082
215318
215427
215455
215467
215538
215590
215666
215721
215753
215797
215804
215907
215996
216087
216093
216185
216218
216243
216247
216251
216303
216337
216363
216370
216412
216438
216477
216478
216490
216565
216647
216696
216705
216717
216725
216817
216859
216882
216888
216922
216928
216932
216973
216976
217019
217036
217052
217100
217177
217198
217329
217336
217358
217362
217363
217374
217382
217423
217482
217494
217543
217628
217629
217683
217688
217692
217699
217705
217720
217728
217756
217781
217812
217884
217973
217992
218015
218025
218040
218063
218108
218132
218142
218208
218233
218236
218272
218282
218314
218349
218355
218363
218413
218433
218467
218558
218660
218664
218680
218689
218755
218767
218806
218809
218833
218838
218862
218901
218937
218938
218940
218949
218985
218995
219006
219007
219010
219044
219075
219082
219104
219207
219211
219236
219238
219241
219257
219268
219270
219294
219309
219359
219385
219387
219427
219452
219511
219525
219545
219572
219580
219607
219621
219701
219702
219786
219799
219829
219880
219957
219982
220016
220022
220069
220104
220116
220122
220149
220151
220198
220200
220250
220265
220281
220287
220290
220374
220397
220423
220427
220458
220479
220502
220575
220600
220613
220617
220633
220654
220704
220730
220731
220773
220804
220862
220877
220878
220883
220921
220939
220953
220964
220969
220992
220996
220999
221076
221092
221093
221111
221137
221161
221193
221231
221333
221335
221384
221388
221395
221424
221461
221463
221506
221514
221553
221706
221748
221752
221766
221771
221782
221791
221803
221912
221918
221941
221956
221962
221984
222005
222025
222082
222117
222160
222229
222233
222288
222298
222300
222346
222378
222443
222515
222525
222575
222589
222604
222650
222703
222736
222781
222842
222865
222877
222889
222894
222895
222901
222956
222963
223043
223075
223123
223132
223139
223141
223158
223256
223285
223316
223351
223379
223386
223400
223433
223435
223487
223490
223496
223504
223612
223623
223631
223675
223699
223723
223818
223838
223843
223863
223890
223920
223927
223929
223944
223955
223990
223999
224066
224116
224177
224185
224263
224283
224286
224302
224311
224364
224391
224403
224424
224475
224590
224594
224607
224752
224759
224852
224884
224893
224975
225012
225110
225123
225178
225223
225289
225345
225352
225355
225397
225422
225433
225462
225493
225515
225532
225566
225590
225626
225671
225733
225759
225776
225795
225806
225853
225914
225923
225958
225982
226039
226065
226081
226187
226190
226202
226255
226267
226275
226282
226290
226385
226502
226579
226581
226605
226616
226701
226735
226791
226839
226878
226917
226933
226968
226996
227049
227059
227076
227082
227093
227094
227097
227120
227125
227136
227177
227251
227265
227319
227330
227378
227380
227475
227518
227524
227584
227588
227632
227654
227736
227742
227747
227749
227764
227774
227787
227820
227832
227854
227869
227900
227915
228014
228028
228036
228040
228113
228132
228134
228138
228201
228206
228210
228258
228293
228299
228351
228358
228380
228386
228397
228453
228494
228525
228548
228560
228572
228607
228614
228619
228623
228651
228675
228681
228733
228741
228804
228865
228883
228904
228947
229017
229046
229073
229085
229117
229124
229183
229221
229252
229281
229283
229314
229343
229428
229429
229435
229493
229498
229563
229576
229618
229679
229683
229694
229710
229723
229727
229833
229847
229886
229917
229988
230019
230037
230044
230053
230101
230110
230123
230157
230190
230228
230239
230253
230284
230294
230306
230320
230379
230400
230459
230474
230508
230513
230539
230607
230622
230643
230666
230695
230708
230781
230797
230808
230856
230865
230877
230879
230910
230914
230925
230933
230937
230946
231008
231073
231080
231083
231084
231101
231103
231112
231125
231130
231193
231202
231283
231307
231328
231345
231346
231432
231454
231460
231655
231684
231716
231760
231830
231835
231870
231882
231884
231908
231955
231980
232005
232169
232177
232185
232223
232251
232257
232315
232331
232333
232334
232382
232384
232479
232500
232554
232667
232697
232703
232716
232809
232860
232880
232934
232941
232984
233015
233058
233087
233095
233210
233221
233254
233323
233333
233347
233351
233382
233439
233444
233464
233590
233609
233616
233623
233637
233679
233695
233724
233729
233757
233774
233796
233907
233920
233922
233937
233945
233950
233955
233972
233993
234064
234082
234087
234115
234159
234193
234222
234271
234272
234296
234313
234323
234362
234387
234405
234493
234520
234541
234564
234687
234688
234721
234734
234769
234793
234880
235005
235080
235088
235095
235102
235169
235223
235245
235260
235320
235334
235341
235355
235370
235391
235395
235401
235440
235455
235488
235492
235527
235545
235561
235577
235594
235602
235639
235645
235648
235740
235768
235802
235836
235921
235923
235928
235957
236032
236033
236040
236061
236082
236147
236160
236169
236181
236212
236213
236222
236250
236257
236261
236262
236269
236270
236319
236377
236443
236456
236468
236470
236577
236602
236612
236633
236664
236666
236747
236776
236779
236811
236819
236851
236870
236897
236906
236925
236938
236940
236944
237017
237022
237037
237052
237161
237211
237248
237257
237272
237279
237284
237324
237394
237417
237468
237472
237630
237638
237693
237694
237746
237785
237807
237818
237827
237951
237959
237962
237976
237988
238052
238091
238127
238129
238145
238196
238209
238237
238240
238317
238328
238353
238370
238388
238415
238432
238504
238526
238549
238565
238584
238619
238620
238637
238704
238716
238727
238754
238773
238777
238803
238824
238933
238979
238992
238998
239159
239174
239209
239218
239240
239252
239327
239339
239378
239380
239427
239477
239482
239517
239556
239574
239622
239682
239707
239709
239716
239750
239751
239755
239790
239795
239805
239818
239824
239856
239879
240022
240098
240099
240109
240169
240175
240180
240225
240227
240282
240284
240291
240293
240297
240353
240431
240438
240495
240527
240572
240647
240837
240893
240915
240983
240989
241037
241041
241080
241113
241174
241185
241194
241220
241269
241276
241323
241357
241402
241413
241415
241445
241477
241489
241501
241517
241519
241526
241581
241585
241603
241619
241681
241708
241748
241789
241794
241804
241882
241886
241946
241979
242013
242047
242061
242087
242094
242095
242120
242121
242179
242270
242288
242391
242399
242423
242429
242438
242447
242524
242549
242571
242577
242597
242618
242629
242635
242645
242683
242698
242739
242741
242776
242792
242842
242924
242970
242978
243017
243034
243048
243114
243237
243240
243268
243273
243279
243369
243380
243418
243450
243461
243468
243498
243501
243528
243567
243576
243618
243637
243649
243676
243715
243776
243784
243842
243878
243897
243900
243902
243910
243932
243995
244019
244064
244081
244088
244139
244147
244155
244199
244229
244240
244244
244249
244265
244277
244411
244445
244475
244537
244585
244607
244634
244643
244651
244730
244752
244760
244813
244822
244875
244896
244937
244978
245064
245114
245158
245168
245184
245203
245246
245308
245371
245395
245440
245447
245455
245527
245532
245582
245625
245665
245712
245714
245728
245753
245760
245887
245966
246007
246022
246026
246102
246122
246155
246213
246234
246254
246286
246290
246298
246324
246342
246395
246411
246419
246426
246433
246474
246477
246556
246600
246631
246682
246733
246823
246912
246943
246980
247001
247005
247021
247049
247050
247158
247173
247191
247244
247245
247250
247264
247315
247347
247350
247460
247466
247483
247599
247604
247606
247687
247732
247769
247771
247791
247801
247815
247846
247864
247873
247876
247883
247894
247922
247958
247962
247966
247998
248014
248058
248065
248103
248186
248202
248234
248239
248252
248253
248284
248298
248324
248330
248360
248373
248392
248404
248406
248409
248414
248458
248481
248486
248498
248556
248578
248611
248623
248640
248651
248655
248679
248731
248770
248795
248819
248828
248847
248889
248899
248905
248915
248921
248988
249013
249036
249039
249104
249123
249148
249150
249279
249285
249313
249510
249550
249555
249583
249603
249622
249637
249655
249668
249672
249674
249757
249798
249858
249895
249944
249979
250013
250026
250062
250080
250084
250112
250161
250255
250313
250352
250402
250447
250505
250509
250549
250612
250615
250640
250661
250662
250708
250720
250762
250772
250808
250810
250847
250878
250886
250891
250900
250962
251028
251032
251078
251097
251102
251107
251111
251203
251216
251228
251239
251262
251269
251279
251315
251338
251350
251365
251456
251472
251474
251475
251571
251604
251606
251669
251703
251716
251733
251745
251764
251821
251879
251889
251965
252000
252007
252050
252074
252204
252208
252215
252267
252311
252344
252384
252390
252443
252449
252451
252476
252492
252544
252550
252560
252599
252653
252654
252664
252667
252708
252720
252730
252748
252752
252753
252757
252768
252811
252823
252851
252879
252951
252958
253009
253044
253051
253087
253118
253126
253166
253170
253252
253313
253335
253356
253417
253422
253466
253493
253534
253551
253614
253616
253620
253639
253663
253711
253757
253820
253823
253864
253865
253875
253921
253946
253953
253990
254010
254048
254057
254068
254072
254094
254145
254150
254177
254247
254293
254330
254403
254425
254442
254443
254458
254485
254558
254700
254706
254708
254724
254815
254818
254856
254866
254884
254887
254888
254896
254903
254960
254975
255064
255124
255130
255164
255171
255185
255194
255221
255243
255273
255314
255318
255334
255338
255364
255366
255398
255412
255433
255468
255598
255746
255779
255785
255791
255820
255871
255894
255895
255917
255918
255934
255955
255996
256033
256042
256062
256174
256218
256225
256226
256240
256256
256298
256313
256315
256324
256343
256355
256358
256361
256363
256365
256388
256458
256491
256526
256562
256599
256657
256659
256667
256709
256726
256741
256788
256801
256808
256839
256850
256859
256860
256871
256902
257056
257141
257147
257148
257203
257262
257297
257309
257316
257331
257373
257377
257421
257435
257468
257483
257494
257560
257585
257603
257606
257617
257629
257668
257677
257679
257686
257696
257724
257732
257810
257850
257879
257888
257900
257924
257980
257996
257997
258029
258045
258088
258111
258112
258131
258135
258150
258161
258167
258173
258181
258224
258225
258262
258271
258277
258305
258318
258319
258330
258350
258368
258397
258408
258453
258454
258513
258545
258563
258569
258583
258628
258665
258690
258691
258695
258711
258721
258746
258752
258775
258813
258876
258893
258936
258954
259018
259036
259100
259166
259180
259193
259242
259248
259269
259286
259333
259349
259391
259394
259422
259423
259429
259430
259451
259464
259507
259592
259594
259657
259676
259696
259752
259775
259811
259858
259864
259943
259952
259972
259986
259995
260060
260070
260084
260146
260189
260190
260191
260212
260245
260273
260292
260305
260306
260310
260327
260331
260350
260377
260417
260430
260437
260462
260466
260476
260484
260508
260546
260554
260567
260574
260589
260625
260629
260636
260701
260714
260722
260741
260748
260773
260826
260878
260940
261004
261104
261107
261118
261121
261149
261163
261199
261214
261274
261279
261366
261405
261416
261422
261478
261505
261518
261525
261527
261546
261581
261679
261701
261768
261788
261834
261843
261845
261856
261874
261885
261941
261957
261958
261997
262000
262003
262023
262026
262029
262054
262228
262232
262246
262266
262275
262293
262345
262373
262483
262557
262635
262673
262700
262743
262772
262820
262824
262857
262942
262967
262969
262973
263010
263033
263046
263079
263110
263144
263189
263226
263267
263283
263290
263307
263330
263344
263346
263360
263374
263394
263476
263496
263502
263531
263583
263622
263684
263688
263692
263701
263715
263727
263728
263876
263880
263897
263899
263919
263929
263995
263997
264072
264083
264085
264098
264169
264174
264175
264176
264182
264203
264204
264205
264220
264227
264244
264251
264257
264270
264277
264287
264312
264366
264409
264458
264476
264564
264579
264614
264616
264648
264651
264664
264752
264763
264800
264844
264850
264872
264895
264938
264942
264944
264956
264976
264980
265019
265041
265057
265076
265105
265234
265243
265252
265305
265347
265353
265364
265373
265419
265437
265536
265543
265673
265708
265803
265825
265883
265902
265907
265952
265964
265983
266021
266038
266073
266083
266095
266116
266136
266146
266156
266184
266199
266220
266229
266302
266327
266376
266501
266509
266560
266667
266669
266674
266677
266690
266730
266734
266742
266767
266809
266862
266870
266893
266896
266920
266939
266980
267055
267083
267089
267090
267111
267144
267285
267315
267318
267332
267360
267385
267389
267398
267404
267419
267462
267501
267510
267523
267594
267596
267620
267713
267721
267749
267772
267792
267803
267831
267832
267838
267843
267844
267852
267992
268016
268018
268045
268046
268069
268096
268105
268114
268147
268197
268202
268245
268251
268279
268324
268338
268394
268441
268476
268518
268565
268628
268705
268714
268757
268802
268809
268829
268835
268853
268877
268880
268946
268984
268994
268999
269002
269006
269012
269048
269067
269145
269147
269154
269168
269191
269192
269204
269249
269276
269286
269337
269382
269389
269400
269420
269422
269430
269468
269484
269534
269561
269607
269622
269624
269627
269633
269661
269700
269802
269840
269872
269888
269889
269914
269917
269953
269955
269984
269986
270000
270080
270082
270172
270211
270245
270303
270324
270331
270397
270402
270416
270422
270474
270529
270564
270574
270575
270599
270604
270659
270678
270686
270698
270724
270827
270882
270884
270921
270954
270955
270956
270996
271023
271057
271087
271122
271133
271134
271176
271192
271205
271270
271281
271298
271330
271342
271370
271382
271448
271461
271476
271492
271557
271654
271664
271674
271688
271774
271808
271815
271827
271844
271853
271857
271881
271933
271978
272008
272012
272024
272068
272094
272121
272144
272149
272172
272200
272213
272297
272299
272310
272323
272353
272406
272412
272428
272484
272486
272510
272511
272513
272515
272591
272612
272616
272627
272631
272655
272718
272727
272728
272735
272758
272759
272804
272811
272826
272829
272845
272896
272901
272906
272920
272926
272930
272940
272995
273019
273039
273075
273115
273136
273201
273204
273216
273257
273270
273324
273352
273361
273420
273442
273520
273526
273585
273663
273664
273686
273692
273785
273789
273852
273877
273886
273951
274079
274102
274132
274160
274168
274220
274224
274240
274242
274249
274322
274331
274338
274391
274409
274436
274457
274487
274496
274508
274520
274556
274579
274603
274608
274620
274673
274677
274688
274705
274712
274721
274728
274753
274800
274815
274967
274988
274997
275017
275038
275042
275071
275115
275124
275141
275174
275199
275208
275222
275252
275263
275282
275290
275308
275323
275334
275379
275433
275509
275518
275534
275691
275695
275728
275740
275746
275775
275778
275789
275896
275948
275957
276018
276036
276042
276047
276057
276070
276086
276096
276099
276190
276202
276206
276208
276214
276240
276279
276304
276324
276374
276400
276416
276422
276428
276461
276511
276530
276536
276568
276681
276705
276768
276771
276773
276858
276933
276967
277021
277070
277078
277116
277119
277162
277199
277211
277237
277243
277249
277254
277280
277283
277312
277360
277369
277375
277387
277398
277420
277422
277554
277559
277606
277655
277658
277700
277709
277714
277720
277737
277745
277759
277778
277953
277957
277987
278008
278013
278035
278056
278060
278086
278138
278154
278157
278164
278183
278238
278253
278283
278326
278403
278410
278416
278421
278493
278524
278546
278621
278633
278639
