30
119
130
297
391
577
657
811
1201
1393
1423
1595
1720
1748
1828
2286
2302
2328
2432
2483
2717
2868
2980
3102
3279
3407
3526
3616
3676
3975
4013
4095
4099
4175
4221
4731
4891
5042
5131
5133
5146
5153
5181
5263
5684
5766
5936
5963
6019
6262
6453
6479
6689
6722
6806
6821
6863
6980
6989
7141
7271
7338
7361
7372
7455
7613
7614
7640
7715
7801
8114
8171
8260
8419
8492
8551
8558
8598
8747
8774
8941
9092
9163
9242
9291
9411
9590
9836
10206
10288
10312
10351
10406
10418
10667
11283
11359
11394
11471
11525
11668
11733
11906
12091
12106
12303
12415
12492
12578
12580
12619
12676
12734
12757
12783
12796
12825
12855
13034
13040
13183
13240
13463
13482
13677
13797
13939
13984
14043
14056
14079
14182
14187
14209
14240
14367
14370
14380
14438
14569
14577
14583
14773
14907
15043
15187
15260
15460
15621
15642
15671
15742
15803
15967
16021
16042
16195
16463
16502
16610
16615
16800
17024
17123
17196
17785
17899
18246
18265
18723
18812
18816
18905
18906
19017
19125
19236
19242
19428
19487
19599
19632
19701
19877
19998
20131
20244
20270
20468
20583
20613
20811
21468
21941
21950
21954
22001
22212
22352
22450
22636
22675
22793
22848
22977
22978
22992
23173
23366
23598
23856
24020
24033
24203
24485
24515
24595
24644
24706
24784
24905
24907
25236
25241
25255
25349
25401
25511
25548
25642
26394
26494
26506
26586
26589
26976
27022
27165
27354
27543
27964
28055
28113
28149
28224
28318
28467
28502
28540
28559
28652
28685
28863
29154
29213
29547
29559
29631
29766
29798
29815
29844
29864
29916
29970
29993
30121
30123
30255
30256
30280
30629
30831
30840
30919
31075
31140
31339
31352
31399
31414
31538
31628
31708
31878
31923
32005
32092
32102
32131
32134
32299
32365
32386
32463
33018
33023
33237
33265
33274
33337
33378
33476
33649
33820
33954
34029
34167
34193
34290
34413
34762
34784
34856
35124
35144
35249
35839
36100
36203
36216
36255
36289
36488
36519
36714
36746
36776
36962
37036
37072
37182
37490
37561
37586
37906
37979
38016
38223
38377
38453
38579
38863
38927
39076
39112
39471
39552
39556
39982
40081
40240
40304
40521
40705
41003
41080
41164
41222
41373
41700
41803
42196
42419
42441
42671
42897
42930
43025
43035
43074
43254
43339
43364
43396
43728
43767
44300
44374
44625
44704
44705
44734
44768
44923
44937
44992
45220
45265
45271
45734
45804
45815
46113
46345
46368
46376
46518
46540
46559
46586
46731
46833
46941
47004
47109
47225
47245
47273
47310
47321
47483
47551
47618
47667
47721
47765
47769
47799
48086
48154
48541
48690
48968
48969
49012
49083
49090
49092
49575
49661
49881
49964
50115
50270
50432
50529
50532
50721
50735
50745
50823
50888
51030
51193
51249
51333
51701
51799
51837
51848
52135
52241
52295
52373
52376
52415
52438
52444
52490
52577
52737
53259
53304
53323
53823
54204
54257
54296
54308
54314
54539
54637
54730
54840
54903
55252
55290
55391
55412
55497
55548
55647
55657
55992
56083
56240
56360
56382
56490
56491
56906
56981
57192
57267
57463
57693
57757
57819
57835
57917
58386
58563
58649
58683
58782
58834
58981
59146
59257
59545
59689
59755
59865
59869
60020
60082
60090
60134
60141
60189
60202
60898
61023
61205
61218
61225
61408
61440
61732
61860
61862
61983
62081
62153
62314
62400
62504
62552
62608
62650
62675
62715
62911
63031
63222
63288
63863
63893
63931
63962
64001
64025
64285
64443
64511
64574
64659
64740
64815
64845
64935
65172
65286
65327
65508
65798
65818
65956
65961
66061
66460
66568
66703
66711
66725
67233
67377
67465
67633
67637
67930
68072
68113
68130
68196
68300
68697
68820
69085
69113
69320
69418
69426
69470
69666
69732
69795
69931
69984
69994
70197
70497
70666
70866
70896
71039
71055
71147
71228
71414
71835
71906
72115
72243
72268
72334
72379
72409
72490
72967
73116
73974
74103
74219
74375
74459
74677
74690
75041
75375
75590
75603
75643
75693
75935
76010
76272
76292
76306
76364
76404
76480
76605
76889
76988
77030
77072
77221
77353
77386
77387
77783
77953
78003
78108
78264
78390
78538
78989
79005
79124
79128
79266
79304
79728
79751
79887
80187
80230
80276
80451
80671
80862
81161
81194
81250
81287
81358
81620
81639
81788
81928
82077
82245
82301
82305
82388
82408
82467
82545
82649
82679
82936
82948
83071
83225
83226
83246
83407
83586
83809
83811
83869
84145
84261
84451
84473
84491
84510
84542
84863
84867
85006
85117
85124
85379
85589
85624
85667
85945
85958
85983
86060
86130
86151
86193
86350
86578
86702
86721
86845
86885
87027
87065
87151
87188
87329
87716
87760
88033
88217
88224
88379
88462
88659
88700
88920
89035
89058
89079
89201
89323
89575
89584
89732
89759
89986
90173
90315
90836
91275
91290
91351
91356
91415
91422
91805
91874
92022
92111
92353
92366
92397
92608
92803
92804
92973
93072
93076
93162
93201
93336
93377
93764
93799
93865
94065
94132
94190
94446
94461
94481
94573
94891
95056
95158
95233
95351
95549
95566
95580
95656
96228
96578
96618
96679
96725
96745
96817
97358
97518
97598
97611
97645
97663
97705
97765
97916
97920
97996
98107
98116
98176
98244
98447
98476
98545
98551
98554
98680
98687
99021
99243
99253
99255
99298
99356
99657
99861
99932
100189
100251
100620
100662
100668
100701
100861
100926
101279
101292
101386
101519
101571
101753
101886
101947
102302
102312
102427
102429
102461
102604
102631
102910
102965
103081
103168
103214
103248
103280
103383
103436
103525
103595
103628
103669
103673
103783
104055
104171
104185
104224
104322
104331
104449
104642
104679
104691
104756
104801
105064
105244
105375
105630
105744
105746
106166
106245
106382
106496
106590
106633
106776
106830
107034
107274
107299
107485
107519
107567
107588
107612
107959
108167
108360
108465
108723
108785
109307
109399
109427
109552
109564
109802
109919
110271
110396
110584
110658
111172
111190
111232
111511
111519
111536
111610
111621
111775
112015
112114
112137
112142
112250
112456
112468
112479
112609
112866
112910
112996
113093
113160
113427
113520
113629
113753
113915
113979
114202
114213
114645
114655
114747
114802
115121
115170
115247
115286
115364
115739
115896
115956
116025
116468
116526
116625
117085
117087
117184
117218
117263
117272
117320
117346
117364
117407
117612
117901
118467
118634
118682
118752
118773
118783
118857
119033
119372
119438
119613
119782
120055
120115
120130
120230
120311
120315
120465
120544
120849
120957
120961
120999
121052
121111
121186
121355
121802
121810
121836
122051
122269
122290
122301
122361
122454
122681
122741
122933
123294
123427
123495
123593
123686
123744
124180
124204
124450
124533
124733
124856
124948
125042
125173
125493
125586
125741
126216
126249
126271
126280
126339
126438
127094
127255
127261
127352
127396
127475
127570
127580
127827
127908
128124
128310
128353
128355
128429
128487
128611
128817
128829
128894
128943
129077
129159
129292
129346
129422
129577
129621
130083
130254
130287
130408
130418
130562
130608
130716
130825
130888
131169
131292
131330
132070
132205
132786
132788
132813
132958
133044
133202
133370
133459
133466
133585
133620
133892
133967
134200
134376
134461
134666
134781
134807
134877
134984
135216
135379
135441
135472
135516
135624
135867
135885
136141
136148
136154
136283
136411
136491
136510
136790
136903
136924
137051
137071
137137
137247
137257
137269
137309
137317
137401
137454
137658
137736
137781
138002
138046
138157
138187
138451
138455
138529
138556
138603
138695
138891
138953
139004
139157
139218
139406
139492
139507
139553
139756
139775
140023
140055
140144
140988
141197
141235
141265
141357
141562
141663
141871
141965
141972
141991
142251
142277
142415
142594
142715
142716
142717
142738
142802
142902
142977
143064
143167
143485
143742
143872
144562
144674
144688
144888
144914
145064
145111
145155
145160
145170
145179
145258
145415
145736
145887
146165
146223
146303
146374
146499
146835
147219
147293
147656
147679
147726
147738
147747
147970
148065
148281
148349
148392
148495
148596
148689
148740
148806
148855
149074
149264
149420
149442
149672
149929
150072
150134
150162
150275
150332
150648
150683
150766
150893
151008
151035
151335
151451
151513
151564
151658
151758
151915
152493
152659
152695
152740
152893
153105
153131
153143
153217
153323
153342
153537
153616
153698
153714
153725
153986
153990
154101
154173
154244
154464
154613
154708
154842
155048
155053
155084
155095
155177
155351
155423
155834
156024
156206
156269
156285
156423
156653
156689
156763
157152
157300
157399
157402
157466
157537
157733
157831
157898
157929
158052
158130
158141
158154
158269
158783
158804
158846
158975
159019
159228
159273
159360
159418
159556
159899
160029
160241
160501
160621
160740
160868
161030
161176
161213
161239
161405
161524
161534
161598
161652
161664
161770
161802
161905
162061
162096
162164
162278
162387
162438
162668
162725
162742
163010
163040
163059
163074
163466
163486
163563
163752
163898
163965
163978
164199
164214
164234
164289
164314
164509
164577
164640
164652
164690
164707
164733
164808
164910
165245
165702
165948
166025
166145
166210
166275
166331
166384
166546
166581
167237
167255
167281
167479
167810
167850
167924
167944
168169
168429
168481
168499
168895
168919
169003
169012
169102
169191
169250
169308
169316
169320
169427
169450
169544
169719
170061
170093
170215
170345
170549
170568
170671
170874
171154
171267
171300
171665
171669
171959
172012
172154
172393
172701
172706
172708
172719
172807
172910
173462
173644
174134
174175
174195
174265
174419
174539
174595
174675
174718
175018
175334
175629
175651
175803
175913
176030
176188
176256
176362
176400
176424
176607
176988
177064
177181
177183
177388
177442
177645
177662
177707
177770
177890
178011
178107
178175
178205
178287
178467
178478
178680
178739
178892
179179
179229
179680
179777
179961
180383
180405
181050
181238
181337
181341
181419
181508
181610
181615
181632
181944
181985
182080
182084
182209
182333
182336
182585
182628
182745
182807
183016
183111
183222
183254
183489
183515
183520
183827
183973
184033
184176
184235
184419
184513
185031
185053
185310
185313
185442
185559
185923
186047
186165
186249
186386
186500
186536
186591
186604
186953
186958
187080
187181
187310
187335
187451
187510
187551
187890
187911
188075
188080
188103
188234
188475
188982
188997
189035
189109
189242
189365
189440
189442
189479
189980
190145
190150
190218
190258
190309
190374
190460
190543
190565
190627
190667
190716
190891
191053
191399
191563
191805
191946
192093
192120
192315
192351
192402
192445
192658
192690
192728
192733
192906
193102
193161
193189
193229
193355
193412
193535
193603
193917
193983
194038
194071
194102
194130
194529
195016
195187
195217
195225
195323
195482
195688
195702
195931
195950
196001
196240
196242
196272
196304
196371
196473
196572
196621
196760
196858
196878
196895
197147
197161
197226
197375
197384
197404
197408
197411
197504
197529
197602
197613
197673
197718
197763
197898
198369
198466
198474
198503
198697
198889
199095
199448
199510
199609
199735
200115
200375
200677
200701
201057
201073
201446
201606
201716
201789
201841
201853
201854
201931
202191
202249
202678
202843
202970
203281
203301
203398
203414
203417
203446
203540
203644
203933
204049
204059
204299
204419
204594
204679
204800
204836
204877
204889
204963
205172
205317
205339
205676
205703
205780
205921
206015
206129
206150
206193
206235
206339
206464
206584
206774
206780
206862
206912
206976
207085
207140
207216
207279
207325
207349
207525
207638
207666
207705
207829
207880
207949
208188
208311
208604
208676
208692
209080
209098
209106
209121
209296
209526
209592
209801
209811
209984
210041
210106
210110
210127
210136
210180
210184
211237
211441
211542
211584
211736
211850
211872
211967
212092
212440
212477
212516
212582
212625
212855
212892
212900
212987
213052
213142
213181
213424
213471
213547
213589
213656
213694
213753
213864
213998
214212
214248
214451
214454
214704
214825
215076
215274
215475
215792
215804
215830
215912
216048
216216
216251
216337
216417
216735
216875
216922
216963
216966
217049
217080
217259
217362
217363
217396
217482
217557
217607
217723
217785
217911
217962
218001
218005
218018
218185
218482
218669
218720
218755
218756
218856
218884
218885
219021
219036
219195
219227
219813
219943
220080
220441
220473
220847
220877
220954
220992
221006
221174
221221
221229
221254
221288
221311
221425
221471
221594
221918
222184
222288
222319
222384
222504
222676
222816
222963
223000
223296
223345
223421
223431
223515
223604
223675
223779
223782
223978
224051
224357
224475
224557
224614
224931
224985
225177
225184
225383
225546
225566
225795
225814
225923
226077
226275
226328
226458
226903
226918
227125
227136
227193
227353
227524
227532
227552
227666
227921
227969
228113
228328
228340
228526
228561
228733
228784
228970
228988
229073
229075
229269
229345
229473
229563
229618
230018
230260
230359
230379
230383
230507
230624
230650
230774
230914
231073
231325
231482
231655
231700
231884
232027
232087
232313
232500
232867
233351
233464
233623
233763
233785
233819
233837
234096
234687
235064
235346
235355
235366
235369
235370
235455
235986
236033
236564
236612
236661
236666
236845
236950
237017
237059
237158
237413
237827
238075
238454
238568
238579
238716
238773
238982
239059
239211
239513
239528
239539
239671
239751
240009
240158
240225
240426
240431
240458
240479
240985
241008
241051
241070
241077
241137
241206
241257
241488
241862
241893
241924
241980
242047
242596
243799
243842
243900
243902
244072
244173
244229
244286
244517
244573
244585
244704
244760
244863
245000
245033
245081
245089
245104
245114
245136
245459
245609
245722
245839
246051
246221
246254
246298
246610
246906
246994
247227
247328
247506
247718
247740
247771
248278
248360
248440
248582
248891
249039
249063
249208
249423
249615
249618
249668
249801
249946
250026
250265
250313
250397
250413
250646
250740
250886
250973
251001
251053
251086
251107
251228
251260
251277
251296
251357
251472
251571
251615
251646
251925
252000
252023
252332
252548
252554
252605
252745
253013
253118
253136
253313
253594
253596
254048
254330
254355
254400
254407
254456
254518
254708
254815
254849
254884
254887
254889
254915
254948
254973
254975
255124
255349
255417
255433
255466
255474
255557
255577
255868
255885
255904
255911
256313
256363
256686
256808
256943
256995
257056
257154
257494
257517
257629
257647
257668
257746
257770
257818
257890
257997
258031
258088
258325
258545
258605
258691
258695
258813
259036
259191
259269
259420
259579
259691
259825
260118
260178
260245
260246
260306
260365
260372
260540
260679
260845
261070
261107
261118
261123
261197
261214
261957
262023
262228
262248
262377
262396
262467
262657
262658
262740
262857
262920
262961
263000
263142
263189
263452
263476
263502
263561
263583
263795
263919
263928
263995
264094
264137
264182
264185
264227
264244
264277
264354
264414
264604
264683
264844
264861
265194
265243
265297
265353
265386
265644
265723
265900
265903
266234
266345
266366
266674
266728
266729
267076
267231
267374
267596
267796
267826
267980
268041
268096
268117
268198
268202
268316
268565
268639
268770
269099
269168
269192
269215
269291
269377
269539
269607
269703
269733
269840
269952
270211
270240
270299
270398
270544
270565
270574
270588
270695
270907
270948
271247
271364
271466
271575
271586
271664
271679
271797
271798
271872
271907
271933
272012
272055
272138
272390
272423
272820
272848
272938
272998
273696
273875
273877
274240
274261
274308
274322
274588
274608
274688
274705
274815
274833
274913
274944
274948
274991
275115
275252
275272
275298
275308
275333
275487
275522
275842
275926
276022
276061
276607
276616
276763
277237
277272
277378
277556
277618
277670
277700
278156
278166
278326
278416
278444
278524
278585
