6
34
41
89
101
107
120
128
221
256
260
270
273
286
298
302
417
427
428
436
447
459
488
513
523
657
677
710
731
774
790
811
847
875
878
879
926
928
945
947
988
1057
1116
1122
1136
1183
1185
1192
1201
1205
1238
1239
1260
1263
1317
1318
1328
1343
1344
1349
1351
1374
1393
1397
1398
1402
1411
1423
1427
1430
1438
1446
1462
1472
1505
1509
1550
1558
1570
1595
1608
1643
1668
1687
1700
1708
1720
1728
1742
1770
1771
1797
1820
1828
1831
1837
1847
1850
1870
1877
1895
1904
1911
1929
1949
2010
2086
2099
2136
2140
2141
2146
2188
2194
2206
2207
2231
2235
2267
2275
2286
2295
2356
2362
2375
2388
2393
2432
2454
2458
2463
2483
2502
2505
2506
2518
2620
2648
2679
2680
2713
2727
2740
2756
2785
2806
2818
2845
2865
2868
2898
2909
2913
2914
2941
2952
2986
2987
2989
2992
2996
2997
3041
3050
3077
3112
3123
3189
3251
3279
3357
3407
3426
3455
3469
3481
3494
3549
3559
3560
3564
3579
3614
3616
3617
3630
3643
3646
3661
3666
3669
3689
3690
3695
3725
3745
3781
3782
3789
3803
3848
3868
3952
3956
4022
4049
4053
4064
4065
4088
4115
4182
4189
4210
4211
4221
4252
4301
4313
4339
4372
4380
4381
4402
4417
4425
4461
4488
4510
4511
4531
4539
4540
4569
4597
4600
4605
4609
4620
4621
4637
4644
4731
4734
4741
4744
4775
4848
4869
4883
4891
4911
4925
5002
5047
5119
5131
5133
5135
5147
5153
5168
5216
5241
5298
5393
5396
5398
5432
5449
5528
5573
5579
5614
5631
5635
5672
5677
5684
5743
5766
5777
5789
5827
5831
5845
5849
5881
5908
5922
5930
5950
5956
5960
5963
5979
5995
6014
6031
6039
6138
6173
6186
6197
6211
6213
6244
6273
6288
6292
6306
6348
6349
6363
6380
6413
6451
6453
6479
6483
6484
6488
6506
6518
6532
6537
6595
6607
6637
6659
6663
6664
6683
6684
6705
6722
6832
6833
6849
6863
6872
6875
6893
6914
6931
6964
6973
6980
6989
6995
7018
7091
7117
7132
7180
7221
7225
7271
7275
7298
7321
7323
7361
7362
7383
7384
7395
7417
7431
7442
7467
7480
7483
7487
7488
7520
7578
7583
7605
7639
7640
7665
7677
7689
7717
7733
7746
7757
7801
7892
7984
8044
8090
8123
8151
8171
8172
8192
8197
8198
8199
8205
8213
8214
8241
8317
8319
8322
8355
8398
8409
8415
8444
8447
8474
8479
8558
8559
8561
8576
8598
8599
8606
8619
8620
8667
8671
8672
8681
8688
8715
8740
8744
8807
8822
8860
8910
8935
8941
8943
8987
9016
9025
9039
9061
9123
9144
9163
9193
9242
9259
9314
9326
9342
9393
9405
9410
9411
9492
9493
9517
9526
9558
9568
9590
9598
9600
9619
9643
9654
9658
9688
9690
9700
9709
9722
9731
9733
9745
9771
9801
9814
9816
9828
9873
9955
9969
9994
9998
10005
10016
10058
10066
10075
10084
10097
10102
10116
10147
10169
10182
10188
10196
10206
10211
10214
10239
10245
10264
10293
10295
10314
10320
10326
10355
10406
10407
10418
10424
10438
10460
10467
10493
10508
10530
10542
10544
10550
10576
10592
10649
10655
10656
10682
10692
10703
10717
10746
10764
10767
10780
10825
10827
10895
10923
10936
10941
10948
10972
10977
10992
10994
11067
11098
11099
11122
11144
11232
11235
11250
11253
11267
11271
11272
11274
11277
11280
11307
11310
11322
11333
11335
11394
11417
11421
11434
11439
11471
11475
11501
11505
11530
11572
11587
11599
11610
11630
11668
11686
11699
11723
11733
11759
11776
11777
11779
11803
11815
11849
11893
11922
11959
11987
12006
12110
12113
12116
12129
12139
12156
12169
12172
12178
12180
12216
12246
12255
12303
12320
12345
12346
12357
12367
12415
12430
12482
12486
12498
12510
12540
12556
12563
12577
12585
12599
12609
12619
12632
12675
12676
12757
12766
12774
12786
12808
12825
12885
12902
12923
12924
12931
12958
12963
12979
12985
12992
12994
13034
13043
13131
13183
13215
13248
13263
13287
13293
13312
13350
13359
13373
13382
13384
13397
13447
13463
13470
13479
13481
13482
13508
13538
13666
13676
13702
13753
13778
13779
13833
13836
13921
13935
13939
13946
13948
13949
13959
13961
13988
13990
14000
14019
14028
14055
14077
14079
14107
14149
14179
14182
14187
14203
14209
14217
14218
14259
14283
14298
14335
14341
14367
14369
14399
14438
14448
14457
14479
14491
14550
14561
14575
14583
14635
14643
14660
14693
14708
14712
14728
14734
14749
14771
14773
14777
14797
14801
14804
14819
14821
14843
14867
14874
14928
14951
14965
14972
15025
15028
15042
15047
15054
15061
15069
15101
15158
15184
15186
15187
15226
15236
15245
15248
15260
15283
15287
15293
15304
15311
15324
15443
15460
15495
15500
15527
15560
15605
15632
15642
15645
15666
15669
15671
15694
15737
15764
15780
15816
15832
15837
15917
15931
15934
15943
15947
15957
15981
15983
16032
16046
16074
16131
16166
16195
16210
16233
16240
16265
16268
16287
16302
16306
16419
16420
16429
16432
16439
16530
16547
16561
16563
16593
16610
16612
16615
16628
16666
16669
16718
16741
16775
16800
16803
16874
16906
16930
16938
16952
16955
16960
16975
16981
17009
17071
17081
17088
17090
17122
17187
17213
17269
17286
17307
17336
17362
17394
17419
17425
17443
17465
17468
17476
17514
17533
17583
17594
17627
17641
17656
17699
17720
17741
17766
17774
17794
17797
17815
17823
17828
17863
17865
17867
17899
17905
17911
17953
17964
17980
17991
17996
18052
18081
18086
18104
18124
18125
18208
18216
18234
18246
18247
18297
18298
18336
18382
18400
18420
18431
18446
18455
18475
18483
18533
18574
18575
18579
18622
18677
18689
18723
18762
18801
18816
18842
18869
18901
18952
18957
18978
19014
19017
19024
19038
19048
19083
19094
19113
19149
19213
19221
19236
19242
19250
19277
19332
19360
19376
19397
19428
19429
19453
19457
19463
19464
19467
19495
19572
19603
19614
19639
19647
19648
19653
19692
19708
19730
19794
19821
19829
19835
19839
19859
19943
19952
19963
20002
20013
20034
20036
20070
20075
20081
20095
20109
20132
20145
20150
20166
20196
20212
20244
20248
20270
20318
20326
20333
20338
20383
20418
20451
20468
20471
20482
20485
20488
20500
20512
20542
20547
20564
20577
20578
20613
20617
20618
20675
20685
20686
20718
20755
20770
20802
20811
20819
20824
20830
20834
20871
20894
20899
20902
20916
20921
20944
20947
20952
20956
21064
21075
21098
21117
21184
21196
21210
21229
21262
21272
21309
21353
21364
21413
21448
21449
21467
21486
21490
21546
21598
21609
21662
21700
21717
21725
21733
21759
21801
21817
21859
21884
21960
21965
22026
22082
22100
22117
22135
22143
22255
22270
22272
22308
22333
22364
22367
22377
22380
22410
22443
22448
22484
22494
22514
22516
22536
22548
22563
22568
22569
22588
22599
22636
22643
22675
22696
22698
22714
22747
22760
22780
22782
22786
22793
22799
22807
22815
22827
22858
22883
22887
22899
22920
22958
22962
22966
22977
22981
22983
22984
22990
22992
22993
23012
23017
23020
23117
23121
23131
23142
23154
23177
23197
23234
23246
23256
23285
23286
23305
23310
23333
23334
23425
23455
23467
23470
23504
23538
23568
23574
23611
23622
23630
23682
23689
23692
23693
23706
23710
23713
23724
23745
23749
23768
23800
23803
23819
23896
23912
23947
23952
23956
23958
23970
23972
23979
24020
24030
24101
24111
24140
24184
24187
24198
24203
24213
24227
24237
24289
24368
24380
24382
24462
24477
24480
24485
24515
24535
24540
24570
24572
24590
24593
24597
24635
24644
24667
24669
24679
24689
24708
24736
24747
24758
24760
24784
24803
24847
24870
24919
24950
24961
24979
25011
25013
25138
25140
25141
25214
25219
25222
25228
25253
25283
25305
25320
25366
25380
25405
25415
25427
25431
25461
25478
25481
25488
25495
25511
25539
25546
25578
25582
25596
25611
25676
25686
25701
25751
25766
25776
25808
25810
25817
25856
25861
25867
25883
25915
25953
25955
25967
26017
26027
26039
26044
26100
26106
26129
26145
26177
26189
26241
26251
26253
26276
26295
26299
26322
26327
26332
26336
26345
26357
26370
26372
26390
26391
26398
26416
26421
26439
26465
26466
26490
26516
26528
26554
26582
26586
26588
26604
26644
26698
26705
26715
26741
26753
26759
26774
26788
26792
26843
26860
26879
26909
26943
26945
27012
27060
27071
27078
27085
27143
27145
27165
27173
27185
27218
27244
27263
27286
27294
27295
27306
27343
27383
27384
27417
27421
27422
27449
27460
27474
27494
27497
27513
27516
27539
27543
27613
27644
27687
27715
27719
27726
27727
27731
27761
27787
27801
27826
27838
27850
27853
27854
27858
27873
27874
27896
27904
27920
27936
27940
27964
27970
28017
28038
28061
28064
28065
28104
28105
28110
28140
28149
28203
28218
28227
28267
28306
28355
28392
28393
28407
28410
28418
28440
28445
28467
28510
28524
28540
28542
28561
28580
28597
28600
28665
28667
28676
28713
28720
28768
28817
28838
28850
28852
28862
28925
28970
28974
29019
29024
29070
29120
29135
29161
29208
29213
29254
29258
29260
29271
29284
29352
29389
29434
29435
29489
29547
29559
29593
29613
29631
29643
29675
29690
29724
29729
29763
29765
29766
29815
29831
29848
29877
29902
29966
29981
30026
30045
30054
30068
30095
30121
30125
30140
30174
30177
30201
30205
30255
30302
30326
30334
30360
30362
30438
30454
30456
30532
30594
30596
30673
30677
30683
30686
30706
30712
30725
30744
30763
30771
30803
30855
30879
30886
30890
30892
30908
30966
31054
31055
31075
31127
31177
31221
31240
31248
31306
31332
31338
31352
31360
31369
31406
31506
31508
31513
31515
31534
31549
31555
31569
31590
31597
31612
31628
31701
31717
31729
31738
31741
31759
31767
31777
31851
31865
31886
31887
31891
31923
31937
32024
32086
32102
32157
32163
32177
32180
32210
32220
32236
32237
32246
32257
32298
32312
32318
32328
32362
32365
32375
32386
32410
32415
32434
32435
32460
32461
32477
32483
32486
32490
32513
32525
32530
32534
32631
32652
32659
32674
32742
32752
32773
32789
32825
32842
32843
32852
32856
32859
32874
32889
32897
32939
32978
32986
32987
33006
33016
33018
33021
33023
33032
33060
33067
33080
33097
33118
33140
33150
33160
33165
33194
33241
33269
33271
33274
33289
33291
33308
33339
33349
33378
33394
33429
33432
33460
33522
33535
33544
33559
33601
33639
33643
33649
33670
33671
33680
33700
33701
33722
33723
33735
33739
33776
33778
33785
33831
33868
33880
33881
33887
33902
33904
33930
33950
33989
33992
34011
34020
34050
34117
34154
34167
34193
34201
34227
34255
34289
34290
34323
34324
34331
34335
34355
34361
34379
34414
34447
34481
34494
34507
34516
34565
34580
34606
34632
34652
34660
34715
34729
34737
34751
34799
34823
34824
34846
34848
34858
34863
34866
34903
34935
34939
34941
34965
35012
35016
35035
35045
35124
35143
35156
35175
35214
35246
35250
35270
35317
35340
35359
35376
35418
35428
35460
35477
35479
35542
35551
35557
35598
35604
35637
35659
35664
35697
35726
35753
35810
35819
35910
35943
35962
35983
36013
36039
36040
36045
36083
36092
36100
36110
36143
36178
36203
36244
36285
36291
36312
36319
36361
36365
36385
36387
36471
36484
36542
36543
36545
36554
36565
36567
36640
36666
36677
36693
36702
36705
36716
36743
36755
36776
36810
36818
36831
36857
36870
36879
37015
37036
37090
37111
37163
37176
37182
37197
37202
37205
37217
37222
37228
37240
37266
37277
37283
37345
37390
37442
37451
37476
37486
37506
37513
37520
37581
37647
37673
37703
37715
37730
37744
37747
37750
37767
37776
37824
37847
37897
37904
37910
37913
37946
37955
37968
38016
38027
38048
38066
38114
38153
38169
38180
38188
38198
38203
38204
38214
38246
38257
38258
38262
38292
38324
38361
38370
38377
38384
38431
38452
38475
38517
38525
38536
38579
38606
38659
38668
38706
38715
38792
38796
38813
38837
38849
38896
38973
38985
39031
39046
39052
39076
39112
39120
39129
39151
39157
39160
39180
39187
39196
39203
39223
39234
39239
39281
39297
39311
39326
39327
39345
39397
39402
39421
39450
39470
39471
39474
39490
39506
39514
39527
39536
39549
39552
39556
39561
39568
39599
39642
39658
39667
39671
39688
39700
39763
39782
39836
39841
39863
39896
39915
39950
39963
39973
39976
39982
40034
40054
40076
40125
40148
40156
40157
40177
40182
40214
40219
40240
40292
40303
40311
40337
40354
40357
40360
40366
40370
40410
40421
40444
40445
40476
40506
40530
40534
40601
40608
40625
40637
40659
40660
40661
40690
40781
40802
40824
40839
40861
40873
40886
40898
40936
40944
40949
40967
40968
40974
40987
41003
41044
41105
41122
41200
41209
41233
41246
41275
41297
41338
41341
41342
41403
41408
41416
41420
41455
41468
41473
41491
41511
41513
41524
41590
41595
41653
41654
41660
41676
41696
41700
41709
41759
41771
41802
41895
41959
41960
42002
42032
42074
42102
42173
42201
42209
42261
42263
42295
42324
42341
42346
42367
42390
42400
42419
42431
42441
42450
42476
42504
42538
42547
42559
42562
42569
42627
42629
42633
42638
42657
42671
42695
42722
42724
42741
42742
42765
42780
42781
42807
42826
42832
42835
42902
42915
42917
42962
42989
43017
43020
43025
43044
43082
43136
43243
43254
43273
43275
43282
43321
43330
43349
43353
43364
43384
43389
43409
43447
43458
43464
43509
43515
43529
43530
43536
43538
43573
43587
43632
43647
43653
43656
43666
43667
43693
43710
43711
43728
43810
43825
43830
43832
43841
43857
43874
43901
43917
43941
43946
44034
44058
44059
44061
44066
44111
44142
44145
44193
44250
44251
44283
44284
44300
44306
44324
44371
44374
44376
44395
44414
44419
44422
44517
44562
44570
44593
44611
44625
44644
44661
44682
44705
44714
44715
44768
44769
44820
44832
44853
44874
44875
44878
44892
44897
44950
45011
45032
45089
45112
45142
45145
45155
45189
45194
45198
45222
45249
45265
45416
45462
45466
45473
45511
45524
45563
45593
45612
45664
45685
45687
45700
45734
45745
45746
45781
45792
45795
45815
45865
45912
45917
45937
46008
46048
46107
46112
46113
46183
46204
46222
46226
46269
46307
46309
46314
46348
46355
46367
46430
46446
46447
46448
46457
46483
46505
46507
46509
46540
46559
46570
46591
46619
46643
46658
46731
46756
46821
46831
46833
46836
46839
46860
46874
46877
46878
46902
46912
46961
46997
47004
47005
47072
47090
47109
47127
47198
47220
47233
47244
47273
47335
47379
47381
47403
47414
47483
47503
47518
47546
47551
47560
47583
47607
47618
47653
47656
47663
47691
47714
47729
47737
47765
47769
47790
47799
47835
47839
47843
47882
47889
47902
47918
47932
47950
47957
47977
47996
48025
48090
48135
48143
48154
48173
48223
48234
48262
48310
48359
48369
48436
48480
48543
48569
48651
48654
48663
48682
48688
48689
48738
48744
48746
48770
48774
48840
48849
48890
48892
48897
48918
48933
48968
48969
48990
49003
49049
49058
49083
49112
49123
49192
49195
49208
49238
49298
49329
49392
49397
49448
49500
49525
49530
49538
49543
49575
49590
49629
49636
49694
49701
49753
49816
49822
49844
49846
49850
49851
49861
49888
49904
49925
49961
49970
49977
50043
50045
50068
50102
50185
50240
50254
50270
50307
50310
50315
50349
50364
50398
50404
50426
50432
50446
50485
50496
50532
50556
50569
50596
50631
50651
50674
50676
50702
50708
50718
50725
50729
50745
50787
50823
50829
50850
50857
50869
50881
50899
50902
50918
50925
50934
50941
50945
50991
51032
51046
51059
51068
51076
51081
51147
51152
51161
51201
51206
51208
51223
51263
51303
51333
51340
51396
51397
51438
51553
51555
51561
51563
51571
51578
51607
51608
51609
51623
51634
51647
51701
51711
51761
51796
51836
51849
51859
51917
51967
51971
52043
52083
52093
52096
52099
52129
52135
52157
52162
52241
52295
52306
52319
52345
52376
52430
52439
52444
52469
52482
52490
52502
52530
52570
52571
52616
52628
52639
52646
52662
52698
52706
52755
52767
52797
52851
52853
52866
52871
52880
52897
52915
52931
52961
52972
52985
52986
53015
53108
53112
53129
53130
53163
53208
53231
53261
53272
53279
53294
53313
53323
53334
53338
53356
53359
53397
53407
53432
53435
53443
53452
53455
53465
53484
53497
53526
53528
53582
53588
53608
53615
53617
53625
53635
53642
53643
53655
53658
53670
53680
53681
53688
53713
53714
53723
53741
53746
53824
53837
53840
53860
54008
54011
54046
54052
54076
54082
54141
54188
54231
54243
54267
54280
54308
54314
54355
54394
54406
54407
54408
54413
54475
54485
54498
54506
54519
54521
54536
54537
54610
54629
54657
54705
54718
54730
54736
54769
54772
54787
54793
54815
54817
54840
54869
54880
54926
54960
54995
54996
55032
55055
55064
55065
55068
55072
55126
55143
55176
55216
55218
55235
55238
55265
55281
55290
55320
55355
55363
55391
55393
55397
55416
55424
55436
55446
55459
55467
55503
55539
55559
55577
55578
55594
55650
55657
55666
55682
55703
55732
55757
55762
55791
55793
55827
55853
55882
55899
55964
55992
56061
56074
56146
56149
56163
56200
56213
56233
56234
56239
56240
56250
56286
56288
56295
56309
56324
56343
56382
56384
56387
56388
56389
56412
56489
56498
56501
56519
56522
56524
56538
56568
56606
56616
56640
56696
56802
56809
56812
56823
56826
56836
56854
56857
56913
56916
56929
56939
56943
56946
56956
56962
56971
56991
57010
57034
57048
57069
57075
57102
57116
57169
57180
57214
57282
57295
57305
57310
57337
57354
57422
57426
57448
57486
57530
57531
57552
57567
57591
57617
57628
57657
57664
57693
57702
57719
57751
57765
57798
57799
57884
57917
57933
57957
57972
58041
58127
58231
58237
58268
58278
58287
58298
58313
58344
58409
58421
58454
58493
58555
58607
58657
58713
58752
58782
58787
58818
58834
58879
58890
58908
58970
58995
59042
59055
59058
59067
59125
59144
59146
59184
59204
59239
59257
59267
59286
59333
59359
59369
59375
59416
59433
59443
59445
59555
59576
59608
59623
59644
59669
59670
59675
59690
59703
59728
59745
59767
59771
59779
59820
59856
59934
59947
59968
59993
60000
60017
60024
60029
60035
60050
60055
60082
60113
60119
60127
60134
60141
60180
60202
60219
60227
60242
60297
60298
60340
60368
60373
60377
60381
60397
60401
60408
60426
60439
60462
60466
60502
60516
60523
60575
60643
60657
60672
60674
60676
60678
60704
60726
60728
60761
60763
60778
60779
60800
60807
60823
60864
60888
60950
60984
60987
60998
61023
61043
61076
61130
61144
61222
61224
61258
61325
61327
61366
61381
61408
61412
61437
61442
61447
61469
61487
61510
61522
61539
61551
61567
61571
61626
61638
61647
61648
61673
61676
61683
61698
61712
61722
61728
61743
61777
61782
61792
61823
61851
61857
61867
61875
61901
61903
61928
61944
61948
61963
62048
62064
62139
62147
62173
62201
62234
62270
62282
62286
62291
62293
62307
62321
62346
62366
62446
62455
62459
62460
62481
62484
62504
62552
62555
62567
62581
62585
62589
62627
62636
62644
62654
62659
62675
62677
62689
62702
62709
62710
62731
62744
62761
62772
62799
62800
62813
62837
62857
62859
62937
62946
62973
62981
62989
63009
63018
63031
63034
63070
63077
63089
63090
63108
63188
63199
63200
63226
63262
63268
63277
63288
63307
63314
63342
63349
63350
63397
63398
63401
63405
63417
63483
63500
63504
63515
63518
63536
63538
63547
63645
63648
63662
63676
63684
63712
63714
63731
63746
63749
63761
63771
63809
63819
63847
63859
63863
63877
63904
63922
63931
63981
63984
63985
63995
64001
64039
64126
64191
64267
64294
64315
64386
64418
64433
64443
64452
64454
64479
64484
64488
64491
64494
64506
64522
64534
64559
64561
64573
64576
64586
64639
64651
64659
64686
64780
64788
64826
64857
64880
64881
64907
64912
64921
64935
64943
64956
64967
64999
65001
65008
65014
65051
65062
65070
65078
65142
65182
65188
65253
65275
65281
65286
65298
65316
65327
65340
65390
65400
65430
65440
65442
65458
65468
65481
65508
65519
65559
65563
65575
65622
65632
65634
65666
65727
65734
65798
65818
65846
65854
65870
65877
65927
65956
65968
65989
65998
66010
66034
66047
66074
66075
66109
66110
66111
66118
66137
66175
66239
66240
66303
66350
66432
66441
66453
66489
66517
66581
66591
66621
66636
66649
66654
66655
66711
66735
66762
66827
66860
66915
66943
67029
67032
67033
67044
67049
67093
67101
67106
67168
67171
67188
67225
67237
67252
67263
67269
67277
67280
67332
67335
67362
67499
67539
67540
67557
67572
67594
67604
67625
67633
67634
67658
67665
67694
67779
67796
67813
67816
67828
67846
67864
67880
67895
67919
67921
67941
67954
67971
67972
67974
67979
67992
67993
68043
68048
68060
68072
68142
68162
68179
68202
68220
68278
68291
68298
68300
68321
68349
68390
68424
68454
68489
68490
68511
68599
68608
68621
68687
68697
68700
68714
68723
68724
68730
68799
68815
68841
68906
68953
68989
68996
69019
69050
69063
69081
69085
69088
69099
69113
69116
69121
69139
69146
69161
69167
69172
69188
69215
69217
69219
69236
69238
69264
69269
69273
69288
69290
69299
69320
69338
69365
69375
69376
69410
69418
69435
69492
69495
69511
69646
69654
69663
69671
69679
69746
69763
69777
69799
69816
69827
69846
69888
69904
69940
69959
69971
69994
70007
70033
70042
70052
70067
70079
70104
70124
70131
70136
70149
70161
70169
70197
70273
70312
70348
70355
70366
70416
70417
70432
70468
70469
70487
70501
70567
70595
70600
70609
70626
70636
70684
70686
70689
70700
70720
70754
70771
70777
70784
70881
70882
70907
70912
70917
70937
70951
70984
71024
71048
71050
71147
71197
71199
71202
71209
71216
71219
71223
71235
71242
71250
71329
71412
71414
71425
71440
71508
71515
71538
71543
71547
71563
71590
71595
71633
71680
71684
71718
71725
71747
71771
71806
71862
71869
71891
71893
71904
71906
71938
72058
72069
72101
72126
72141
72206
72208
72243
72265
72322
72379
72387
72407
72409
72411
72436
72506
72517
72527
72539
72563
72609
72631
72632
72638
72648
72665
72674
72679
72736
72742
72748
72770
72803
72875
72903
72967
72979
72980
73021
73026
73048
73060
73070
73087
73104
73117
73145
73184
73219
73245
73257
73272
73284
73332
73341
73377
73378
73389
73407
73408
73421
73449
73485
73486
73487
73518
73553
73569
73666
73676
73724
73727
73754
73758
73777
73787
73798
73804
73821
73831
73843
73854
73857
73871
73881
73884
73890
73893
73911
73945
73974
73975
74050
74065
74105
74118
74135
74153
74163
74171
74200
74209
74286
74317
74350
74364
74375
74377
74388
74402
74411
74428
74438
74444
74459
74498
74557
74571
74582
74586
74588
74649
74695
74703
74750
74756
74788
74814
74829
74892
74933
74938
74972
74980
74981
74995
75008
75013
75023
75088
75091
75096
75098
75160
75178
75180
75197
75199
75225
75247
75311
75374
75381
75402
75423
75474
75505
75521
75523
75534
75552
75555
75564
75571
75574
75575
75621
75654
75659
75673
75693
75722
75740
75790
75792
75801
75806
75853
75860
75915
75930
75941
75959
75960
75979
75991
76024
76078
76100
76103
76115
76166
76171
76186
76233
76259
76260
76330
76351
76364
76404
76483
76496
76500
76507
76605
76606
76669
76680
76688
76735
76748
76813
76866
76902
76919
76926
76941
76953
77002
77072
77075
77108
77118
77133
77188
77192
77216
77217
77220
77221
77233
77345
77382
77394
77419
77431
77493
77531
77558
77566
77596
77600
77617
77655
77679
77705
77717
77726
77727
77756
77783
77793
77826
77854
77876
77888
77986
78003
78083
78115
78120
78123
78149
78157
78164
78182
78184
78194
78210
78256
78264
78270
78276
78302
78304
78330
78338
78352
78371
78390
78409
78415
78442
78445
78504
78514
78603
78612
78614
78628
78639
78697
78713
78715
78749
78805
78838
78889
78896
78918
78949
78965
78973
78977
78981
78982
78989
79044
79053
79065
79084
79087
79122
79125
79144
79151
79159
79200
79214
79239
79277
79309
79316
79321
79333
79373
79381
79388
79417
79420
79431
79448
79469
79473
79474
79515
79539
79565
79604
79607
79631
79751
79760
79811
79824
79840
79910
79969
79978
79990
79995
79997
80006
80022
80044
80070
80088
80098
80113
80134
80143
80178
80230
80234
80237
80264
80276
80360
80371
80386
80395
80408
80427
80441
80447
80458
80464
80569
80584
80683
80685
80686
80782
80798
80818
80843
80855
80867
80885
80896
80926
80942
80955
81000
81013
81023
81032
81050
81055
81158
81160
81165
81186
81239
81275
81287
81289
81300
81325
81350
81354
81355
81394
81400
81408
81421
81436
81444
81450
81482
81495
81510
81512
81516
81520
81533
81561
81630
81647
81659
81679
81705
81753
81788
81861
81879
81883
81885
81896
81915
81955
82028
82034
82037
82077
82083
82101
82144
82338
82356
82400
82408
82414
82421
82431
82457
82472
82491
82545
82547
82560
82571
82633
82636
82649
82705
82716
82723
82730
82733
82759
82776
82814
82817
82831
82908
82918
82934
82973
83077
83105
83163
83225
83226
83227
83234
83343
83346
83381
83444
83449
83453
83456
83461
83553
83577
83586
83612
83703
83722
83732
83739
83743
83767
83809
83811
83885
83893
83914
83931
84007
84017
84026
84043
84060
84078
84145
84206
84214
84237
84254
84262
84278
84290
84334
84370
84416
84451
84473
84480
84491
84497
84510
84609
84633
84642
84676
84682
84759
84795
84796
84798
84818
84828
84867
84874
84936
84939
84958
84988
85005
85083
85087
85092
85101
85117
85152
85201
85242
85266
85286
85289
85302
85355
85499
85512
85522
85565
85586
85601
85604
85644
85664
85672
85715
85729
85740
85746
85831
85866
85945
85951
85959
85979
86006
86060
86102
86125
86144
86172
86180
86193
86225
86232
86241
86250
86278
86282
86333
86363
86370
86410
86541
86548
86618
86620
86629
86654
86663
86685
86697
86713
86714
86721
86773
86788
86802
86836
86885
86890
86895
86922
86949
86953
86976
87001
87012
87027
87042
87067
87069
87083
87090
87106
87195
87261
87299
87307
87343
87356
87365
87447
87449
87538
87622
87642
87658
87722
87730
87735
87760
87769
87784
87785
87804
87812
87829
87837
87839
87847
87869
87884
87928
88014
88026
88031
88033
88056
88085
88086
88159
88173
88208
88224
88228
88274
88275
88298
88300
88354
88360
88379
88389
88404
88449
88462
88491
88506
88516
88539
88573
88581
88609
88624
88711
88713
88732
88751
88753
88814
88818
88825
88837
88843
88861
88872
88883
88885
88889
88896
88926
88940
88954
88985
89004
89034
89088
89132
89135
89149
89193
89200
89222
89275
89278
89293
89297
89331
89358
89389
89427
89531
89605
89634
89637
89641
89659
89667
89686
89702
89703
89719
89746
89756
89759
89765
89878
89894
89906
89914
89923
89940
89986
90020
90021
90026
90040
90079
90104
90112
90119
90143
90186
90201
90240
90310
90418
90423
90472
90501
90542
90574
90603
90705
90720
90725
90778
90779
90795
90822
90856
90891
90900
90903
90912
90916
90928
90957
90984
91032
91067
91077
91121
91139
91158
91161
91189
91197
91202
91222
91249
91264
91269
91278
91290
91309
91369
91413
91415
91444
91499
91505
91516
91565
91677
91716
91719
91746
91771
91826
91887
91910
91926
91932
92016
92020
92030
92037
92046
92066
92071
92072
92073
92077
92081
92084
92101
92111
92134
92135
92158
92164
92182
92220
92229
92232
92234
92280
92287
92309
92314
92329
92353
92364
92366
92386
92392
92425
92435
92440
92471
92474
92501
92502
92521
92536
92544
92562
92589
92590
92599
92606
92608
92629
92632
92649
92730
92735
92761
92765
92772
92779
92797
92834
92894
92898
92911
92953
92989
93000
93013
93137
93162
93166
93175
93194
93204
93214
93225
93235
93244
93290
93325
93333
93363
93385
93412
93426
93451
93453
93460
93470
93480
93486
93529
93537
93544
93547
93569
93573
93575
93600
93612
93614
93641
93680
93686
93689
93764
93794
93803
93845
93847
93851
93855
93996
94005
94025
94036
94043
94051
94080
94089
94155
94174
94178
94190
94273
94286
94298
94321
94325
94332
94370
94393
94461
94481
94496
94532
94536
94537
94544
94570
94591
94633
94668
94709
94751
94770
94823
94862
94875
94878
94885
94909
94928
94954
94988
95025
95043
95058
95086
95100
95104
95138
95143
95158
95164
95172
95201
95230
95242
95249
95270
95292
95300
95309
95342
95362
95370
95411
95437
95442
95444
95484
95529
95549
95580
95668
95686
95722
95723
95724
95739
95775
95805
95863
95891
95902
95907
96064
96072
96084
96318
96407
96444
96490
96510
96543
96556
96560
96578
96618
96627
96679
96703
96727
96745
96759
96773
96802
96817
96833
96839
96978
97009
97028
97038
97075
97079
97094
97126
97161
97200
97229
97245
97255
97324
97365
97373
97467
97504
97518
97524
97531
97577
97578
97595
97598
97599
97602
97611
97622
97629
97642
97650
97672
97705
97710
97723
97732
97774
97775
97826
97920
97929
97935
97996
98001
98051
98098
98105
98107
98116
98152
98153
98175
98191
98227
98230
98246
98282
98303
98310
98359
98389
98405
98429
98447
98460
98465
98518
98519
98551
98565
98602
98612
98628
98656
98674
98703
98747
98778
98784
98785
98791
98795
98796
98807
98833
98939
98960
98994
99033
99084
99129
99136
99146
99153
99175
99189
99232
99253
99263
99271
99298
99301
99315
99323
99337
99338
99340
99342
99347
99353
99368
99374
99400
99455
99469
99491
99532
99546
99578
99617
99640
99646
99648
99654
99682
99712
99718
99745
99766
99784
99792
99794
99810
99836
99846
99848
99960
99966
99975
100001
100007
100040
100043
100058
100067
100094
100112
100121
100125
100174
100184
100189
100191
100199
100222
100242
100335
100390
100439
100453
100454
100456
100463
100466
100467
100473
100482
100486
100499
100538
100548
100558
100568
100579
100581
100605
100633
100658
100662
100721
100724
100735
100736
100756
100764
100772
100776
100798
100825
100852
100853
100858
100861
100862
100938
100947
100999
101009
101014
101020
101021
101031
101071
101099
101127
101138
101215
101236
101250
101255
101265
101283
101305
101323
101324
101356
101406
101419
101421
101423
101452
101473
101476
101481
101492
101514
101571
101574
101616
101665
101681
101729
101797
101861
101883
101895
101920
101935
101944
101947
101951
101955
101962
101970
101992
102001
102006
102007
102048
102051
102058
102084
102147
102183
102194
102197
102206
102247
102251
102289
102302
102316
102349
102367
102385
102418
102427
102434
102445
102455
102456
102461
102463
102468
102508
102517
102526
102536
102550
102556
102560
102604
102633
102650
102665
102667
102672
102718
102728
102738
102766
102773
102785
102802
102803
102844
102873
102917
102949
102961
102965
103050
103081
103085
103114
103133
103149
103173
103189
103212
103214
103222
103262
103319
103353
103404
103436
103437
103454
103503
103525
103571
103600
103628
103669
103680
103688
103763
103790
103867
103881
103884
103898
103904
103909
103928
104039
104055
104064
104157
104171
104185
104193
104200
104246
104260
104293
104307
104407
104443
104449
104469
104496
104499
104503
104523
104538
104600
104642
104655
104674
104690
104695
104756
104786
104801
104845
104859
104903
104908
104969
104973
104991
104996
105006
105048
105052
105074
105080
105083
105099
105176
105180
105184
105189
105281
105304
105316
105321
105361
105375
105394
105430
105526
105545
105563
105606
105630
105677
105710
105714
105744
105758
105783
105828
105831
105843
105898
105900
105912
105934
105936
105943
106004
106013
106018
106029
106066
106128
106167
106185
106191
106223
106241
106245
106249
106257
106272
106274
106336
106345
106357
106361
106378
106382
106472
106476
106503
106553
106574
106590
106653
106656
106667
106674
106720
106724
106727
106765
106816
106830
106896
106915
106923
106955
106965
106983
107022
107027
107047
107077
107113
107121
107129
107135
107150
107159
107180
107234
107269
107299
107315
107320
107339
107342
107364
107368
107428
107442
107463
107485
107493
107513
107515
107519
107559
107574
107577
107579
107581
107588
107635
107695
107699
107708
107858
107888
107901
107902
107954
107990
108000
108032
108062
108072
108076
108100
108124
108128
108235
108244
108311
108331
108349
108366
108418
108445
108465
108516
108517
108520
108535
108580
108587
108591
108637
108652
108655
108678
108694
108711
108717
108740
108761
108804
108810
108854
108888
108910
109016
109018
109027
109035
109048
109051
109061
109064
109070
109136
109137
109246
109278
109307
109333
109355
109377
109394
109396
109439
109503
109546
109563
109566
109576
109606
109612
109630
109662
109672
109714
109716
109721
109731
109750
109797
109842
109848
109852
109898
109900
109901
109916
109936
109939
109944
109986
110015
110055
110062
110066
110098
110157
110179
110237
110271
110272
110285
110297
110319
110320
110331
110362
110386
110396
110469
110476
110477
110516
110529
110568
110579
110584
110605
110642
110656
110658
110672
110688
110722
110733
110741
110759
110784
110786
110811
110819
110844
110883
110895
110897
110917
110938
110940
110973
110980
111002
111008
111018
111020
111035
111038
111040
111044
111047
111055
111076
111079
111100
111114
111134
111163
111190
111200
111220
111232
111237
111244
111254
111271
111280
111300
111352
111357
111380
111457
111460
111493
111515
111519
111522
111536
111537
111578
111584
111588
111619
111621
111636
111654
111717
111729
111753
111791
111796
111878
111880
111886
111896
111904
111906
111938
111945
111979
111987
112015
112018
112025
112072
112091
112114
112154
112213
112232
112234
112250
112302
112327
112335
112367
112374
112410
112425
112426
112444
112477
112479
112516
112532
112543
112551
112605
112608
112609
112659
112677
112709
112714
112728
112744
112755
112756
112770
112811
112815
112866
112899
112963
112978
112982
112995
112996
113072
113088
113093
113098
113155
113157
113159
113160
113208
113233
113265
113315
113324
113336
113345
113370
113427
113481
113489
113498
113507
113510
113545
113556
113603
113614
113619
113620
113629
113673
113705
113718
113736
113757
113892
113909
113957
113966
113970
113999
114006
114037
114057
114097
114101
114110
114198
114216
114278
114296
114344
114378
114421
114475
114553
114570
114581
114606
114630
114642
114683
114704
114745
114756
114774
114802
114837
114913
114934
114974
115001
115062
115075
115100
115119
115121
115125
115133
115181
115191
115205
115243
115388
115394
115411
115417
115477
115516
115529
115540
115541
115570
115617
115629
115631
115632
115641
115691
115695
115701
115720
115723
115724
115804
115808
115821
115863
115892
115899
115944
115978
115988
115989
116016
116063
116083
116112
116124
116133
116139
116157
116187
116281
116318
116324
116341
116358
116384
116399
116403
116452
116463
116468
116512
116516
116520
116526
116527
116566
116611
116625
116651
116686
116691
116754
116781
116838
116866
116925
116951
117007
117085
117090
117160
117168
117169
117202
117215
117226
117228
117283
117294
117307
117315
117320
117332
117342
117370
117378
117420
117462
117474
117490
117534
117579
117604
117638
117650
117745
117751
117772
117793
117803
117823
117852
117869
117900
117901
117905
118075
118083
118089
118211
118235
118253
118294
118329
118386
118396
118415
118418
118453
118470
118547
118551
118591
118620
118682
118694
118720
118726
118729
118752
118770
118783
118786
118814
118828
118829
118851
118857
118896
118908
118930
118945
118946
118949
119005
119011
119017
119033
119175
119234
119236
119260
119288
119289
119296
119298
119354
119372
119482
119572
119592
119609
119613
119658
119760
119792
119811
119856
119860
119865
119903
119950
119964
120055
120070
120077
120121
120130
120142
120166
120188
120203
120248
120264
120311
120315
120350
120352
120366
120374
120433
120523
120545
120587
120630
120641
120693
120770
120852
120858
120927
120949
120964
121002
121014
121039
121050
121075
121087
121107
121111
121115
121168
121174
121186
121188
121380
121486
121541
121586
121613
121630
121643
121689
121802
121828
121862
121877
121917
121944
121983
122006
122137
122180
122186
122190
122201
122218
122228
122282
122291
122301
122317
122321
122334
122363
122364
122432
122437
122447
122454
122542
122543
122559
122651
122674
122681
122687
122721
122741
122752
122773
122831
122849
122877
122895
122904
122933
122968
123024
123063
123071
123138
123147
123191
123230
123232
123235
123302
123308
123316
123342
123348
123424
123468
123495
123501
123548
123575
123584
123593
123630
123643
123661
123679
123686
123706
123709
123764
123790
123792
123801
123802
123813
123822
123823
123835
123845
123857
123861
123867
123878
123916
123918
123920
123932
123942
123975
124006
124007
124023
124039
124058
124096
124100
124110
124161
124169
124199
124204
124205
124208
124222
124233
124241
124247
124261
124267
124298
124346
124363
124368
124414
124436
124450
124456
124483
124540
124569
124579
124603
124613
124699
124743
124748
124752
124831
124849
124869
124880
124917
124948
124958
124980
124989
125042
125070
125109
125115
125130
125165
125178
125202
125205
125217
125229
125299
125330
125331
125352
125357
125365
125393
125404
125406
125449
125469
125481
125520
125521
125531
125565
125583
125617
125620
125630
125656
125676
125717
125719
125743
125763
125778
125833
125884
125928
125960
125987
126100
126137
126165
126172
126182
126204
126245
126248
126280
126286
126305
126317
126322
126335
126360
126368
126386
126400
126431
126448
126458
126500
126569
126570
126604
126620
126621
126645
126649
126653
126655
126701
126707
126723
126726
126727
126761
126768
126770
126778
126783
126798
126856
126870
126899
126922
126943
126966
126991
126992
127078
127096
127124
127164
127172
127176
127285
127290
127306
127322
127363
127396
127407
127447
127456
127477
127533
127570
127580
127586
127591
127613
127618
127638
127706
127715
127788
127789
127829
127854
127856
127876
127881
127883
127886
127887
127888
127907
127968
127970
127989
128001
128010
128055
128107
128109
128170
128172
128210
128225
128234
128267
128269
128315
128355
128370
128423
128437
128487
128532
128534
128561
128563
128589
128604
128621
128636
128735
128737
128829
128903
128907
128966
128980
129033
129067
129137
129150
129159
129164
129165
129197
129229
129261
129292
129325
129346
129374
129375
129391
129403
129422
129430
129477
129481
129489
129501
129503
129566
129570
129577
129584
129601
129637
129673
129703
129712
129720
129760
129773
129775
129787
129834
129838
129844
129978
129990
130003
130045
130054
130068
130083
130118
130132
130148
130159
130187
130195
130239
130254
130264
130287
130385
130402
130405
130418
130433
130456
130463
130534
130536
130554
130618
130659
130684
130703
130716
130724
130776
130780
130787
130855
130871
130905
130916
130924
130934
130938
130950
130979
130997
131021
131055
131116
131169
131176
131188
131193
131211
131252
131253
131256
131264
131272
131292
131325
131327
131328
131330
131334
131348
131352
131376
131397
131415
131423
131449
131457
131514
131516
131549
131556
131564
131620
131631
131635
131641
131740
131758
131766
131798
131800
131811
131822
131851
131853
131914
132077
132088
132097
132112
132140
132148
132151
132179
132186
132188
132205
132303
132308
132397
132399
132404
132428
132435
132460
132539
132573
132583
132592
132607
132631
132657
132733
132735
132754
132771
132786
132790
132796
132813
132873
132913
132924
132936
132958
132980
132989
133013
133037
133044
133056
133084
133100
133101
133123
133169
133180
133193
133204
133208
133230
133274
133301
133307
133328
133361
133369
133372
133390
133419
133455
133533
133553
133555
133560
133562
133565
133585
133604
133610
133614
133618
133619
133643
133664
133699
133716
133736
133750
133751
133773
133792
133793
133841
133843
133853
133892
133925
133936
133937
133961
133973
133980
133989
133999
134032
134054
134110
134112
134200
134254
134298
134300
134318
134427
134440
134462
134540
134546
134558
134565
134575
134580
134604
134621
134645
134666
134671
134703
134737
134754
134767
134772
134792
134807
134877
134885
134894
134899
134903
134932
134935
134949
134968
134984
134989
135019
135068
135132
135185
135209
135216
135231
135240
135268
135279
135287
135297
135304
135321
135359
135424
135478
135482
135506
135557
135588
135591
135613
135624
135626
135643
135647
135658
135694
135707
135725
135768
135781
135814
135875
135943
135972
135974
135981
135991
136009
136078
136090
136097
136127
136131
136141
136142
136148
136186
136198
136220
136222
136253
136280
136283
136296
136316
136318
136333
136411
136420
136442
136473
136499
136510
136591
136649
136673
136679
136707
136719
136729
136744
136761
136766
136783
136788
136790
136797
136816
136867
136896
136908
136924
136935
136950
137019
137020
137027
137032
137043
137051
137056
137071
137168
137170
137172
137177
137214
137247
137258
137269
137352
137372
137401
137461
137474
137489
137499
137518
137528
137553
137563
137576
137582
137588
137623
137630
137641
137692
137722
137781
137807
137961
137992
138012
138046
138065
138145
138187
138273
138323
138329
138332
138371
138378
138390
138412
138448
138520
138529
138548
138556
138586
138614
138630
138637
138695
138707
138724
138728
138798
138807
138831
138849
138853
138869
138891
138895
138940
138967
139014
139042
139047
139066
139106
139113
139117
139140
139144
139158
139161
139164
139165
139177
139181
139307
139317
139327
139329
139350
139443
139445
139470
139476
139492
139512
139520
139553
139564
139577
139580
139613
139615
139619
139624
139630
139651
139691
139692
139756
139765
139782
139820
139903
139920
140008
140023
140024
140055
140091
140097
140106
140114
140141
140158
140161
140163
140203
140212
140232
140265
140300
140320
140379
140440
140442
140456
140486
140527
140535
140575
140595
140652
140671
140693
140715
140737
140738
140751
140757
140781
140803
140868
140876
140897
140950
140988
140990
140993
140999
141012
141017
141042
141051
141061
141089
141100
141152
141161
141163
141188
141197
141200
141236
141250
141324
141337
141338
141344
141357
141444
141506
141550
141572
141578
141579
141584
141601
141633
141641
141663
141748
141765
141812
141844
141937
141952
141968
141971
141973
142005
142008
142058
142070
142074
142092
142169
142251
142258
142291
142323
142325
142415
142455
142476
142596
142612
142630
142642
142644
142648
142671
142706
142715
142771
142774
142792
142796
142799
142808
142845
142874
142880
142917
142937
142977
142997
143028
143064
143106
143132
143143
143154
143187
143188
143232
143256
143281
143353
143371
143375
143402
143428
143440
143459
143485
143504
143528
143593
143596
143623
143625
143645
143781
143788
143789
143812
143841
143870
143900
143931
143935
143972
143980
143997
144003
144009
144041
144081
144115
144123
144124
144127
144145
144155
144188
144213
144300
144312
144421
144428
144448
144488
144489
144513
144553
144578
144592
144642
144659
144667
144680
144692
144721
144722
144724
144822
144824
144861
144876
144894
144898
144915
144982
144983
144984
145014
145046
145068
145123
145143
145165
145232
145257
145293
145303
145308
145353
145357
145415
145429
145493
145516
145519
145582
145671
145681
145689
145695
145703
145736
145739
145754
145815
145852
145864
145873
145895
145923
145998
146005
146021
146066
146102
146131
146165
146204
146208
146258
146272
146303
146394
146543
146564
146571
146583
146584
146592
146613
146707
146729
146805
146818
146857
146881
146894
146909
146913
146937
146954
146957
146960
147062
147081
147104
147124
147130
147148
147157
147179
147184
147190
147192
147212
147255
147263
147293
147339
147360
147362
147395
147415
147452
147459
147464
147491
147494
147513
147549
147633
147641
147643
147656
147695
147717
147738
147742
147782
147790
147794
147799
147813
147819
147826
147857
147873
147914
147948
147956
147957
148018
148065
148075
148089
148094
148103
148121
148173
148206
148226
148235
148242
148256
148260
148270
148281
148337
148380
148381
148392
148393
148425
148433
148477
148480
148489
148493
148502
148526
148562
148566
148578
148587
148596
148606
148609
148621
148661
148670
148689
148701
148714
148715
148740
148781
148782
148838
148860
148879
148954
149053
149055
149117
149136
149137
149158
149160
149192
149217
149264
149268
149290
149337
149342
149366
149408
149468
149513
149528
149536
149570
149583
149586
149622
149683
149690
149692
149698
149726
149752
149808
149833
149870
149893
149901
149910
149938
149962
149963
150012
150036
150041
150092
150100
150148
150162
150217
150233
150251
150275
150286
150323
150326
150332
150337
150420
150470
150476
150480
150499
150507
150557
150590
150648
150741
150764
150809
150817
150861
150867
150877
150880
150890
150899
150954
150972
150980
150982
151008
151045
151085
151089
151106
151142
151179
151192
151276
151297
151299
151341
151387
151399
151451
151471
151480
151486
151528
151531
151537
151553
151564
151565
151573
151605
151610
151613
151618
151645
151661
151678
151691
151694
151696
151700
151721
151731
151741
151777
151804
151830
151884
151928
151934
152005
152016
152025
152037
152046
152056
152066
152104
152139
152174
152178
152181
152212
152223
152233
152273
152284
152319
152325
152348
152366
152371
152410
152421
152435
152453
152469
152470
152474
152556
152573
152596
152660
152664
152691
152695
152782
152783
152787
152796
152828
152949
152970
152976
152980
152985
152998
153034
153039
153073
153126
153154
153168
153201
153255
153261
153272
153280
153303
153323
153342
153360
153399
153404
153423
153433
153457
153517
153595
153608
153633
153653
153659
153667
153698
153714
153721
153777
153801
153846
153875
153894
153915
153970
153991
154001
154070
154083
154109
154138
154173
154197
154215
154222
154227
154244
154294
154312
154313
154340
154344
154345
154350
154388
154418
154439
154453
154495
154503
154545
154613
154620
154663
154670
154677
154689
154713
154741
154790
154795
154796
154799
154861
154889
154910
154940
155043
155057
155081
155094
155108
155166
155238
155292
155300
155326
155329
155331
155350
155437
155447
155463
155465
155471
155498
155504
155517
155558
155637
155693
155694
155778
155782
155795
155813
155834
155836
155849
155866
155868
155886
155900
155928
155932
155939
155948
155953
155968
156014
156024
156063
156069
156070
156071
156079
156083
156098
156105
156110
156182
156245
156269
156285
156286
156365
156369
156376
156402
156404
156432
156460
156466
156483
156516
156518
156559
156578
156584
156590
156605
156652
156684
156712
156734
156735
156763
156802
156809
156821
156856
156876
156879
156973
156994
156999
157002
157099
157121
157144
157145
157163
157178
157194
157220
157300
157340
157357
157360
157399
157434
157464
157530
157537
157572
157611
157619
157621
157635
157637
157655
157658
157719
157802
157806
157830
157842
157852
157863
157875
157903
157965
157982
157988
157997
157999
158017
158045
158050
158052
158060
158085
158103
158104
158144
158156
158158
158231
158256
158263
158292
158306
158333
158342
158356
158358
158382
158401
158474
158556
158570
158639
158646
158686
158696
158710
158728
158831
158876
158893
158916
158943
158975
159069
159096
159117
159128
159203
159233
159235
159241
159273
159291
159320
159336
159342
159365
159378
159418
159420
159422
159450
159482
159486
159489
159499
159530
159538
159556
159559
159582
159589
159596
159602
159625
159627
159648
159664
159714
159722
159726
159748
159786
159801
159820
159853
159944
159991
160029
160044
160050
160070
160106
160121
160137
160143
160145
160175
160194
160203
160226
160228
160249
160264
160295
160358
160397
160426
160430
160432
160525
160541
160557
160560
160575
160577
160580
160587
160611
160625
160628
160687
160696
160796
160830
160836
160861
160874
160877
160881
160891
160900
160926
160940
160971
160972
160991
161022
161027
161030
161032
161034
161088
161092
161102
161119
161120
161163
161193
161213
161217
161218
161230
161234
161257
161306
161359
161381
161401
161428
161442
161450
161469
161516
161535
161536
161553
161562
161563
161592
161652
161678
161697
161734
161759
161770
161797
161807
161811
161853
161856
161861
161912
161933
161934
161993
161999
162045
162061
162075
162110
162136
162144
162164
162166
162185
162196
162238
162288
162314
162330
162344
162345
162379
162384
162387
162424
162429
162447
162498
162522
162566
162592
162663
162665
162668
162683
162694
162706
162724
162734
162743
162797
162809
162825
162850
162868
162873
162880
162888
162893
162918
162927
162951
162983
163010
163016
163022
163074
163120
163152
163261
163263
163267
163284
163320
163322
163332
163353
163360
163397
163457
163486
163507
163521
163524
163530
163531
163568
163569
163579
163585
163587
163665
163711
163731
163733
163755
163758
163775
163883
163896
163898
163907
163912
163926
163953
163965
163994
164017
164040
164055
164094
164121
164136
164140
164142
164143
164159
164167
164259
164282
164314
164323
164351
164367
164382
164419
164527
164539
164567
164576
164593
164632
164640
164652
164672
164707
164711
164761
164783
164784
164811
164876
165001
165079
165096
165097
165105
165115
165135
165139
165152
165214
165217
165219
165220
165235
165240
165260
165262
165273
165280
165307
165342
165344
165360
165386
165417
165435
165477
165520
165526
165537
165548
165550
165632
165642
165658
165685
165700
165740
165789
165790
165808
165866
165893
165938
165946
165948
165965
166001
166008
166055
166102
166152
166208
166210
166259
166260
166275
166276
166290
166299
166310
166318
166347
166384
166389
166430
166496
166497
166546
166570
166613
166644
166652
166686
166689
166724
166748
166789
166791
166795
166803
166827
166841
166845
166869
166884
166905
166928
166983
167013
167026
167057
167133
167145
167186
167237
167247
167251
167281
167311
167326
167337
167470
167475
167479
167484
167487
167542
167573
167577
167580
167588
167589
167590
167592
167637
167651
167660
167664
167738
167747
167774
167789
167794
167800
167810
167815
167850
167929
168043
168094
168131
168167
168169
168236
168248
168310
168316
168322
168323
168348
168364
168420
168426
168490
168499
168522
168537
168570
168574
168597
168608
168617
168629
168639
168665
168686
168691
168692
168706
168725
168821
168825
168835
168852
168872
168873
168875
168882
168940
169025
169035
169089
169102
169106
169138
169144
169165
169186
169191
169233
169236
169250
169308
169316
169349
169359
169399
169403
169450
169472
169508
169544
169584
169596
169667
169764
169793
169815
169829
169867
169879
169899
169902
169914
169941
169956
169966
169971
169973
170033
170038
170042
170061
170129
170133
170139
170173
170174
170202
170215
170244
170259
170297
170346
170391
170403
170411
170476
170493
170549
170557
170621
170648
170670
170702
170744
170754
170758
170762
170781
170836
170842
170870
170892
170900
170903
170982
171045
171056
171105
171111
171132
171154
171159
171179
171181
171182
171186
171203
171240
171296
171300
171312
171314
171315
171380
171387
171394
171399
171405
171426
171491
171492
171527
171567
171586
171633
171650
171665
171704
171709
171810
171867
171876
171898
171962
171993
172002
172003
172012
172088
172099
172129
172138
172147
172154
172190
172206
172234
172248
172264
172294
172339
172385
172393
172394
172411
172431
172460
172476
172521
172539
172541
172543
172559
172567
172581
172701
172711
172723
172724
172725
172727
172777
172818
172823
172831
172862
172932
172958
172985
172988
173005
173016
173041
173072
173116
173142
173153
173159
173164
173166
173182
173191
173212
173218
173235
173243
173244
173256
173286
173306
173309
173313
173338
173358
173361
173365
173429
173472
173476
173498
173529
173554
173555
173569
173607
173654
173667
173694
173700
173756
173769
173780
173788
173791
173891
173896
173901
173959
174016
174048
174058
174065
174134
174149
174158
174163
174193
174195
174213
174214
174222
174270
174286
174310
174327
174343
174349
174393
174434
174443
174452
174470
174483
174485
174524
174539
174545
174548
174586
174595
174616
174618
174674
174684
174696
174743
174763
174791
174877
174896
174902
174912
174982
174983
175018
175033
175051
175055
175074
175109
175131
175143
175262
175264
175284
175287
175301
175305
175315
175334
175356
175374
175389
175420
175473
175526
175528
175530
175548
175562
175571
175623
175629
175645
175651
175678
175679
175704
175731
175742
175797
175802
175832
175879
175886
175921
175975
175997
176004
176020
176030
176114
176158
176187
176212
176240
176243
176256
176307
176349
176359
176362
176414
176418
176439
176468
176537
176560
176566
176569
176605
176672
176678
176688
176702
176715
176730
176736
176761
176776
176799
176809
176812
176819
176873
176915
176916
176954
176957
176961
176988
176998
177005
177076
177087
177104
177113
177153
177154
177167
177181
177191
177202
177215
177243
177269
177308
177310
177336
177381
177545
177553
177555
177579
177582
177596
177600
177616
177629
177649
177654
177660
177697
177732
177821
177848
177863
177868
177870
177892
177914
177922
177936
177938
177941
177957
177963
177979
178017
178022
178033
178049
178080
178094
178133
178134
178144
178205
178236
178242
178287
178291
178299
178361
178362
178370
178419
178471
178478
178516
178518
178520
178522
178546
178549
178551
178643
178708
178736
178739
178869
178892
178915
178921
178925
178988
178999
179039
179051
179053
179070
179108
179212
179223
179229
179230
179274
179379
179389
179402
179411
179505
179535
179582
179584
179591
179651
179680
179683
179686
179691
179692
179749
179759
179768
179770
179773
179839
179896
179899
179916
180001
180128
180144
180183
180184
180194
180196
180248
180285
180315
180371
180383
180384
180396
180420
180425
180467
180472
180533
180550
180551
180700
180725
180755
180766
180814
180856
180892
180932
180958
180970
181054
181135
181137
181140
181186
181210
181238
181256
181361
181380
181399
181419
181537
181567
181573
181577
181592
181626
181632
181633
181642
181658
181720
181760
181791
181823
181826
181833
181838
181860
181903
181944
181949
181982
182013
182022
182027
182048
182049
182071
182078
182080
182082
182123
182131
182138
182140
182146
182184
182209
182260
182265
182300
182312
182331
182383
182392
182412
182428
182461
182486
182494
182512
182531
182535
182546
182590
182591
182592
182593
182594
182595
182681
182698
182727
182728
182739
182745
182769
182783
182787
182793
182801
182804
182827
182869
182912
182939
182950
182987
182996
183014
183026
183060
183111
183164
183173
183202
183213
183232
183249
183254
183264
183304
183341
183347
183381
183391
183476
183498
183503
183513
183605
183628
183660
183663
183722
183766
183768
183775
183777
183779
183816
183882
183973
184010
184016
184033
184057
184076
184110
184152
184163
184176
184192
184203
184227
184235
184238
184266
184271
184314
184333
184358
184418
184419
184427
184431
184441
184452
184461
184478
184479
184499
184527
184545
184552
184556
184562
184567
184584
184600
184607
184630
184645
184656
184664
184738
184741
184797
184801
184819
184827
184831
184845
184888
184899
184940
184946
184947
185036
185052
185053
185062
185106
185114
185129
185174
185233
185235
185258
185310
185435
185496
185511
185523
185553
185587
185601
185607
185621
185630
185646
185655
185674
185682
185696
185701
185705
185765
185807
185810
185866
185870
185880
185885
185923
185924
185927
185936
186047
186102
186177
186187
186220
186246
186262
186319
186325
186333
186350
186353
186386
186397
186438
186471
186503
186529
186536
186618
186644
186679
186681
186700
186749
186784
186787
186788
186852
186868
186882
186908
186932
186953
186966
187038
187048
187069
187120
187172
187173
187192
187208
187218
187221
187222
187310
187338
187352
187363
187395
187409
187451
187457
187463
187491
187546
187613
187638
187641
187849
187856
187893
187911
187963
187978
188015
188073
188075
188085
188102
188103
188131
188136
188142
188148
188156
188162
188165
188167
188179
188181
188201
188212
188249
188251
188299
188342
188371
188402
188420
188427
188448
188452
188485
188507
188530
188553
188602
188625
188633
188641
188713
188730
188745
188747
188748
188790
188851
188993
189010
189026
189071
189093
189102
189161
189173
189176
189186
189190
189204
189213
189217
189242
189261
189271
189286
189296
189342
189344
189379
189427
189434
189440
189442
189456
189458
189471
189485
189490
189516
189543
189616
189623
189625
189672
189706
189727
189755
189793
189795
189799
189901
189924
189955
189980
189995
190055
190061
190082
190143
190148
190176
190193
190226
190229
190241
190258
190278
190293
190295
190434
190441
190446
190472
190500
190504
190516
190525
190540
190550
190565
190567
190571
190594
190613
190626
190638
190711
190727
190812
190898
190925
190942
190990
191047
191074
191079
191128
191166
191211
191241
191242
191262
191281
191328
191489
191495
191519
191584
191593
191698
191709
191715
191744
191777
191792
191800
191805
191818
191854
191858
191877
191887
191931
191939
191946
191964
191967
191977
191986
191998
192005
192028
192047
192088
192120
192221
192254
192256
192283
192315
192324
192351
192373
192378
192380
192402
192442
192444
192445
192452
192484
192490
192498
192500
192610
192615
192684
192691
192728
192732
192760
192783
192835
192855
192883
192886
192887
192895
192923
192939
193011
193031
193034
193065
193088
193093
193210
193214
193333
193350
193370
193382
193403
193451
193535
193555
193603
193626
193667
193668
193681
193728
193741
193744
193778
193809
193866
193877
193887
193903
193915
193944
193961
193968
193988
194003
194126
194176
194200
194224
194235
194288
194349
194379
194380
194406
194462
194470
194490
194505
194524
194525
194685
194691
194727
194728
194771
194796
194804
194814
194843
194862
194868
194905
195000
195012
195026
195048
195102
195112
195156
195175
195182
195187
195217
195221
195247
195258
195267
195298
195302
195319
195323
195363
195366
195404
195410
195421
195429
195447
195448
195482
195504
195547
195582
195600
195601
195684
195688
195719
195730
195753
195783
195797
195800
195818
195840
195861
195922
195925
195974
196026
196055
196077
196130
196160
196177
196230
196238
196272
196288
196312
196371
196452
196466
196473
196517
196546
196554
196572
196586
196631
196661
196711
196720
196768
196823
196826
196832
196858
196895
196904
196960
197041
197047
197139
197169
197194
197222
197235
197251
197269
197301
197338
197366
197396
197411
197441
197479
197481
197574
197581
197640
197650
197654
197655
197663
197718
197720
197737
197766
197767
197797
197798
197827
197857
197899
197995
198032
198088
198093
198119
198170
198200
198222
198247
198320
198369
198386
198451
198478
198488
198510
198652
198687
198712
198716
198748
198776
198781
198787
198788
198802
198803
198814
198851
198889
198935
198967
198984
198986
199006
199013
199095
199134
199150
199277
199282
199333
199345
199369
199371
199434
199482
199501
199505
199510
199609
199619
199631
199659
199679
199716
199734
199735
199750
199777
199781
199799
199801
199809
199873
199954
199995
200030
200038
200049
200094
200156
200162
200183
200186
200199
200212
200232
200291
200348
200350
200441
200446
200498
200516
200547
200570
200602
200626
200635
200643
200655
200666
200701
200708
200767
200799
200863
200864
200872
200923
200938
200950
200976
200989
200996
201019
201046
201057
201067
201073
201074
201077
201094
201111
201125
201128
201130
201303
201426
201511
201521
201532
201543
201555
201566
201574
201624
201635
201662
201678
201714
201730
201789
201807
201853
201854
201861
201863
201985
202050
202055
202059
202062
202063
202071
202077
202098
202131
202137
202154
202173
202191
202224
202263
202372
202374
202389
202392
202431
202441
202455
202490
202494
202512
202525
202531
202606
202644
202650
202662
202678
202692
202706
202731
202735
202794
202825
202843
202893
202908
202970
202975
202986
203027
203219
203230
203232
203236
203241
203259
203263
203285
203287
203314
203355
203362
203391
203398
203414
203415
203417
203437
203458
203511
203528
203610
203613
203633
203645
203661
203757
203791
203835
203836
203866
203931
203933
204018
204039
204042
204082
204117
204123
204152
204189
204260
204266
204286
204299
204328
204338
204357
204385
204468
204473
204595
204626
204632
204643
204664
204680
204683
204724
204751
204779
204789
204791
204833
204836
204846
204851
204852
204868
204889
204897
204914
204935
204963
204977
204998
205019
205027
205094
205110
205111
205147
205154
205168
205217
205271
205308
205317
205486
205492
205506
205541
205617
205646
205663
205664
205672
205730
205734
205749
205755
205757
205760
205761
205780
205807
205826
205830
205860
205883
205904
205960
206005
206009
206015
206017
206026
206032
206039
206097
206129
206138
206153
206157
206170
206193
206276
206280
206289
206320
206350
206362
206371
206381
206394
206425
206475
206505
206520
206571
206593
206648
206661
206696
206698
206703
206743
206800
206833
206863
206876
206884
206926
206934
206939
206976
206986
206999
207057
207068
207084
207085
207088
207094
207095
207142
207144
207186
207200
207205
207216
207227
207263
207292
207310
207322
207333
207347
207362
207367
207386
207411
207456
207489
207492
207532
207616
207648
207653
207697
207704
207722
207762
207803
207813
207816
207822
207845
207875
207900
207928
207943
207945
208039
208069
208076
208080
208108
208117
208193
208269
208277
208290
208303
208311
208314
208327
208353
208365
208442
208540
208555
208568
208577
208588
208615
208635
208642
208643
208676
208678
208730
208741
208742
208744
208752
208819
208828
208831
208871
208875
208999
209013
209014
209046
209048
209053
209115
209144
209146
209150
209179
209254
209275
209281
209322
209334
209351
209369
209380
209408
209418
209443
209450
209469
209526
209555
209559
209582
209584
209589
209592
209602
209690
209713
209722
209724
209750
209751
209765
209797
209809
209872
209879
209940
209942
209949
209968
209983
210045
210055
210065
210106
210110
210151
210158
210173
210194
210222
210225
210273
210314
210396
210405
210423
210516
210535
210566
210576
210591
210594
210605
210621
210631
210642
210650
210678
210689
210690
210721
210762
210773
210781
210789
210921
210922
210964
210971
210972
211044
211054
211089
211105
211116
211130
211179
211200
211202
211217
211226
211236
211240
211271
211273
211366
211402
211411
211473
211477
211533
211601
211605
211661
211698
211705
211713
211745
211788
211833
211848
211851
211886
211932
211940
212047
212086
212092
212146
212161
212207
212221
212274
212307
212320
212324
212343
212383
212414
212421
212440
212459
212477
212479
212486
212487
212514
212515
212516
212524
212564
212595
212615
212617
212625
212632
212658
212672
212679
212697
212722
212740
212750
212753
212887
212901
212906
212940
212965
212994
213017
213034
213037
213040
213043
213052
213097
213101
213108
213129
213145
213162
213171
213233
213296
213401
213424
213478
213501
213533
213547
213589
213613
213659
213728
213753
213764
213772
213839
213938
213991
213998
214201
214277
214287
214325
214330
214336
214351
214407
214441
214451
214462
214481
214505
214520
214527
214536
214546
214547
214565
214652
214666
214718
214746
214750
214768
214797
214815
214856
214859
214861
214887
214915
214921
214970
214979
215056
215082
215086
215105
215118
215127
215166
215180
215239
215252
215289
215318
215321
215326
215387
215467
215491
215498
215502
215519
215522
215538
215588
215590
215593
215666
215667
215678
215683
215684
215699
215734
215753
215770
215797
215804
215821
215825
215831
215872
215891
215894
215898
215924
215952
215986
215996
216038
216063
216067
216086
216087
216113
216115
216185
216247
216251
216295
216303
216315
216326
216429
216438
216458
216467
216478
216520
216537
216544
216553
216595
216666
216684
216689
216696
216756
216817
216847
216903
216920
217009
217036
217080
217089
217100
217136
217157
217177
217179
217192
217204
217229
217234
217259
217269
217270
217336
217354
217358
217362
217423
217482
217495
217504
217525
217543
217557
217607
217609
217676
217682
217690
217698
217705
217723
217728
217739
217750
217756
217823
217845
217924
217929
218001
218011
218063
218106
218108
218185
218197
218217
218263
218272
218277
218287
218288
218298
218314
218321
218357
218413
218416
218426
218429
218433
218502
218578
218627
218648
218664
218680
218728
218756
218771
218862
218884
218901
218927
218981
218995
219010
219018
219021
219080
219146
219165
219195
219227
219236
219309
219348
219360
219375
219385
219410
219415
219452
219475
219487
219511
219529
219534
219609
219640
219644
219670
219677
219697
219720
219759
219830
219871
219880
219943
219957
220042
220046
220097
220104
220142
220149
220151
220190
220226
220230
220250
220288
220291
220300
220369
220428
220473
220493
220532
220574
220613
220633
220648
220658
220659
220673
220719
220791
220804
220825
220883
220891
220897
220909
220930
220987
221063
221106
221142
221174
221209
221227
221229
221231
221288
221311
221331
221335
221353
221388
221395
221415
221418
221424
221428
221441
221461
221471
221479
221486
221506
221553
221566
221570
221581
221622
221660
221678
221724
221735
221739
221747
221748
221857
221918
221976
221994
222043
222059
222063
222078
222149
222189
222233
222258
222286
222300
222319
222333
222378
222443
222446
222504
222575
222587
222589
222605
222647
222659
222669
222676
222855
222857
222889
222949
222972
222975
223000
223037
223092
223139
223141
223193
223208
223216
223228
223268
223295
223296
223307
223312
223371
223379
223421
223431
223504
223522
223539
223623
223631
223636
223673
223699
223743
223782
223817
223822
223827
223831
223863
223903
223906
223937
223955
224001
224050
224051
224057
224113
224116
224120
224125
224149
224262
224263
224267
224281
224296
224305
224357
224359
224382
224424
224473
224482
224495
224521
224527
224567
224651
224680
224702
224708
224721
224728
224884
224892
224911
224920
224931
224941
224985
225060
225110
225178
225186
225191
225198
225235
225287
225302
225329
225330
225375
225397
225403
225434
225436
225439
225493
225546
225566
225728
225759
225779
225794
225795
225796
225851
225960
225978
225999
226047
226065
226081
226093
226096
226141
226142
226208
226217
226222
226230
226242
226255
226288
226290
226312
226328
226331
226385
226414
226470
226521
226522
226530
226564
226605
226616
226632
226636
226661
226701
226720
226740
226787
226788
226813
226878
226903
226918
226933
227030
227060
227064
227093
227124
227159
227170
227194
227201
227225
227244
227330
227346
227353
227365
227397
227438
227441
227456
227457
227494
227497
227532
227533
227575
227611
227613
227653
227735
227747
227764
227785
227786
227787
227820
227841
227852
227898
227908
227921
227972
227994
228033
228067
228113
228133
228134
228146
228169
228188
228262
228267
228276
228293
228340
228348
228351
228408
228412
228416
228468
228505
228509
228543
228544
228560
228607
228614
228617
228623
228626
228683
228721
228733
228758
228764
228791
228824
228865
228882
228883
228888
228904
228950
228972
229017
229073
229075
229108
229148
229153
229178
229221
229264
229329
229345
229362
229389
229392
229433
229451
229473
229478
229481
229493
229498
229534
229551
229563
229564
229590
229642
229679
229694
229696
229743
229776
229794
229933
229956
229958
229974
229980
229988
230019
230037
230078
230145
230158
230210
230260
230266
230274
230279
230315
230326
230400
230459
230471
230548
230586
230658
230666
230757
230773
230797
230815
230843
230865
230875
230914
230933
230937
231071
231072
231112
231177
231195
231196
231202
231251
231270
231276
231283
231314
231328
231345
231346
231467
231482
231497
231510
231522
231531
231532
231537
231542
231544
231576
231593
231612
231649
231678
231684
231787
231788
231830
231843
231862
231867
231961
231978
231980
232027
232056
232115
232143
232157
232161
232162
232240
232251
232313
232331
232333
232340
232373
232411
232500
232544
232573
232576
232632
232635
232640
232642
232689
232702
232703
232719
232726
232770
232809
232813
232820
232835
232853
232854
232867
232910
232934
232941
232952
232984
233015
233087
233114
233115
233199
233200
233210
233230
233241
233283
233347
233353
233391
233430
233455
233464
233467
233496
233521
233524
233526
233604
233609
233637
233646
233745
233837
233907
233922
233975
233995
234015
234031
234061
234092
234106
234128
234159
234199
234227
234272
234278
234280
234323
234406
234428
234451
234638
234645
234687
234696
234793
234794
234801
234804
234853
234879
234880
234911
234928
234958
234967
235000
235039
235088
235115
235169
235176
235223
235269
235320
235338
235351
235355
235360
235366
235401
235474
235475
235484
235487
235501
235527
235528
235538
235540
235551
235554
235561
235565
235577
235596
235607
235627
235645
235725
235740
235768
235786
235802
235808
235858
235893
235900
235922
235993
236017
236033
236061
236093
236123
236212
236213
236215
236250
236262
236263
236269
236276
236283
236314
236319
236331
236360
236452
236460
236468
236475
236540
236561
236574
236577
236607
236633
236643
236652
236661
236747
236750
236760
236772
236779
236783
236796
236801
236823
236845
236906
236908
236914
236937
236938
236940
236945
236950
236982
237017
237028
237064
237077
237081
237093
237108
237152
237157
237205
237211
237224
237245
237248
237284
237292
237340
237389
237408
237417
237452
237472
237531
237535
237537
237541
237630
237638
237702
237738
237802
237807
237808
237852
237854
237858
237860
237862
237910
237953
237958
237969
237996
238010
238022
238051
238095
238109
238127
238129
238162
238192
238222
238270
238317
238320
238349
238353
238364
238379
238383
238388
238420
238428
238431
238450
238455
238466
238505
238548
238568
238608
238637
238715
238716
238741
238760
238773
238795
238803
238926
238983
239010
239059
239099
239113
239126
239137
239153
239159
239195
239209
239242
239284
239331
239339
239374
239380
239391
239392
239435
239465
239513
239535
239539
239564
239574
239659
239693
239714
239716
239746
239750
239767
239790
239814
239838
239844
239879
239909
239953
239972
240009
240063
240098
240129
240225
240284
240322
240374
240419
240431
240440
240451
240458
240470
240520
240521
240527
240545
240566
240607
240622
240645
240647
240712
240733
240749
240812
240826
240886
240887
240915
240919
240946
240976
240994
241008
241041
241070
241094
241095
241122
241137
241161
241171
241174
241196
241210
241299
241357
241371
241378
241379
241402
241417
241418
241454
241455
241480
241481
241547
241594
241603
241619
241681
241704
241711
241733
241746
241862
241869
241882
241893
241924
241925
241946
241948
241979
242032
242033
242035
242036
242061
242079
242085
242108
242120
242152
242177
242208
242249
242270
242288
242320
242337
242339
242347
242365
242367
242383
242397
242399
242520
242524
242549
242577
242596
242597
242611
242629
242702
242729
242732
242740
242776
242792
242835
242837
242850
242858
242872
242911
242915
242946
242978
242987
243035
243067
243078
243112
243114
243213
243218
243233
243279
243337
243397
243461
243501
243524
243526
243555
243576
243577
243649
243701
243704
243736
243756
243776
243784
243836
243840
243897
243898
243900
243904
243910
243937
243982
243989
244019
244034
244059
244088
244101
244117
244230
244244
244257
244286
244340
244442
244478
244498
244588
244607
244651
244657
244668
244760
244814
244822
244824
244848
244915
244991
244996
245054
245069
245089
245114
245125
245141
245153
245158
245182
245223
245242
245275
245308
245344
245414
245460
245462
245480
245527
245609
245653
245665
245687
245688
245712
245766
245794
245839
245846
245881
245921
246032
246047
246063
246137
246154
246174
246192
246221
246237
246241
246286
246297
246299
246318
246329
246342
246391
246433
246439
246474
246477
246490
246527
246530
246562
246610
246619
246658
246690
246697
246836
246872
246875
246912
246972
246980
246981
247000
247023
247104
247119
247141
247147
247166
247173
247216
247225
247227
247232
247244
247264
247278
247293
247314
247328
247341
247347
247350
247356
247357
247424
247485
247530
247586
247599
247649
247664
247726
247759
247761
247762
247771
247777
247826
247848
247878
247894
247939
247966
247971
247988
248006
248038
248051
248122
248225
248232
248392
248406
248451
248455
248456
248458
248481
248486
248494
248501
248507
248533
248536
248556
248582
248658
248693
248731
248767
248781
248805
248846
248867
248895
248899
248909
248916
248935
248953
248954
248985
249006
249037
249054
249063
249124
249154
249167
249302
249313
249383
249423
249529
249538
249540
249545
249559
249587
249603
249618
249629
249635
249645
249665
249681
249682
249714
249774
249843
249858
249919
249981
250013
250026
250068
250070
250112
250134
250202
250215
250227
250273
250381
250402
250413
250535
250554
250585
250612
250646
250671
250744
250760
250762
250808
250891
250900
250923
250958
250960
250981
251006
251008
251017
251086
251097
251121
251129
251222
251228
251256
251277
251343
251365
251370
251371
251374
251465
251472
251475
251476
251531
251573
251606
251609
251676
251685
251690
251715
251764
251821
251828
251858
251891
251925
251929
251944
251965
252002
252007
252050
252081
252110
252130
252159
252180
252206
252243
252332
252339
252354
252367
252384
252390
252492
252501
252513
252521
252522
252533
252548
252554
252568
252653
252664
252667
252692
252730
252745
252750
252752
252753
252757
252768
252814
252824
252848
252948
252951
252986
253009
253015
253044
253087
253125
253170
253215
253268
253283
253299
253300
253302
253313
253356
253388
253396
253426
253481
253487
253494
253572
253596
253607
253614
253620
253683
253726
253736
253738
253757
253759
253764
253774
253798
253864
253865
253896
253902
253938
254010
254012
254033
254070
254090
254110
254177
254207
254241
254293
254318
254319
254330
254357
254401
254412
254455
254483
254485
254499
254537
254650
254659
254692
254708
254724
254729
254769
254787
254815
254830
254831
254855
254865
254866
254884
254887
254903
254915
254937
254973
254975
255014
255023
255080
255114
255121
255151
255176
255194
255256
255265
255342
255349
255350
255352
255403
255455
255466
255468
255474
255547
255557
255584
255740
255764
255776
255779
255788
255797
255799
255845
255878
255894
255896
255917
255935
255999
256033
256049
256069
256071
256095
256140
256152
256237
256284
256361
256362
256365
256371
256379
256447
256507
256512
256522
256524
256526
256540
256566
256592
256643
256652
256657
256691
256727
256748
256777
256823
256859
256871
256901
256909
256938
256949
257006
257036
257056
257072
257101
257147
257216
257220
257228
257244
257309
257321
257331
257347
257353
257374
257377
257435
257447
257448
257479
257483
257494
257509
257517
257586
257597
257650
257668
257692
257732
257736
257850
257854
257888
257917
257960
258004
258069
258073
258096
258104
258112
258135
258173
258177
258181
258224
258244
258261
258277
258318
258319
258324
258366
258384
258391
258437
258476
258501
258531
258539
258545
258563
258602
258605
258615
258651
258665
258691
258713
258746
258828
258859
258870
258891
258896
258898
258909
258924
258949
258954
259009
259016
259036
259047
259077
259084
259233
259244
259248
259349
259391
259395
259404
259451
259481
259529
259539
259577
259594
259635
259657
259658
259676
259691
259714
259785
259848
259858
259880
259905
259943
260047
260060
260146
260234
260245
260246
260257
260274
260292
260294
260306
260331
260370
260377
260419
260449
260452
260476
260523
260540
260545
260546
260554
260555
260571
260574
260625
260701
260741
260748
260846
260871
260920
260990
260991
261079
261094
261096
261102
261107
261108
261111
261166
261208
261210
261259
261268
261270
261280
261300
261388
261405
261416
261460
261472
261478
261518
261527
261532
261553
261556
261581
261624
261679
261681
261693
261721
261737
261789
261797
261803
261810
261817
261843
261856
261889
261901
261957
261974
261997
262000
262010
262011
262023
262026
262141
262187
262232
262271
262377
262380
262383
262396
262408
262415
262434
262435
262472
262588
262857
262961
262987
263016
263110
263111
263226
263234
263252
263292
263317
263452
263476
263502
263504
263518
263647
263686
263697
263705
263829
263838
263876
263899
263926
263940
263970
263978
263986
263990
264043
264094
264182
264238
264239
264243
264279
264308
264314
264411
264416
264425
264483
264511
264527
264614
264616
264648
264651
264718
264740
264742
264763
264850
264858
264861
264942
264944
264956
264987
265072
265076
265093
265103
265108
265143
265194
265231
265243
265314
265342
265353
265373
265386
265388
265392
265396
265400
265419
265458
265467
265536
265644
265667
265668
265689
265723
265745
265765
265793
265830
265839
265858
265900
265902
265907
265912
265922
265949
265952
265959
265978
266162
266184
266192
266199
266229
266231
266264
266291
266377
266433
266443
266471
266499
266564
266641
266690
266728
266729
266730
266770
266772
266806
266840
266859
266862
266870
266872
266893
266896
266930
266939
266984
267082
267083
267088
267089
267110
267111
267144
267231
267240
267246
267270
267310
267346
267382
267394
267419
267441
267501
267536
267574
267577
267604
267634
267713
267721
267728
267737
267749
267752
267788
267791
267826
267832
267852
267901
267974
268081
268096
268117
268136
268198
268202
268262
268299
268315
268352
268541
268565
268580
268629
268659
268685
268744
268809
268829
268840
268891
268904
268932
268946
268948
268971
268994
269001
269002
269025
269061
269111
269153
269168
269191
269204
269215
269286
269377
269392
269414
269417
269440
269481
269484
269504
269533
269570
269587
269607
269624
269659
269661
269683
269690
269703
269710
269714
269718
269733
269750
269770
269840
269862
269886
269986
270002
270010
270029
270118
270129
270134
270142
270171
270245
270280
270299
270303
270320
270331
270333
270363
270474
270544
270550
270565
270575
270588
270595
270614
270679
270686
270687
270688
270768
270804
270866
270902
270948
270954
270987
271007
271078
271081
271087
271159
271201
271213
271234
271247
271249
271272
271296
271299
271353
271382
271466
271476
271492
271494
271581
271586
271599
271679
271705
271812
271844
271872
271881
271897
271933
272006
272011
272051
272115
272121
272213
272256
272305
272314
272343
272344
272351
272367
272473
272513
272541
272552
272575
272584
272616
272631
272655
272666
272741
272759
272782
272804
272820
272822
272826
272845
272853
272916
272938
272940
272966
273007
273010
273018
273036
273042
273087
273115
273185
273231
273253
273278
273305
273309
273324
273353
273392
273397
273566
273598
273605
273622
273664
273692
273777
273875
273906
273912
273966
274149
274168
274196
274200
274220
274240
274261
274279
274311
274331
274391
274392
274409
274418
274436
274457
274510
274562
274577
274588
274603
274608
274652
274681
274683
274719
274729
274743
274749
274833
274877
274944
274960
274997
275017
275042
275045
275059
275113
275133
275182
275222
275276
275298
275325
275333
275342
275352
275379
275381
275414
275420
275518
275542
275556
275608
275609
275755
275775
275789
275794
275842
275866
275899
275902
275926
275943
276036
276046
276070
276079
276190
276205
276222
276228
276245
276296
276353
276376
276453
276591
276611
276636
276687
276755
276768
276773
276795
276827
276912
276930
276935
276951
276967
276984
277021
277036
277075
277194
277199
277211
277212
277220
277229
277237
277254
277304
277369
277378
277396
277420
277432
277447
277556
277614
277634
277650
277655
277660
277700
277709
277714
277752
277778
277791
277846
277857
277863
277906
277923
277938
277946
277949
277959
278009
278013
278079
278253
278311
278314
278326
278392
278409
278421
278425
278451
278472
278524
278585
278602
