70
106
113
362
471
560
602
935
1022
1070
1182
1184
1689
1827
1983
2006
2040
2068
2157
2181
2184
2621
2624
2731
2890
3027
3028
3206
3215
3231
3242
3250
3286
3289
3442
3655
3658
3862
3967
3990
4019
4031
4046
4173
4231
4523
4573
4680
4703
4807
5201
5926
5985
6049
6051
6083
6107
6448
6603
6904
7092
7137
7143
7230
7278
7390
7422
7627
7654
7707
7802
7865
7881
8005
8421
8790
8825
8838
8919
8924
8932
8980
9354
9358
9798
10021
10139
10448
10480
10578
10585
10646
10877
10902
11082
11287
11665
11805
11886
12024
12070
12378
12439
12536
12581
12635
12820
13073
13279
13298
13327
13402
13630
13860
13929
14117
14291
14366
14742
15048
15067
15138
15143
15599
15653
15906
16104
16161
16339
16393
16441
16443
16646
16823
16894
17181
17310
17314
17386
17478
17600
17655
17749
17978
18084
18122
18142
18144
18381
18522
18526
18747
18759
19027
19037
19313
19912
20073
20466
20670
20764
20884
20898
20903
20987
21088
21113
21260
21422
21465
21510
21674
21723
21731
21732
21757
22175
22354
22688
22862
23002
23072
23139
23159
23188
23300
23369
23416
23474
23484
23487
23488
23791
23976
24235
24258
24431
24506
24511
24697
24705
24726
24733
24827
24828
25429
25518
25694
25838
26029
26159
26188
26259
26261
26304
26522
26570
26621
26717
26747
27035
27166
27239
27325
27576
27583
27590
27649
27693
27751
28124
28143
28158
28195
28303
28452
28455
28627
28758
28793
28912
29132
29203
29239
29372
29423
29462
29797
29971
30002
30040
30160
30248
30363
30726
30753
30759
30764
30799
30910
30939
30944
30948
30994
31003
31019
31064
31184
31189
31197
31447
31478
31499
31525
31605
31614
31690
31724
31730
31732
31742
31978
32112
32144
32189
32349
32564
32614
32715
32772
32904
32949
33137
33148
33213
33333
33497
33661
33801
33821
34231
34298
34346
34451
34488
34552
34752
34761
34949
35099
35222
35412
35502
35582
35685
35732
35964
36309
36386
36427
37149
37241
37270
37285
37416
37440
37543
37572
37598
37710
37760
37838
37974
38348
38367
38385
38403
38406
38445
38592
38647
38683
38860
38917
38945
38952
38953
38969
39030
39174
39509
39555
39962
39969
40120
40346
40520
40599
40713
40804
40829
40950
40970
41059
41092
41202
41427
41485
41605
41629
41773
41886
41896
41974
42061
42068
42460
43004
43012
43094
43118
43143
43160
43212
43306
43580
43774
43873
43964
44231
44243
44245
44256
44354
44413
44474
44490
44526
44528
44613
44614
44795
44799
44963
44978
45019
45034
45074
45165
45187
45255
45312
45316
45317
45414
45450
45460
45482
45620
45678
45730
45735
45966
45982
46223
46290
46296
46365
46416
46486
46603
46626
46762
47093
47159
47443
47795
47806
47923
47980
48044
48083
48089
48131
48138
48168
48327
48557
48705
48822
48986
48992
49024
49117
49451
49546
49634
49668
49762
49821
50075
50150
50294
50320
50399
50598
50629
50680
50692
50830
50858
51054
51090
51134
51139
51339
51399
51583
51684
51709
51776
51830
51858
51883
51914
52052
52094
52194
52196
52402
52642
52798
53058
53324
53377
53384
53523
53647
54171
54193
54201
54270
54300
54321
54329
54392
54435
54463
54597
54701
54899
54963
55024
55071
55097
55102
55302
55329
55430
55441
55681
56053
56088
56118
56337
56416
56455
56470
56560
56628
56637
56751
56884
57024
57162
57178
57195
57237
57261
57466
57503
57522
57532
57606
57636
57743
57811
57976
58000
58003
58117
58162
58253
58342
58391
58426
58446
58665
58712
58917
59001
59014
59018
59315
59372
59769
59786
60072
60179
60289
60468
60488
60607
60709
60732
60905
61230
61299
61419
61511
61543
61641
61828
61960
62204
62362
62442
62478
62490
62572
62694
63042
63167
63186
63375
63380
63384
63433
63876
64018
64035
64109
64168
64529
64584
64609
64665
64692
64876
65103
65220
65486
65578
65706
65801
65986
66468
66530
66595
66848
66901
67018
67273
67288
67372
67373
67460
67482
67536
67582
67641
67758
67996
68030
68110
68215
68257
68296
68318
68329
68381
68584
68742
68987
69020
69096
69130
69223
69588
69858
69955
69970
70059
70236
70328
70403
70523
70538
70541
70641
70654
70673
70731
70789
70868
70952
71000
71179
71226
71273
71369
71406
71448
71453
71566
71714
71768
71903
72012
72079
72186
72429
72487
72552
72688
72764
73073
73225
73236
73327
73639
73862
73868
73919
74092
74197
74221
74224
74394
74413
74523
74671
74792
74853
75107
75117
75491
75576
75626
75752
75843
75912
75913
75945
76132
76435
76562
76812
76824
77079
77120
77165
77224
77459
77616
77625
77653
77689
77697
77758
77771
77803
77845
77869
78050
78065
78075
78166
78228
78287
78333
78339
78432
78447
78452
78471
78579
78594
78693
78935
79102
79153
79224
79293
79346
79410
79541
79677
80050
80213
80287
80482
80592
80618
80644
80796
80887
80900
80905
80927
80958
81172
81202
81262
81723
81729
81830
81923
82128
82161
82284
82353
82416
82930
83157
83161
83727
83728
83960
84088
84103
84154
84168
84178
84219
84892
84945
85200
85204
85215
85239
85334
85378
85484
85492
85706
85806
85907
85911
86080
86397
86418
86476
86589
86626
86832
87024
87219
87554
88313
88350
88357
88443
88680
88701
88785
88817
88983
89108
89313
89372
89413
89443
89601
89677
89725
89991
90000
90138
90178
90391
90435
90923
90950
91285
91440
91479
91533
91556
91971
91980
92279
92330
92335
92498
92509
92854
93030
93096
93140
93154
93218
93613
93628
93682
93922
93936
93956
94012
94027
94041
94070
94210
94223
94224
94423
94477
94539
94674
94857
94879
94947
95107
95115
95282
95436
95480
95639
95676
95785
95975
96153
96171
96297
96372
96506
96514
96557
96697
96702
96815
96821
96928
96963
96977
96983
97027
97060
97131
97168
97217
97795
97866
97872
97946
98070
98071
98085
98088
98267
98388
98423
98494
98672
98744
98749
98762
98765
98946
99005
99012
99069
99077
99102
99135
99207
99237
99362
99416
99431
99501
99639
99695
99870
99936
99959
99984
99993
100426
100553
100697
100698
100753
100845
100953
101033
101195
101232
101634
101657
101885
102043
102370
102695
102721
102726
102797
102856
102899
102943
103225
103349
103365
103458
103593
103597
103615
103713
103754
103905
103926
103959
104089
104144
104209
104240
104286
104436
104611
104634
104767
104818
104938
105005
105049
105301
105379
105381
105393
105490
105663
105670
105774
105832
106603
106635
106685
106703
106756
106843
106870
107005
107050
107065
107067
107097
107125
107190
107259
107391
107755
107963
107991
108136
108188
108206
108342
108431
108563
108636
108667
108679
108703
108709
108724
108726
108778
108783
108830
108975
109040
109088
109134
109219
109253
109297
109354
109469
109683
109763
109764
110163
110211
110333
110418
110461
110714
110715
111218
111386
111521
111596
111642
111680
111691
111998
112006
112051
112106
112306
112311
112504
112530
112775
112877
112894
113128
113164
113374
113465
113468
113470
113644
113667
113715
113786
113807
113835
113839
113991
114014
114106
114145
115038
115518
115572
115646
115674
115700
115750
115935
116099
116108
116179
116346
116618
117045
117073
117142
117247
117319
117368
117453
117465
117731
117836
117916
117931
118096
118109
118455
118508
118509
118574
118739
118863
119251
119376
119403
119422
119578
119657
119730
119872
119915
120061
120116
120404
120495
120504
120712
120886
121150
121306
121384
121413
121418
121749
121763
121842
121902
121928
121991
122091
122133
122148
122173
122181
122436
122745
122747
122872
122873
122991
123019
123074
123121
123381
123407
123443
123473
123497
123500
123562
123625
123646
123703
123720
123738
123767
123837
123924
124201
124266
124393
124952
125046
125057
125163
125289
125572
125633
125980
126134
126315
126388
126589
127057
127193
127221
127356
127361
127622
127695
127698
127801
127932
127986
128083
128101
128347
128402
128418
128425
128496
128537
128705
128765
128924
129280
129376
129413
129845
129900
129987
130403
130442
130475
130627
130852
131094
131096
131130
131150
131199
131201
131283
131284
131370
131526
131548
131898
132109
132147
132200
132408
132781
133008
133195
133340
133588
133628
133644
133981
134067
134391
134432
134474
134605
134947
135049
135115
135272
135407
135609
135616
135634
135659
135855
135863
135866
135932
135950
136159
136211
136534
136620
136684
136771
136843
136848
137143
137164
137175
137204
137241
137398
137439
137502
137570
137617
137680
137710
137822
137861
137895
138272
138668
138805
138839
138892
138893
138965
139105
139314
139339
139410
139437
139537
139581
139620
139739
139816
139821
139826
139964
140028
140155
140188
140353
140370
140443
140566
140598
140674
140769
140772
140817
141164
141173
141176
141184
141232
141509
141649
141692
141695
141716
141740
141762
141768
141811
141814
141830
141831
141855
141856
141914
141977
141979
141982
141998
142044
142071
142134
142366
142385
142540
142544
142657
142705
142837
142863
143189
143327
143372
143557
144065
144132
144197
144215
144226
144285
144319
144333
144596
144611
144618
144631
144682
144713
144789
144872
145185
145195
145811
145853
145981
146016
146047
146059
146103
146199
146286
146446
146475
146576
146589
146883
146952
147074
147168
147272
147325
147414
147468
147581
147796
147886
148003
148019
148205
148208
148238
148367
148448
148482
148637
148756
148814
148966
148967
149023
149358
149361
149384
149493
149868
149869
149975
150191
150232
150317
150406
150430
150495
150670
150911
150983
151107
151172
151208
151264
151372
151384
151604
151634
151715
151749
151886
152076
152164
152167
152211
152539
152669
152706
152844
152850
152855
152857
152918
153032
153244
153324
153369
153494
153574
153760
153785
153828
153884
153932
153967
153997
154029
154034
154150
154275
154341
154364
154391
154505
154668
154726
154869
154894
155264
155324
155440
155564
155566
155633
155705
155832
155914
155962
156088
156169
156316
156700
156743
156744
156808
156815
157064
157090
157410
157551
157594
157792
157895
157912
157951
158080
158137
158216
158364
158636
158732
158796
159016
159050
159053
159221
159234
159279
159309
159332
159434
159549
159753
159934
160123
160308
160342
160345
160391
160409
160601
160657
160691
160693
160719
160771
160818
160825
160841
160888
160996
160999
161415
161520
161541
161714
161747
161794
161875
161884
161984
162050
162068
162129
162221
162224
162263
162297
162342
162459
162514
162520
162578
162625
162642
162865
162889
162909
162986
162991
163069
163144
163177
163199
163343
163345
163378
163451
163539
163714
163729
163814
163844
163908
163950
163964
164057
164058
164066
164126
164172
164273
164387
164449
164477
164501
164601
164656
164717
164728
165109
165191
165406
165460
165495
165541
165585
165592
165605
165667
165745
165778
165836
165846
165876
165896
165968
165971
166148
166156
166271
166366
166382
166387
166474
166682
166705
166728
166838
166930
166998
167034
167124
167181
167215
167238
167416
167612
167947
167993
168038
168199
168239
168372
168395
168487
168495
168510
168518
168738
168830
168836
169084
169394
169466
169519
169686
169698
169728
169781
169940
170076
170113
170169
170241
170351
170432
170559
170815
171272
171322
171409
171631
171750
171784
172060
172249
172286
172311
172372
172440
172659
172700
172768
172920
172921
172941
173037
173081
173171
173220
173271
173629
173719
173940
174206
174382
174519
174688
174760
174819
174852
174995
175027
175186
175235
175269
175453
175584
175673
175774
176000
176029
176100
176200
176382
176480
176567
176611
176627
176662
176717
176775
177302
177329
177335
177427
177614
177708
177767
177771
178041
178208
178244
178266
178354
178386
178397
178463
178477
178565
178837
178881
178984
179031
179144
179210
179397
179438
179494
179502
179617
179714
179756
179798
179841
179882
179904
179908
180027
180066
180129
180142
180146
180149
180157
180163
180310
180431
180463
180669
180751
181085
181236
181342
181351
181505
181513
181616
181692
181784
181849
182055
182091
182157
182190
182207
182212
182250
182262
182340
182501
182944
183010
183015
183022
183032
183093
183121
183127
183211
183271
183298
183404
183409
183415
183514
183543
183544
183553
183558
183572
183826
183906
183996
184107
184287
184335
184647
184652
184817
185027
185178
185215
185242
185363
185793
185819
185975
185994
186034
186094
186096
186304
186425
186548
186580
186641
186677
186725
186810
186817
186862
186972
187066
187149
187321
187359
187547
187564
187603
187608
187661
187788
188064
188138
188143
188658
188677
188922
188926
188950
188953
188969
189023
189054
189114
189131
189237
189285
189294
189502
189514
189581
189635
189717
189844
189851
189993
190058
190174
190302
190311
190346
190363
190399
190412
190422
190436
190450
190468
190473
190502
190505
190511
190535
190573
190583
190889
191169
191316
191326
191329
191359
191433
191441
191456
191458
191625
191645
191728
191794
191815
191968
191975
191980
192037
192172
192199
192207
192252
192281
192524
192565
192692
192693
192724
192730
192731
192805
192915
193285
193298
193311
193367
193422
193507
193594
193679
193723
193834
193857
193923
193926
193956
193959
193971
194012
194114
194245
194377
194413
194414
194708
194737
194942
195120
195197
195228
195263
195435
195526
195542
195653
195735
195865
195869
196011
196017
196096
196142
196183
196186
196346
196356
196369
196436
196440
196542
196655
196672
196872
196885
196942
196966
196980
196991
197050
197250
197315
197322
197335
197387
197424
197489
197536
197561
197635
197643
197705
197706
197730
197790
197878
197879
198115
198340
198561
198603
198801
198820
198841
199000
199120
199153
199296
199323
199398
199593
199677
199920
199941
199971
200046
200274
200331
200333
200351
200663
200790
200829
200869
201016
201039
201049
201209
201255
201314
201316
201347
201396
201580
201614
201618
201748
201840
201903
201995
202013
202075
202134
202148
202349
202385
202471
202483
202564
202634
202636
202670
202726
202851
202859
202912
202944
202950
203026
203062
203112
203136
203137
203476
203505
203529
203736
203755
203788
203798
203822
204003
204347
204400
204422
204602
204618
204644
204838
205014
205128
205504
205614
205717
205725
205937
206083
206189
206198
206375
206819
206838
206859
206915
206923
206925
206975
207004
207024
207210
207313
207415
207453
207469
207543
207560
207857
207859
208112
208143
208167
208307
208406
208423
208714
208728
208810
208891
208943
208978
208993
209108
209123
209207
209235
209563
209623
209835
209905
209941
210119
210166
210201
210283
210305
210309
210436
210483
210735
210827
211069
211289
211357
211391
211558
211714
211829
211888
211897
212089
212131
212252
212302
212396
212559
212627
212732
212734
212851
212953
213059
213060
213125
213134
213156
213211
213285
213383
213458
213504
213544
213664
213674
213683
213731
213733
213830
214198
214307
214884
215200
215210
215222
215335
215742
215767
215772
215901
216163
216213
216327
216496
216506
216592
216869
217066
217197
217360
217375
217398
217451
217549
217641
217985
217993
218130
218169
218352
218485
218525
218609
218739
218759
218770
218788
218814
218817
218910
219011
219074
219121
219142
219154
219221
219258
219363
219690
219833
219893
220145
220223
220270
220332
220520
220675
220684
220727
220816
220817
220927
220941
221068
221274
221314
221537
221676
221821
221887
222068
222241
222382
222403
222436
222480
222562
222601
222755
222776
222807
222814
222827
222829
222864
222922
222980
222986
223207
223247
223265
223286
223318
223382
223486
223495
223586
223767
223857
224071
224101
224173
224279
224380
224444
224524
224643
224744
224802
224835
224879
224907
224936
225327
225333
225364
225387
225389
225392
225592
225629
225653
226246
226358
226394
226677
226797
226986
227007
227026
227197
227198
227278
227324
227393
227416
227662
227702
227728
227744
227750
227767
227937
227959
227968
228050
228196
228199
228204
228483
228600
228701
228729
228750
228753
228787
228896
228915
228928
228930
229135
229138
229203
229242
229244
229293
229315
229514
229515
229599
229610
229841
229994
230196
230220
230346
230402
230438
230451
230472
230645
230845
230947
230976
231036
231082
231097
231137
231225
231271
231321
231579
231580
231671
231866
231873
231965
232126
232130
232178
232188
232345
232354
232491
232610
232691
232721
232729
232973
233046
233379
233953
234299
234352
234378
234652
234658
234705
234837
234934
235179
235218
235241
235249
235376
235379
235465
235481
235608
235619
235717
235728
235912
236037
236141
236200
236286
236289
236501
236572
236712
236740
236746
236996
237375
237459
237465
237567
237695
237736
237763
237775
237805
237810
238033
238040
238311
238396
238469
238501
238583
238659
238688
238710
239473
239612
239832
239952
239955
240025
240044
240077
240118
240128
240145
240334
240369
240483
240642
240731
240873
240917
240952
241054
241160
241179
241352
241384
241471
241511
241513
241546
241655
241661
241709
241863
242144
242150
242274
242355
242389
242402
242446
242560
242573
242873
243144
243277
243304
243312
243348
243370
243558
243620
243750
243874
244228
244278
244318
244393
244434
244771
244881
245040
245137
245316
245376
245413
245531
245536
245543
245603
245621
245664
245672
245941
246062
246071
246416
246640
246680
246688
246746
246783
246804
246847
246945
247064
247074
247121
247189
247236
247240
247276
247280
247305
247498
247665
247786
247787
247884
247928
248020
248282
248325
248475
248632
248746
248758
248903
249085
249114
249305
249324
249476
249491
249492
249544
249570
249594
249747
249899
249916
249935
250001
250006
250039
250045
250093
250154
250232
250241
250342
250412
250448
250528
250573
250593
250598
250617
250882
250905
250965
251048
251064
251105
251114
251263
251302
251595
251605
251621
251709
251748
251761
251763
252048
252298
252318
252597
252756
252786
252796
252860
252908
252978
253000
253036
253054
253083
253120
253287
253314
253342
253457
253645
253647
253749
253849
253866
253909
254025
254042
254132
254134
254343
254616
254773
254823
254827
254939
254951
254971
255051
255092
255226
255290
255550
255673
255677
255729
255789
255805
255881
255886
256046
256244
256269
256333
256373
256436
256511
256517
256518
256589
256607
256655
256710
256723
256861
256891
256948
256958
256974
257047
257096
257127
257150
257248
257293
257380
257382
257425
257446
257495
257634
257659
257772
257788
257823
257830
257868
257875
257914
258016
258081
258132
258221
258278
258306
258464
258519
258544
258630
258668
258673
258809
258811
258874
258937
259053
259101
259181
259288
259308
259452
259525
259698
259837
259861
259918
259957
260227
260318
260328
260361
260516
260578
260579
260647
260660
260752
260805
260985
261119
261165
261485
261688
261781
261857
261870
262089
262193
262211
262413
262526
262616
262632
262650
262705
262774
262786
262826
262840
263057
263070
263085
263203
263204
263236
263401
263473
263497
263499
263524
263557
263562
263674
263712
263722
263782
263891
263973
263983
264002
264115
264151
264154
264161
264273
264304
264652
264667
264678
264686
264794
264883
264894
264916
265238
265281
265382
265537
265760
265876
265992
266030
266039
266384
266467
266665
266675
266705
266826
266906
266931
267348
267451
267599
267630
267685
267693
267734
267850
267887
267981
267982
268020
268029
268057
268277
268314
268326
268355
268375
268383
268387
268416
268417
268650
268907
268995
269167
269171
269190
269207
269213
269218
269331
269425
269510
269596
269713
269817
269854
270021
270026
270106
270126
270166
270353
270362
270373
270415
270432
270492
270647
270788
270858
270950
271194
271224
271324
271357
271407
271454
271502
271506
271511
271522
271576
271615
271889
271895
272137
272354
272358
272504
272523
272634
272684
272889
272961
272973
273057
273069
273232
273333
273441
273455
273461
273468
273500
273523
273531
273550
273563
273572
273584
273592
273601
273689
273695
273787
273800
273864
273866
273950
274161
274207
274209
274222
274519
274609
274613
274714
274716
274861
275108
275258
275264
275302
275514
275525
275653
275678
275820
275836
275851
275852
275878
276011
276041
276048
276113
276140
276318
276328
276356
276556
276582
276637
276772
276787
276820
276941
276994
277158
277309
277404
277503
277515
277656
277696
277775
277777
277821
277849
278020
278048
278050
278081
278151
278231
278258
278330
278354
278408
