26
621
720
904
925
1036
1039
1193
1277
1300
1592
1901
1970
1999
2102
2254
2842
2977
3151
3254
3556
3701
3876
3912
3915
4021
4167
4169
4316
4421
5145
5315
5445
5627
5670
5858
6085
6345
6370
6855
6907
7251
7434
7554
7643
7702
7726
8218
8366
8417
8557
8750
8939
9030
9111
9131
9208
9253
9293
9378
9520
9631
9769
10024
10422
10431
10625
11145
11162
11413
12257
12290
12662
12694
13212
13379
13426
13462
13748
13811
13864
14255
14333
14383
14488
14655
14731
14845
14897
15162
15537
15615
15722
15794
16137
16807
17182
17768
17787
18175
18388
18512
18757
18920
18945
19662
19830
20087
20445
20491
21370
21452
21915
22204
22480
23184
23677
23743
23796
23957
23994
24011
24132
24169
24195
24309
24385
24450
24770
24868
24925
25237
25514
25737
25866
25941
26555
26642
26925
27053
27105
27125
27917
28315
28327
28750
28895
28977
29046
29158
29380
29485
29522
29774
29839
29932
29996
30147
30354
30484
30625
30734
30821
30952
31223
31393
31464
31524
31707
31737
31845
32327
32500
32526
33031
33042
33571
33731
33766
33827
34003
34035
34605
34975
35023
35044
35336
35440
35599
35611
35645
35966
36220
36270
36287
36752
36816
36944
36976
37567
37651
37807
37825
38017
38295
38387
38497
38524
38632
38678
38870
38892
38944
38978
39503
39581
39813
40026
40249
40301
40618
40779
40783
40793
41268
41288
41362
41600
41641
41681
41764
42053
42096
42601
42606
42649
42749
43038
43109
43425
43466
43571
43683
43865
44074
44218
44252
44396
44427
44478
44607
45121
45247
45555
45556
45818
45997
46171
46613
46763
46952
47146
47429
47581
47673
47810
48118
48298
48898
48995
49047
49078
49265
49458
49627
49637
49664
49886
49906
50116
50148
50162
50192
50484
50518
50788
50805
50998
51025
51200
51326
51423
51430
51460
51675
51685
51740
51850
52106
52183
52491
52617
52979
53146
53499
53777
53834
53934
53988
54269
54674
54955
55018
55106
55316
55726
55758
55819
55821
55894
56008
56081
56107
56126
56190
56465
56474
56532
56695
56923
57145
57256
57400
57597
57637
57750
57938
58013
58153
58509
59438
59517
59842
60143
60808
60847
60852
61030
61141
61211
61252
61433
61464
61546
61569
61681
62020
62141
62181
62474
62574
62898
63162
63516
63582
63633
64542
64549
64594
64749
64913
64934
64979
64983
65739
65748
66027
66161
66163
66312
66508
66731
66744
67128
67151
67430
67439
67521
67688
67790
67812
67920
68262
68307
68629
68658
68893
69294
69337
69391
69592
70036
70138
70252
70537
70740
70758
70830
70960
71049
71183
71782
71800
72133
72139
72148
72165
72183
72615
73085
73317
73411
73592
73593
73594
73877
73954
74058
74357
74515
74546
74566
74834
75138
75509
75852
75982
76191
76475
76534
76686
77019
77023
77100
77278
77407
77669
77721
77738
77836
77889
77951
78067
78235
78335
78360
78384
78428
78441
78542
78756
79750
79773
79945
80053
80298
80594
80732
80757
80778
81008
81018
81909
82294
82407
82479
82602
82822
83228
83351
83355
83389
83416
83431
83435
83616
84174
84301
84619
85123
85356
85441
85486
85635
85686
86061
86279
86552
86757
86997
86999
87192
87375
87724
87910
88243
88415
88513
88568
88810
88986
89165
89259
89475
89512
89681
89794
89901
90157
90176
90357
90377
90649
90711
90712
90746
90857
91298
91638
92371
92553
92559
92579
92799
92877
92878
92982
93316
93319
93337
93395
93604
94007
94443
94454
94896
95185
95312
95430
95467
95488
95503
95548
95600
95770
96007
96271
96374
96410
96463
96475
96735
96736
97603
97657
97803
98258
98454
98495
98673
98678
98729
98988
99048
99101
99261
99267
99382
99511
99620
99865
100036
100124
100358
102097
102108
102218
102443
102558
102698
103059
103071
103124
103126
103531
103562
103647
103660
103829
103929
104028
104054
104275
104321
104345
104360
104362
104442
104949
104970
105030
105191
105196
105255
105318
105436
105453
105575
105673
105993
106016
106176
106275
106346
106558
106585
106620
106690
106774
107490
107561
107714
108622
108623
108839
108857
108916
108967
109622
109757
109886
110028
110102
110399
110499
110505
110543
110726
111255
111309
111329
111721
112277
112295
112307
112828
112949
113371
113714
113740
113789
113818
113939
113945
113997
114007
114232
114636
114808
114904
115104
115226
115233
115415
115486
116078
116121
116495
116632
116645
116896
117056
117089
117141
117697
117721
118229
118882
119186
119265
119270
119305
119911
120044
120228
120458
120468
120489
120893
121264
121290
121454
121568
121923
122061
122238
122239
122249
122421
122579
122581
122828
122839
123067
123166
123292
123326
123605
123639
123683
124336
124388
124513
124631
124633
124866
125078
125269
125448
125978
126815
126928
126949
127163
127226
127249
127453
127462
127495
127546
127595
127606
127853
127945
128026
128074
128126
128146
128274
128319
128337
128366
128386
128421
128434
128517
128586
128805
128983
129003
129115
129432
129747
130033
130059
130096
130220
130288
130396
130500
130602
130702
131159
131165
131393
131472
132101
132136
132202
132207
132268
133143
133305
133308
133406
133590
134107
134211
134216
134463
134471
134483
134507
134844
134990
135060
135062
135140
135269
135434
135471
135615
135942
136072
136101
136380
136394
136426
136669
137132
137149
137259
137463
137506
137884
138096
138102
138387
138771
139034
139055
139170
139421
139772
139790
140065
140149
140208
140436
140959
140972
141085
141213
141218
141284
141390
141512
141646
142051
142107
142115
142167
142168
142173
142187
142270
142573
142831
143364
143385
143399
143476
143571
143621
143641
143713
143875
143939
143940
144049
144071
144284
144409
144635
144664
144696
145310
145321
145798
145840
146264
146287
146466
146708
147310
147572
147843
148176
148282
148454
148794
148890
149063
149146
149331
149441
149451
149572
149634
149800
150341
150599
150792
150964
151723
151730
152044
152112
152264
152548
152641
152684
152851
153075
153078
153651
154188
154247
154402
154483
154610
154762
155109
155123
155255
155274
155298
155407
155779
155872
156025
156340
156759
156863
156938
157232
157545
157925
157990
158034
158248
158291
158486
158630
158705
158714
158844
158884
159003
159231
159362
159400
159520
160199
160351
160363
160413
160424
160496
161078
161148
161224
161410
161495
161509
161730
161784
162607
163174
163641
163901
163934
164013
164029
164117
164268
164422
164595
164713
164740
164843
164878
164879
164905
165225
165234
165271
165496
165542
165648
165736
165782
165960
166198
166203
166282
166322
166568
166660
166768
166809
166953
167050
167104
167262
167775
167887
168101
168162
168188
168194
168390
168565
168627
168659
168729
168773
168932
168956
169422
169542
169683
169788
170168
170420
170478
170582
170644
171225
171329
171443
171647
171707
171753
171766
171826
172335
172390
173039
173147
173216
173447
173561
173796
174173
174296
174730
174900
175060
175119
175602
175728
175911
175928
176061
176244
176664
176770
177016
177094
177315
177486
177495
178098
178281
178348
178420
178482
178569
178571
178604
178607
178689
178980
179018
179089
179106
179120
179220
179439
179440
179695
179766
179900
180037
180107
180414
180595
180655
180661
180783
180805
181083
181213
181250
181278
181344
181356
181523
181571
181643
181660
181704
181718
181959
182065
182199
182343
182981
183233
183266
183300
183302
183337
183590
183619
183672
183946
184174
184273
184336
184413
184489
185029
185061
185498
185507
185952
185962
186148
186290
186540
186655
186672
187094
187229
187293
187323
187404
187880
187942
188068
188097
188203
188345
188358
188361
188849
189008
189251
189315
189574
189615
189693
189768
189778
190050
190196
190210
190354
190508
190723
190903
190971
191054
191110
191310
191443
191532
191621
191847
191865
191867
191871
192084
192152
192243
192274
192363
192398
192507
192721
192807
192809
192829
192901
192955
193169
193207
193235
193284
193512
193523
193525
193597
193768
193894
194254
194266
194351
194456
194511
194965
195051
195076
195667
195721
195744
195794
195973
196034
196323
196507
196528
196587
196602
196678
196682
196696
196953
197141
197282
197331
197360
197395
197618
197656
197734
197748
197774
197778
197897
197914
198244
198270
198274
198278
198331
198422
198468
198564
198677
198755
198797
199129
199380
199411
199472
199504
199528
199536
199590
199651
199828
200048
200139
200295
200704
200754
200763
200769
200815
201644
201940
202000
202149
202194
202214
202350
202377
202568
202613
202694
202733
202861
203046
203173
203189
203337
203472
203646
203921
204292
204343
204471
204936
205394
205871
205950
206113
206133
206195
206221
206562
207122
207249
207618
207826
207852
207874
207905
207997
208079
208125
208126
208386
208424
208546
208968
209015
209023
209025
209040
209051
209134
209416
209552
209680
210037
210256
210291
210313
210356
210357
210599
210610
210611
210659
210786
210823
210962
210988
211241
211297
211343
211587
211800
211821
212101
212128
212171
212245
212419
212423
212529
212737
212754
212812
213076
213166
213189
213204
213263
213506
214572
214683
214939
214950
215004
215177
215533
215665
215689
215693
215698
215844
216018
216104
216254
216263
216410
217757
217835
217883
217908
218319
218385
218424
218450
218493
218556
218603
218652
218719
218794
218928
218941
218970
219035
219290
219398
219548
219627
219715
219812
219849
219860
219870
219874
219947
220099
220218
220438
220623
220778
220779
220823
220917
221360
221459
221635
221804
221828
221851
221852
221987
222008
222135
222187
222214
222218
222222
222299
222313
222421
222623
222649
222856
222995
223214
223609
223643
223898
224069
224184
224289
224451
224464
224542
224738
224848
224894
225029
225107
225113
225189
225250
225272
225549
225572
225689
225850
226225
226378
226437
226533
226645
226703
226745
226964
227010
227096
227162
227164
227404
227405
227466
227478
227625
227957
228303
228431
228568
228597
228805
228811
228987
229031
229057
229070
229219
229243
229259
229260
229758
229814
229846
229849
230088
230417
230598
230745
230874
230941
231109
231248
231288
231566
231662
231796
231855
232002
232059
232485
232657
232659
232792
232923
233274
233278
233284
233286
233306
233585
233642
233652
233759
233880
233884
234334
234499
234531
234647
234670
234795
234831
235173
235230
235377
235463
235756
235794
235817
235865
236189
236464
236480
236485
236528
236589
236659
236720
237154
237454
237475
237551
237575
237744
237965
238655
238668
238731
238817
239315
239508
239595
239606
239667
239743
239802
239852
239873
239978
240031
240080
240206
240238
240244
240287
240301
240421
240855
240933
241522
242023
242182
242268
242426
242475
242514
242799
242904
242937
243425
243456
243837
244093
244145
244298
244341
244358
244382
244463
244729
244864
245072
245151
245263
245303
245345
245356
245406
246171
246326
246338
246551
246639
246761
246776
246830
246904
246988
247052
247107
247421
247551
247562
248142
248346
248393
248485
249296
249317
249539
249569
249759
249781
249787
249890
249891
249897
250171
250245
250353
250394
250482
250536
250599
250944
251043
251130
251144
251240
251301
251304
251479
251534
251591
251618
251852
251868
252167
252370
252380
252503
252591
252813
253104
253248
253605
253648
253676
253748
254223
254541
254545
254548
254651
254719
254886
254981
255044
255063
255222
255331
255517
255810
256066
256254
256304
256327
256444
256593
256617
256701
256847
256886
256890
257087
257346
257407
257540
257715
257848
257856
258014
258095
258238
258661
258664
258745
258900
258950
259015
259107
259164
259245
259270
259301
259371
259403
259440
259463
259913
260067
260077
260088
260128
260269
260278
260662
260724
260729
260893
260954
260964
261541
261735
262038
262213
262252
262292
262879
262892
262928
263011
263025
263030
263041
263074
263102
263105
263449
263537
263673
263708
263719
263746
263800
263923
263958
264039
264056
264143
264164
264192
264242
264332
264349
264529
264582
264650
264802
264832
264864
265246
265270
265329
265534
265586
265615
265791
265815
265841
265987
266004
266015
266020
266198
266563
266599
266715
266774
266780
267036
267044
267096
267103
267105
267129
267275
267305
267354
267386
267496
267637
267690
267892
268128
268216
268333
268421
268814
269124
269159
269193
269404
269588
269604
269650
269688
269877
269903
269910
269926
270268
270421
270455
270528
270726
270816
270911
271004
271101
271173
271259
271332
271496
271523
271582
272257
272287
272295
272563
272855
272863
272922
272970
273198
273418
273588
273590
273902
273956
274040
274246
274251
274255
274299
274309
274604
275161
275243
275318
275417
275443
275704
275892
275894
275972
276098
276339
276484
276813
276818
276962
277007
277063
277125
277154
277318
277353
277367
277383
277669
277767
277784
277800
277805
277825
277859
277914
277986
278023
278062
278132
278160
278201
278257
278262
278275
278356
278363
278398
278413
278418
278437
278461
278488
278519
278583
