371
438
458
505
567
572
578
590
666
925
967
986
1068
1109
1128
1219
1285
1541
1603
1678
1731
1853
2032
2115
2202
2211
2225
2251
2392
2495
2579
2761
2838
2976
3021
3222
3296
3701
3710
3786
3836
3865
3899
4125
4168
4169
4232
4328
4709
5009
5137
5193
5548
5798
5799
5803
5921
5980
5982
6035
6172
6375
6433
6436
6455
6459
6525
6718
6744
7079
7129
7255
7292
7326
7434
7435
7620
7726
7824
8011
8051
8093
8160
8194
8384
8440
8443
8644
8648
8968
8988
9050
9055
9111
9158
9301
9308
9477
9551
9628
9631
9762
9799
9818
10148
10252
10281
10436
10474
10613
10624
10766
10846
11027
11107
11113
11221
11346
11518
11533
11585
11828
11888
12041
12049
12072
12074
12138
12476
12814
12989
12990
13016
13066
13099
13204
13283
13368
13441
13464
13516
13588
13622
13643
13687
13816
13868
13915
13978
14118
14190
14488
14652
14680
14776
14820
15001
15066
15110
15333
15354
15403
15501
15537
15613
15654
15799
15827
15839
15949
16028
16115
16222
16270
16314
16543
16807
16881
16886
17000
17120
17278
17329
17389
17420
17765
17850
17860
17954
17977
18045
18105
18507
18604
18632
18675
18742
18857
18938
18945
18999
19081
19138
19147
19218
19303
19550
19551
19592
19838
19890
19893
19897
19914
19961
20059
20124
20129
20172
20198
20210
20256
20281
20390
20395
20569
20716
20763
20765
20809
20851
20886
20958
20960
20975
21269
21367
21370
21418
21567
21597
21642
21678
21748
21762
21799
21806
21809
21837
21888
21928
22003
22004
22610
22668
22832
22946
23055
23124
23182
23223
23276
23395
23412
23433
23468
23480
23583
23590
23639
23677
23688
23715
23730
23754
23770
23808
23893
24028
24159
24191
24205
24299
24549
24817
24852
24904
25075
25121
25267
25336
25553
25638
25668
25707
25708
25721
25774
25941
25986
26103
26168
26184
26220
26267
26302
26420
26584
26676
26707
26713
26856
27049
27053
27111
27142
27484
27520
27652
27860
27898
27900
27937
28119
28132
28144
28170
28241
28310
28315
28317
28340
28398
28415
28441
28528
28777
28883
28924
28967
28977
29167
29233
29249
29277
29464
29465
29470
29479
29572
29660
29833
29929
30023
30077
30154
30194
30336
30451
30477
30672
30752
30773
30895
30925
30928
30963
30965
30967
30990
31337
31523
31596
31694
31710
31734
31845
31893
31974
31992
32048
32103
32113
32123
32249
32321
32333
32426
32475
32484
32512
32724
32785
32861
32951
32980
33004
33011
33131
33220
33246
33457
33644
33763
33766
33768
33781
33789
34035
34113
34165
34178
34205
34249
34386
34438
34445
34573
34637
34886
35105
35235
35390
35449
35482
35602
35614
35619
35679
35694
35698
35728
35895
35937
35989
35997
36206
36224
36238
36272
36276
36369
36457
36474
36728
36759
36876
36945
36961
37184
37505
37684
37694
37716
37801
37831
37970
38300
38322
38376
38604
38632
38699
38745
38749
38799
39002
39249
39257
39351
39424
39703
39716
39808
39942
40029
40151
40178
40207
40230
40257
40300
40448
40600
40854
40872
40901
40957
40996
41018
41027
41062
41087
41170
41309
41316
41383
41396
41400
41641
41650
41656
41698
41781
41827
41868
42251
42287
42487
42501
42507
42601
42635
42649
42677
42712
42839
42940
43038
43149
43312
43444
43737
43754
43778
43862
43865
43886
44218
44225
44298
44302
44309
44318
44332
44427
44479
44500
44600
44612
44633
44748
44862
44890
44957
44990
45084
45172
45193
45278
45336
45392
45488
45489
45616
45789
45856
45877
45964
46034
46547
46650
46858
46888
46945
47066
47145
47169
47180
47429
47432
47440
47452
47498
47615
47629
47831
48000
48214
48345
48351
48536
48795
48865
48898
48958
49276
49309
49332
49482
49514
49531
49638
49664
49733
49835
49896
49932
49951
50006
50078
50192
50202
50226
50318
50340
50419
50504
50506
50586
50635
50661
51025
51094
51211
51259
51273
51320
51373
51395
51398
51476
51679
51682
51722
51723
51749
51778
51815
51888
52198
52209
52423
52674
52789
52808
52841
52856
52968
52979
53038
53124
53182
53302
53593
53718
53793
53795
53825
53934
53941
53985
54048
54064
54084
54108
54205
54217
54248
54287
54328
54420
54453
54467
54477
54482
54600
54647
54761
54771
54812
55045
55191
55224
55455
55466
55493
55660
55661
55713
55809
55970
55979
56107
56160
56190
56197
56205
56311
56323
56345
56458
56652
56675
56756
56786
56811
56901
56904
57038
57045
57064
57067
57144
57197
57256
57424
57425
57462
57510
57625
57634
57794
57851
57875
57926
57947
58245
58272
58347
58366
58373
58566
58578
58654
58670
58675
58685
58992
59017
59205
59262
59307
59454
59537
59620
59653
59842
59849
59858
59952
60008
60122
60183
60369
60410
60450
60550
60582
60595
60622
60636
60648
60684
60723
60827
60994
61008
61073
61142
61344
61393
61431
61464
61500
61658
61906
61914
61999
62011
62368
62374
62388
62411
62450
62483
62542
62762
62839
62935
62940
63065
63148
63179
63202
63218
63219
63223
63267
63311
63364
63465
63516
63618
63637
63640
63750
63991
64131
64218
64226
64261
64268
64269
64351
64553
64819
64994
65013
65169
65352
65487
65617
65730
65969
65984
66198
66537
66618
66671
66675
66734
66869
67022
67159
67242
67284
67375
67418
67535
67553
67602
67797
67903
67991
68066
68244
68360
68936
68981
69140
69227
69261
69336
69345
69469
69541
69601
69609
69667
69784
69811
69877
69889
69935
70196
70294
70421
70537
70554
70575
70611
70740
70947
70983
71205
71283
71316
71372
71426
71429
71474
71787
72019
72105
72133
72165
72297
72413
72446
72464
72600
72625
72653
72696
72922
72963
72972
73027
73063
73175
73267
73403
73411
73448
73570
73592
73600
73602
73603
73716
73864
73896
74023
74080
74129
74145
74149
74150
74275
74306
74330
74476
74547
74617
74701
74836
74901
74958
75031
75079
75097
75138
75158
75221
75509
75598
75612
75648
75652
75730
75787
75852
75948
76007
76353
76399
76655
77054
77058
77094
77297
77452
77649
77650
77762
77799
77836
77996
78015
78067
78068
78225
78241
78321
78376
78419
78519
78528
78595
78621
78960
79049
79100
79399
79406
79487
79510
79717
79979
79985
79991
80045
80071
80149
80259
80261
80284
80339
80411
80637
80688
80690
80834
80944
81005
81244
81269
81303
81342
81485
81538
81542
81719
81822
81914
81957
81987
82004
82022
82059
82308
82324
82361
82381
82385
82493
82538
82577
82695
82727
82858
82902
82949
82960
83051
83195
83298
83326
83443
83618
83778
84119
84129
84163
84196
84307
84332
84643
84781
84813
84841
84954
84980
85326
85372
85381
85391
85513
85606
85789
85906
86165
86347
86401
86411
86469
86790
86992
87144
87190
87323
87351
87429
87475
87595
87643
87674
87690
87712
87748
87882
87920
87961
88447
88492
88583
88640
88810
88960
89089
89213
89395
89420
89480
89514
89550
89596
89708
89833
90171
90560
90659
90712
90828
90834
90877
90953
90992
91046
91166
91179
91280
91433
91447
91515
91671
91723
91755
91828
91966
92188
92191
92261
92277
92347
92383
92405
92801
92807
92901
93031
93268
93388
93473
93589
93804
93816
93891
93947
94007
94026
94147
94162
94269
94323
94621
94734
94778
94931
94992
95021
95135
95151
95188
95251
95254
95371
95463
95509
95517
95521
95635
95655
95720
95721
95837
95898
95927
95955
96035
96094
96152
96348
96424
96427
96459
96470
96644
96648
96698
96710
96945
96992
97146
97201
97374
97587
97630
97653
97717
97886
98007
98008
98014
98033
98084
98187
98201
98221
98258
98262
98386
98448
98483
98682
98717
98738
98758
98844
98890
98933
98996
99064
99068
99085
99101
99105
99247
99261
99325
99344
99382
99394
99513
99833
99865
99884
99974
100111
100116
100141
100349
100371
100399
100446
100597
100677
100795
100901
101028
101043
101134
101326
101328
101582
101602
101609
101617
101624
101677
101695
101697
101859
102091
102108
102164
102218
102256
102443
102493
102610
102707
102783
102810
102902
103089
103124
103143
103334
103367
103587
103699
103732
103781
103929
103979
104009
104028
104237
104243
104283
104291
104321
104344
104360
104414
104442
104547
104574
104598
104699
104716
104759
104782
104805
104839
105193
105196
105200
105225
105369
105511
105614
105638
105650
105748
105821
105851
105869
105995
106116
106130
106169
106268
106343
106346
106458
106536
106806
106969
106971
107168
107173
107203
107210
107287
107355
107384
107398
107418
107637
107701
107907
107970
108149
108282
108353
108496
108635
108666
108677
108757
108861
108959
108979
109007
109206
109288
109401
109425
109650
109676
109810
109890
109954
110011
110148
110171
110505
110576
110671
110745
110789
110790
110852
111013
111082
111123
111158
111236
111262
111287
111328
111424
111454
111494
111506
111525
111570
111678
111795
111844
111885
112263
112288
112407
112448
112459
112556
112644
112675
112837
112870
112949
113070
113119
113131
113184
113522
113577
113582
113691
113800
113816
113939
114027
114184
114194
114221
114273
114497
114508
114603
114744
114879
114887
115030
115058
115088
115214
115244
115299
115399
115491
115500
115508
115531
115543
115662
115704
115719
115722
115790
115834
115856
115948
116056
116095
116123
116182
116195
116224
116369
116514
116554
116604
116649
116653
116684
116706
116780
116827
116876
116943
117022
117034
117069
117144
117306
117327
117386
117525
117550
117582
117647
117705
117733
117778
117785
118460
118477
118498
118687
118693
118699
118712
118796
118906
118927
119070
119189
119302
119304
119329
119344
119375
119397
119426
119435
119474
119543
119671
119694
119892
119910
119942
119995
120048
120343
120466
120576
120624
120765
120843
120870
120914
120950
120968
120977
121219
121376
121491
121517
121605
121816
121980
122061
122101
122107
122110
122123
122158
122239
122263
122281
122401
122482
122509
122581
122739
122802
122830
122898
123034
123092
123096
123206
123310
123335
123375
123398
123527
123605
123622
123705
123954
123962
123981
123993
124017
124025
124090
124477
124576
124866
125128
125132
125146
125227
125235
125266
125281
125283
125295
125368
125453
125458
125459
125516
125563
125578
125634
125752
125969
126010
126037
126110
126443
126548
126703
126710
126859
126912
127025
127037
127054
127321
127437
127450
127663
127761
127900
128048
128067
128114
128122
128274
128319
128321
128340
128448
128632
128726
128780
128799
128821
128952
128972
128974
128995
129202
129225
129311
129362
129498
129551
129641
129675
129714
129759
129793
129871
129905
129952
129958
129989
130052
130070
130088
130096
130265
130365
130391
130444
130457
130459
130609
130749
130917
131006
131106
131147
131159
131216
131386
131393
131414
131466
131639
131700
131704
131706
131790
132012
132021
132098
132149
132236
132354
132511
132628
132776
133178
133285
133349
133354
133721
133796
134072
134156
134168
134197
134240
134294
134299
134313
134323
134515
134771
135002
135170
135196
135199
135305
135329
135340
135435
135462
135577
135748
135818
135827
135852
135924
136000
136098
136157
136241
136426
136538
136601
136748
136776
136798
137048
137105
137119
137132
137134
137139
137141
137149
137176
137276
137355
137391
137396
137531
137628
137678
137728
137768
138115
138120
138248
138316
138318
138341
138351
138366
138388
138405
138424
138481
138538
138619
138694
138837
138889
138931
139174
139233
139261
139281
139527
139533
139561
139599
139606
139607
139688
139703
139845
139860
139867
139897
139941
139984
139991
140098
140257
140383
140432
140528
140630
140945
141117
141213
141351
141384
141401
141512
141799
141960
142114
142148
142200
142293
142380
142420
142460
142501
142531
142655
142865
143137
143155
143337
143514
143560
143689
143800
143901
144049
144052
144071
144079
144092
144112
144147
144166
144207
144360
144361
144500
144540
144834
145081
145116
145121
145139
145284
145330
145388
145471
145541
145549
145630
145669
145888
145916
145944
145954
145955
145984
145999
146020
146111
146126
146130
146142
146171
146227
146623
146769
147019
147051
147208
147396
147455
147477
147582
147660
147797
147837
147843
147869
147907
148220
148431
148721
148794
148868
149118
149184
149391
149441
149458
149609
149861
149968
149997
150055
150143
150287
150341
150417
150487
150994
151134
151195
151220
151433
151532
151545
151717
151755
151764
151802
151875
151912
151937
152133
152207
152247
152262
152428
152445
152476
152498
152601
152803
152814
152865
152934
152953
152987
153108
153163
153308
153464
153623
153825
153896
153928
154067
154082
154104
154277
154291
154295
154529
154656
154760
154770
154843
154895
154933
154941
154949
154954
155011
155144
155211
155433
155446
155450
155678
155699
155701
155755
155788
156023
156048
156191
156196
156197
156314
156427
156508
156586
156746
156906
157118
157254
157291
157366
157439
157569
157812
157840
157907
157911
158109
158226
158234
158471
158501
158530
158531
158645
158705
158782
158807
159091
159197
159251
159516
159519
159539
159577
159668
159679
159684
159793
159835
159986
160113
160122
160133
160157
160202
160551
160678
160689
160703
160781
160816
160826
160993
160998
161093
161195
161256
161318
161329
161385
161458
161478
161540
161648
161736
161740
162087
162260
162300
162405
162616
162620
162646
162682
162692
162709
162831
162890
162957
163172
163511
163633
163647
163750
163801
163984
164013
164087
164117
164187
164253
164302
164326
164423
164425
164428
164455
164604
164638
164689
164748
164777
164788
164800
164843
164872
164905
164972
165060
165182
165349
165357
165364
165381
165448
165482
165688
165719
165736
165737
165787
165858
165920
166010
166094
166191
166438
166861
167000
167043
167049
167126
167142
167154
167185
167332
167481
167497
167541
167955
168188
168195
168500
168527
168564
168701
168758
168815
168848
169039
169107
169167
169205
169255
169272
169274
169351
169422
169538
169646
169727
169776
169872
170029
170120
170168
170187
170289
170389
170420
170472
170561
170710
171104
171443
171752
171753
171939
171988
172034
172227
172230
172379
172586
172636
172684
172695
172900
172937
173039
173134
173151
173192
173400
173465
173503
173535
173580
173711
173778
173821
173834
174024
174032
174078
174086
174161
174338
174515
174516
174552
174617
174779
174931
174979
175014
175067
175105
175113
175201
175306
175359
175370
175448
175520
175671
175762
175777
175853
175954
176009
176064
176152
176190
176266
176541
176557
176592
176758
176846
176854
176924
176992
177016
177152
177316
177378
177391
177513
177516
177623
177820
177871
177879
177888
178098
178129
178166
178169
178211
178232
178564
178571
178720
178821
178887
178941
179094
179114
179120
179153
179154
179187
179284
179305
179356
179366
179387
179437
179439
179652
179684
179701
179703
179766
179912
180243
180387
180451
180473
180474
180583
180600
180606
180670
180711
180783
180800
180805
180989
181105
181205
181299
181344
181405
181492
181500
181526
181636
181647
181686
181832
181978
182007
182037
182065
182099
182154
182166
182280
182290
182404
182758
182840
182892
182946
182961
183145
183300
183421
183539
183653
183726
183866
183914
183978
184004
184174
184190
184261
184340
184392
184447
184636
184930
185029
185059
185200
185291
185445
185474
185750
185767
185783
185816
186012
186039
186140
186148
186210
186290
186340
186427
186608
186613
186697
186790
186816
186873
186903
187056
187094
187141
187142
187156
187185
187214
187278
187324
187536
187707
187767
187784
187799
187880
187933
188097
188215
188357
188382
188391
188410
188494
188523
188524
188600
188631
188804
188978
188985
189003
189283
189513
189544
189574
189689
189735
189769
189965
190085
190168
190264
190315
190404
190609
190645
190666
190702
190709
190749
190801
190853
190950
191115
191221
191226
191279
191491
191697
191743
191782
191787
191871
191893
191897
191957
192024
192058
192135
192139
192420
192563
192617
192820
192884
192944
192991
193138
193139
193199
193340
193499
193524
193600
193640
193680
193797
193825
194350
194428
194465
194498
194803
194837
194965
194987
195083
195296
195374
195508
195820
195983
196016
196018
196139
196267
196305
196327
196408
196409
196528
196570
196602
196696
196727
196806
196829
196963
196965
196968
197039
197376
197436
197448
197450
197524
197703
197740
197773
197787
197864
197948
198066
198077
198081
198168
198224
198229
198251
198270
198310
198315
198384
198426
198483
198565
198583
198677
198843
198845
198904
198944
199082
199348
199402
199458
199472
199555
199585
199675
199800
199828
199850
199924
200427
200432
200514
200534
200617
200967
200969
201045
201101
201162
201263
201304
201408
201801
201833
201859
201920
202044
202054
202060
202254
202543
202548
202733
202809
202968
203109
203126
203157
203173
203269
203385
203512
203564
203647
203662
203887
203921
204057
204204
204208
204262
204314
204343
204472
204519
204604
204661
204709
204756
204802
205352
205503
205590
205711
205835
205891
206004
206062
206136
206184
206218
206311
206382
206498
206519
206546
206683
206728
206750
206788
206808
206880
206991
207154
207155
207299
207332
207429
207498
207535
207632
207738
207812
207825
207887
207918
207991
208019
208043
208090
208107
208113
208122
208123
208237
208344
208362
208383
208522
208550
208722
208776
208841
208857
209136
209271
209433
209436
209488
209560
209607
209652
209758
209760
209784
209885
210002
210079
210086
210189
210226
210301
210385
210443
210562
210661
210664
210769
210798
210853
211024
211159
211164
211231
211413
211513
211654
211739
211814
211906
212003
212027
212198
212312
212318
212356
212381
212623
212669
212681
212812
212877
212913
212917
213204
213359
213483
213494
213512
213522
213575
213632
213643
213717
213788
213847
213898
213909
214092
214101
214199
214260
214292
214752
214756
214998
215004
215016
215108
215177
215228
215248
215339
215386
215607
215686
215761
215994
216049
216070
216160
216164
216166
216462
216482
216574
216615
216619
216687
216914
217146
217387
217479
217582
217606
217636
217646
217706
217771
217794
217799
217883
217904
217954
217976
218095
218225
218303
218315
218493
218589
218628
218629
218652
218883
218932
219237
219278
219328
219345
219462
219538
219881
219958
219965
220019
220185
220212
220225
220232
220338
220391
220400
220430
220432
221004
221262
221305
221342
221349
221383
221396
221433
221487
221548
221641
221697
221804
221828
222031
222093
222154
222174
222326
222337
222361
222417
222517
222594
222624
222651
222744
222810
222822
222961
222970
223081
223171
223184
223401
223476
223545
223558
223714
223820
223898
224031
224203
224343
224383
224399
224498
224608
224629
224632
224669
224714
224776
224854
224934
224961
224982
225013
225142
225275
225596
225765
225813
225987
225995
226053
226136
226193
226310
226483
226672
226955
226983
227032
227069
227137
227268
227296
227308
227381
227406
227478
227504
227617
227625
227688
227962
227973
227988
228012
228096
228366
228444
228642
228666
228765
228905
229062
229246
229367
229487
229613
229624
229808
229849
229968
230109
230349
230360
230365
230411
230434
230522
230625
230642
230722
230831
230872
230997
231004
231043
231200
231211
231409
231605
231793
231852
231920
232489
232525
232559
232560
232687
232692
232694
232919
232923
232980
233441
233544
233585
233630
233634
233752
233798
234120
234350
234439
234524
234620
234708
234812
235262
235265
235267
235276
235317
235396
235421
235431
235450
235477
235524
235713
235792
235875
235882
235891
236018
236023
236114
236140
236209
236366
236421
236464
236469
236541
236698
236704
236709
236714
236788
236828
236964
237025
237219
237443
237471
237491
237551
237569
237613
237684
237739
237836
238014
238061
238123
238158
238278
238416
238601
238606
238685
238728
238731
238820
238869
239008
239072
239079
239108
239119
239296
239492
239600
239607
239721
239878
239900
239935
239973
240065
240067
240147
240188
240200
240206
240255
240376
240403
240500
240667
240770
240918
241005
241158
241298
241330
241344
241406
241610
241706
241759
241823
242022
242098
242182
242183
242334
242335
242364
242425
242497
243101
243136
243182
243216
243298
243329
243406
243521
243615
243837
243849
243867
243930
243934
243993
244083
244122
244252
244354
244482
244489
244524
244597
244627
244662
244792
244954
244962
245004
245026
245082
245119
245122
245162
245217
245384
245539
245692
245795
245888
245919
246064
246280
246349
246405
246473
246519
246616
246757
246761
246830
246869
247229
247438
247486
247512
247522
247552
247587
247596
247680
247748
247780
247838
247852
247957
248144
248273
248419
248485
248565
248645
248726
248786
248803
248810
248831
248866
248877
249008
249068
249137
249160
249199
249326
249327
249399
249401
249585
249702
249705
249723
249884
249958
250016
250173
250187
250414
250434
250513
250523
250599
250609
250850
250964
250986
251019
251059
251291
251299
251583
251806
251807
251813
251868
252152
252195
252253
252308
252319
252345
252595
252622
252732
252737
252802
252836
252900
252947
253026
253055
253101
253165
253255
253265
253520
253801
254176
254396
254569
254633
254707
254760
254804
254878
254934
255078
255093
255183
255324
255376
255501
255521
255586
255636
255749
255857
255883
256063
256133
256159
256169
256238
256337
256359
256499
256608
256706
256807
256853
256898
256907
256923
256978
257051
257088
257179
257346
257480
257697
257753
257768
257805
257874
257920
258095
258242
258333
258343
258367
258653
258661
258800
258824
258850
258982
259070
259113
259241
259246
259437
259463
259511
259516
259720
259734
259871
259875
259961
259964
259991
260064
260170
260177
260224
260353
260420
260475
260487
260561
260630
260641
260666
260687
260765
260980
260997
261012
261129
261204
261252
261573
261591
261706
261715
261748
261859
261930
262237
262240
262256
262450
262503
262605
262646
262648
262752
262815
262839
262868
262999
263001
263011
263023
263078
263092
263159
263241
263250
263351
263536
263600
263618
263619
263673
263785
263818
263825
263898
263923
263950
264178
264214
264242
264303
264380
264440
264464
264481
264503
264565
264720
264778
264825
264839
264868
264984
265190
265417
265473
265552
265586
265611
265682
265722
265770
265871
265906
266050
266475
266516
266539
266563
266707
266876
266902
267165
267238
267244
267314
267354
267483
267495
267656
267722
267804
267960
268037
268184
268199
268250
268263
268266
268363
268373
268529
268656
268658
269113
269159
269165
269217
269234
269323
269330
269404
269413
269421
269543
269620
269793
269903
269910
270037
270045
270064
270145
270207
270244
270284
270347
270352
270380
270384
270386
270497
270653
270829
270875
271063
271072
271141
271198
271300
271439
271458
271556
271719
271805
271852
272104
272165
272243
272249
272315
272374
272454
272456
272467
272522
272571
272717
272931
273164
273176
273483
273518
273532
273562
273631
273688
273701
273732
273754
273816
273888
273973
274039
274218
274273
274277
274299
274460
274524
274549
274679
274713
274725
274876
274962
275074
275377
275466
275676
275855
275876
275907
276071
276073
276107
276153
276172
276180
276392
276594
276596
276797
276898
276953
277054
277112
277142
277445
277513
277672
277786
277921
277948
277963
277975
278068
278239
278252
278264
278272
278386
278418
278429
278577
278618
