282
307
621
720
904
920
1036
1039
1193
1197
1277
1300
1592
1901
1910
1999
2102
2254
2392
2842
3151
3408
3876
3912
3954
4151
4316
4421
5145
5315
5627
5670
5713
6085
6345
6361
6528
6907
7193
7251
7434
7554
7702
8218
8417
8509
8557
8750
8756
8931
8955
9131
9208
9253
9293
9520
10088
10163
10422
10625
11162
11360
11565
11716
11814
12044
12257
12290
12382
12989
13148
13201
13212
13379
13462
13523
13588
13748
13912
14138
14255
14383
14510
14655
14811
14967
15417
15440
15794
16018
16137
16162
16319
16564
16899
17612
17768
18512
18604
18757
18871
18928
19145
19830
20079
20445
20491
20639
20774
21344
21452
21872
21915
21937
22204
22480
22493
22685
23743
23754
23796
24011
24169
24195
24450
24504
24868
25231
25237
25514
25727
25866
25941
26262
26555
26642
27105
27125
27589
27718
27917
28327
28366
28618
28895
29046
29160
29370
29380
29474
29485
29522
29774
29839
29901
29932
29996
30016
30147
30157
30354
30402
30625
30645
30821
31393
31676
31707
31737
32327
32399
32440
32500
33042
33571
33731
33827
34003
34351
34605
34631
34975
35023
35044
35336
35395
35619
35639
35645
35870
36010
36016
36116
36220
36270
36373
36752
36816
36976
37465
37567
37651
37789
37807
38017
38030
38072
38295
38307
38387
38559
38632
38678
38892
38944
38978
39503
39581
39813
40026
40301
40351
40618
40779
40783
40793
40846
41268
41288
41362
41600
41698
41764
42096
42649
42677
42939
43104
43425
43466
43500
43571
43683
43801
43834
43893
44252
44396
44427
44478
44607
45039
45121
45247
45282
45364
45370
45402
45556
46038
46171
46613
46763
46928
47146
47240
47581
47673
47810
48118
48837
48898
49047
49078
49458
49627
49637
49886
50085
50116
50148
50484
50518
50788
50886
51007
51200
51326
51423
51430
51460
51685
51740
51850
51860
52106
52183
52188
52246
52611
52617
53146
53777
53834
53851
53988
54269
54955
55106
55675
55726
55819
55821
55894
56081
56126
56465
56474
56532
56652
56695
56923
57057
57145
57256
57400
57597
57637
57750
57938
58153
58341
58356
58509
58690
59034
59438
59440
59517
59877
60111
60143
60700
60847
60852
60902
61020
61030
61211
61252
61433
61546
61569
61994
62020
62047
62122
62141
62202
62574
62599
62898
63162
63551
63958
63992
64474
64542
64549
64594
64749
64799
65098
65111
65487
66027
66161
66163
66312
66508
66716
66731
66744
67071
67128
67430
67517
67521
67646
67688
67791
67812
67920
68229
68262
68272
68307
68539
68629
69140
69216
69259
69337
69391
69880
70036
70252
70758
70955
70960
71049
71183
71320
71472
71782
71854
72139
72148
72183
72345
72524
72615
73085
73317
73593
73594
73646
73877
73954
74080
74150
74357
74515
74566
74834
75484
75515
75871
75982
76475
76534
76635
76686
77019
77023
77100
77398
77407
77669
77721
77738
77889
78335
78360
78441
78476
78756
79117
79540
79750
79945
80053
80298
80594
80732
80757
80834
81008
81018
81496
81909
82281
82294
82407
82479
82602
82822
82932
82949
83228
83351
83355
83389
83435
84174
84301
84387
84421
84531
84619
85123
85356
85441
85486
85516
85649
85686
86061
86279
86552
86564
86772
86781
86997
86999
87186
87192
87213
87375
87544
87724
87910
88078
88243
88504
88513
88568
88931
88986
89158
89165
89213
89454
89475
89681
89794
89901
90157
90176
90357
90514
90711
90712
90746
90857
91030
91542
91638
92355
92553
92559
92579
92642
92799
92878
93143
93316
93319
93337
93866
94436
94454
94596
94872
94896
95073
95185
95312
95430
95463
95467
95503
95605
95611
96007
96262
96374
96410
96463
96475
96736
96864
97034
97600
97603
97630
97657
97664
97666
97698
98167
98448
98454
98490
98495
98673
98678
98758
98988
98990
99048
99101
99512
99614
99620
99728
100124
100358
100792
100823
101070
102040
102097
102108
102245
102368
102698
103059
103071
103126
103367
103647
103660
103792
103829
104054
104345
104970
105030
105069
105145
105191
105255
105436
105453
105476
105575
106275
106558
106585
106620
106774
106811
107010
107106
107296
107490
107561
108769
108839
108857
108967
109524
109622
109757
109886
109961
110028
110328
110399
110447
110499
110543
111255
111266
111309
111795
112277
112295
112307
112679
112828
112949
113338
113371
113740
113789
113818
113939
113997
114007
114328
114808
115078
115209
115486
116078
116150
116632
116645
116896
117034
117089
117141
117697
118131
118229
118882
118894
119059
119186
119265
119305
119959
120044
120228
120458
120489
120893
121161
121264
121316
121568
121717
121864
121923
122238
122421
122579
122828
122839
123067
123683
124383
124513
124633
124817
125001
125192
125269
125432
125448
125540
125978
126071
126815
126928
127342
127453
127462
127495
127546
127579
127595
127606
127792
127823
127853
128026
128074
128122
128146
128337
128366
128386
128421
128434
128462
128473
128805
128983
129432
129747
130033
130059
130096
130288
130396
130602
130702
130823
130840
130932
131165
131393
131472
132136
132202
132207
132220
132268
132833
132857
132926
133143
133305
133308
133602
134051
134107
134211
134463
134471
134483
134844
134990
135062
135140
135412
135434
135942
136191
136326
136332
136394
136669
136685
136693
137259
137365
137402
137732
137884
137908
137945
138096
138102
138274
138293
138387
139034
139089
139353
139421
139772
139825
139853
140065
140208
140959
141085
141199
141218
141284
141315
141390
141646
141863
142051
142107
142114
142115
142138
142167
142168
142173
142187
142256
142489
142516
142573
142729
142831
143364
143385
143399
143571
143621
143641
143657
143666
143713
143875
143939
143940
144049
144284
144409
144472
144635
144664
144673
145310
145321
145408
145683
145772
145798
145840
146264
146287
146466
147069
147194
147310
147572
148043
148176
148282
149061
149063
149146
149331
149572
149634
149800
150519
150586
150599
150792
150964
151723
151730
151768
152112
152264
152467
152641
152851
153075
153159
153651
153943
153980
154188
154193
154402
154610
154762
154778
155123
155255
155274
155298
155407
155622
155872
156025
156040
156046
156340
156433
156710
156759
156863
157467
157545
157925
157939
157990
158034
158122
158291
158714
158844
158884
159003
159038
159059
159073
159209
159231
159362
159366
159400
159520
159545
159784
159867
160002
160363
160413
160860
161078
161148
161224
161263
161410
161495
161509
161551
161730
161784
161925
162405
162755
162842
163442
163641
163901
163934
164029
164268
164417
164595
164713
164740
164878
165234
165271
165542
165648
165782
165960
166203
166204
166226
166322
166568
166660
166809
166953
167050
167081
167104
167262
167775
167887
168066
168101
168194
168269
168390
168423
168627
168773
168956
168988
169001
169283
169683
169788
170478
170552
170582
170601
171027
171260
171278
171647
171685
171707
171753
171766
171872
172034
172335
172390
172786
173090
173447
173561
173796
174173
174730
174900
175060
175119
175492
175597
175602
175683
175728
175911
176019
176664
176941
177094
177239
177495
177566
178185
178348
178420
178482
178569
178571
178604
178689
178709
178747
178980
179018
179036
179106
179120
179220
179356
179440
179695
179900
180037
180107
180168
180595
180655
180661
180712
180805
180831
181035
181083
181205
181213
181523
181562
181643
181660
181718
181899
181959
181987
182199
182343
183233
183302
183619
183672
184273
184336
184413
184483
184489
185029
185061
185452
185507
185952
185962
186027
186540
186898
187094
187293
187404
187502
187880
187942
188018
188068
188203
188345
188361
188849
189042
189251
189315
189358
189544
189615
189768
190007
190050
190196
190210
190267
190645
190666
190723
190903
190971
191054
191110
191322
191443
191532
191571
191743
191867
191942
191959
192152
192274
192363
192390
192398
192619
192807
192809
192901
192955
193169
193235
193284
193523
193525
193597
193768
193825
193894
194254
194266
194351
194456
194511
195051
195076
195744
195794
196034
196046
196543
196587
196624
196634
196808
196837
196838
196953
196987
197340
197360
197395
197618
197656
197734
197748
197774
197897
198199
198244
198298
198331
198468
198564
198755
198797
198980
199129
199272
199380
199481
199528
199590
199693
200078
200139
200281
200295
200754
200763
200769
200815
201644
201652
201653
201940
202194
202214
202350
202377
202613
202694
202861
202862
203046
203135
203337
203472
203646
204187
204343
204756
204936
205394
205869
205871
206024
206113
206133
206140
206195
206200
206221
206502
206562
206987
207122
207134
207249
207618
207738
207812
207874
207905
207927
207997
208079
208126
208386
208424
208546
208968
209023
209025
209040
209051
209431
209552
209680
209733
210037
210256
210291
210313
210353
210610
210611
210659
210786
210823
211110
211241
211297
211343
211541
211587
211756
212027
212128
212245
212423
212464
213076
213166
213189
213263
213422
213506
213615
214252
214572
214683
214950
215422
215443
215533
215698
215749
216018
216104
216157
216217
216254
216263
216410
217013
217121
217835
217908
218385
218424
218603
218719
218815
219035
219158
219178
219398
219715
219790
219812
219860
219870
219874
219947
220099
220131
220216
220218
220623
220778
220779
220807
220823
220917
221360
221459
221804
221828
221852
221987
222008
222135
222214
222299
222313
222623
222649
222802
222856
222995
223029
223214
223609
223898
224184
224289
224383
224451
224464
224542
224738
224788
224848
224894
224993
225029
225107
225113
225189
225272
225530
225549
225572
225715
226225
226330
226437
226533
226645
226926
226964
227010
227404
227405
227445
227466
227957
227971
228041
228075
228100
228158
228303
228597
228811
228817
228987
229031
229057
229063
229243
229259
229260
229758
229807
229814
230319
230417
230598
230745
230872
231109
231157
231248
231662
231796
231855
232002
232059
232173
232587
232657
232659
232792
232840
232923
233274
233278
233284
233286
233642
233652
233880
233884
234149
234334
234499
234647
234670
234773
234795
234831
235173
235230
235254
235375
235377
235463
235711
235756
235794
235817
235865
235936
236189
236485
236528
236589
236659
236720
236893
237129
237154
237411
237475
237575
237744
237965
238278
238623
238668
238731
238953
239077
239171
239508
239595
239667
239679
239694
239802
239852
239873
239978
240031
240080
240287
240301
240421
240512
240696
240903
240933
241406
241522
241680
242023
242089
242268
242475
242600
242904
242905
243283
243456
243837
243866
244024
244093
244145
244298
244341
244382
244463
244662
244729
245062
245072
245090
245151
245303
245356
245400
246171
246326
246338
246551
246772
246776
246904
246988
247052
247107
247421
247455
247551
247562
247697
247780
247788
248142
248346
248393
248645
249296
249399
249539
249543
249759
249781
249787
249891
249897
250027
250082
250114
250171
250353
250394
250675
250944
251130
251240
251301
251534
251591
251601
251618
251852
252167
252252
252370
252380
252415
252503
252700
252813
253104
253112
253119
253248
253605
253648
253676
253748
254223
254368
254447
254541
254545
254548
254647
254651
254719
254782
254886
254981
255063
255222
255331
255517
255682
255810
256066
256254
256304
256327
256344
256444
256567
256593
256776
256847
256890
256978
256988
256990
257087
257268
257540
257805
257848
257856
258014
258238
258664
258745
258950
259164
259195
259245
259270
259403
259440
259699
259887
259913
260067
260077
260088
260128
260269
260374
260538
260662
260857
260893
260930
260954
260964
261541
261735
262038
262213
262252
262292
262314
262509
262879
262892
262912
263041
263074
263102
263105
263449
263537
263627
263708
263729
263746
264039
264056
264143
264164
264192
264242
264349
264582
264650
264675
264802
264804
264864
264873
264881
265208
265246
265270
265534
265615
265623
265815
266004
266015
266198
266274
266420
266871
267036
267044
267096
267103
267105
267129
267275
267347
267386
267637
267892
268216
268249
268333
268406
268499
268779
268814
269124
269193
269278
269309
269588
269650
269699
269753
269849
269877
269890
269926
270058
270150
270421
270455
270528
270726
270816
270911
271004
271101
271173
271332
271523
271582
271944
272287
272295
272580
272714
272863
272922
272948
272970
273198
273487
273590
273857
273902
274040
274106
274309
274604
274650
274845
275161
275255
275318
275389
275417
275499
275516
275704
275854
275892
275972
276010
276098
276120
276300
276339
276484
276813
276818
276962
277007
277063
277154
277318
277367
277591
277669
277784
277800
277805
277914
277986
278023
278062
278118
278132
278160
278201
278257
278259
278262
278275
278356
278413
278437
278461
278484
278488
278519
278526
278583
