33
70
106
118
151
338
362
471
616
718
795
813
939
1059
1060
1099
1110
1199
1624
1684
1689
1762
1827
1843
2068
2201
2385
2449
2688
2731
2735
2796
2890
3231
3250
3286
3697
3798
3990
4068
4183
4199
4205
4243
4246
4247
4361
4523
4537
4680
4713
4807
4868
5180
5321
5457
5558
5595
5871
5879
5990
6083
6107
6603
6700
6738
6827
6850
6976
6999
7092
7143
7266
7390
7630
7727
7865
7881
8005
8016
8043
8052
8216
8270
8347
8361
8421
8516
8639
8771
8790
8792
8825
8855
8878
8919
9081
9100
9170
9325
9354
9358
9938
10139
10448
10601
10808
10828
10877
10902
10929
11096
11117
11287
11314
11483
11491
11504
11515
11665
11669
11725
12196
12414
12416
12445
12469
12537
12710
12761
12820
12847
12947
12954
12978
13166
13242
13268
13298
13309
13630
13860
14366
14410
14483
14522
14564
14920
15024
15067
15138
15143
15156
15295
15754
16104
16161
16282
16339
16361
16688
16745
16883
16894
17029
17181
17314
17478
17496
17600
17655
17712
17749
17872
17877
17946
18084
18303
18329
18438
18522
18558
18717
18722
18728
18747
18759
18793
18818
18823
19141
19308
20073
20280
20364
20496
20574
20619
20669
20670
20962
20987
21088
21321
21422
21442
21510
21632
21674
21731
21757
21811
21851
21914
21971
22049
22175
22648
22684
23002
23139
23474
23487
23513
23722
24075
24103
24179
24345
24506
24697
24733
24799
24846
24857
24933
25341
25429
25679
25687
25694
25706
26161
26304
26441
26546
26621
26743
27019
27035
27098
27239
27287
27325
27693
27733
27799
28404
28455
28486
28508
28550
28573
28758
28793
28912
28966
29096
29139
29239
29372
29423
29462
29588
29612
29673
29769
29845
29971
30126
30148
30221
30235
30244
30283
30372
30390
30738
30753
30759
30764
30797
30829
30851
30862
30914
30939
30962
31064
31184
31331
31381
31386
31468
31661
31662
31723
31752
31787
31978
32112
32144
32189
32240
32715
32770
32810
32832
32917
32973
33015
33098
33256
33283
33520
33661
33836
34009
34108
34115
34126
34254
34284
34298
34346
34365
34387
34392
34478
34752
34756
34949
34960
35020
35025
35265
35412
35502
35582
35606
35635
35857
35964
36168
36182
36258
36283
36359
36438
37103
37270
37285
37416
37440
37512
37518
37543
37572
37576
37579
37598
37710
37781
37808
37835
37854
37933
37974
37991
38001
38004
38150
38171
38245
38385
38406
38410
38445
38565
38571
38626
38823
38917
38925
38952
38969
39509
39555
39629
39835
39843
39987
39999
40012
40104
40134
40152
40186
40346
40367
40560
40599
40801
40950
40969
40970
41314
41320
41322
41427
41479
41612
41629
41773
41794
41886
41978
41997
42061
42068
42336
42339
42430
42700
43160
43257
43306
43334
43342
43469
43502
43565
43569
43576
43700
43789
44083
44245
44249
44385
44424
44618
44773
44775
44795
44909
44975
45019
45026
45074
45158
45187
45255
45293
45333
45352
45391
45550
45554
45730
46019
46036
46215
46217
46290
46365
46416
46452
46597
46601
46603
46626
46749
46762
46922
47806
47876
48044
48047
48083
48089
48122
48140
48213
48327
48467
48549
48557
48705
48891
48980
49120
49121
49446
49461
49546
49668
49784
49821
49908
49990
50075
50294
50313
50423
50475
50629
50634
50688
50760
50858
50910
50944
50963
51054
51134
51139
51330
51399
51455
51456
51480
51596
51684
51735
51748
51830
51847
51870
51883
52039
52192
52194
52196
52223
52368
52402
52410
52568
52769
52798
53384
53729
53815
53847
54171
54201
54207
54270
54286
54311
54321
54329
54392
54435
54594
54605
54678
54701
54723
54921
54997
55024
55093
55097
55102
55302
55365
55430
55441
55635
55744
56046
56053
56280
56416
56470
56560
56628
56883
56884
57092
57162
57178
57227
57445
57503
57522
57555
57619
57638
57648
57655
57680
57694
57743
57958
58000
58002
58003
58017
58023
58129
58253
58391
58459
58520
58709
58714
58903
59001
59187
59363
59786
60179
60201
60488
60607
60709
60906
60939
61143
61247
61543
61639
61917
62204
62360
62362
62404
62478
62490
62593
63096
63384
63498
63558
63678
63876
63885
63937
64006
64168
64175
64281
64519
64600
64609
64696
65268
65572
65706
65714
65986
66002
66112
66333
66484
66530
66901
66927
66928
66966
67167
67321
67365
67372
67460
67461
67482
67520
67527
67536
67649
67758
67807
67856
67901
67977
68030
68047
68078
68257
68296
68381
68593
68609
68742
68811
68816
68846
68937
68942
69130
69223
69297
69369
69508
69588
69858
70054
70181
70236
70285
70328
70438
70639
70641
70757
70789
70952
71226
71406
71448
71453
71544
71566
71738
71953
71958
72016
72052
72079
72154
72186
72316
72481
72487
72507
72605
72688
72764
72813
73069
73096
73190
73327
73347
73639
73862
74197
74308
74545
74678
74792
75065
75117
75368
75626
75636
75683
75715
75895
75912
75945
76020
76068
76132
76238
76435
76728
76812
76987
77165
77326
77441
77609
77625
77653
77689
77767
77798
77803
77869
78112
78287
78333
78339
78414
78594
78665
78693
78726
78832
79033
79102
79153
79213
79224
79238
79293
79346
79410
79491
79633
80050
80107
80482
80589
80608
80618
80644
80646
80796
80905
80958
81202
81426
81427
81723
81829
81830
81907
81921
81946
82035
82284
82353
82416
82603
82791
82851
82857
83095
83161
83681
83960
84088
84094
84097
84103
84181
84219
84945
84971
84977
85399
85489
85500
85780
85907
86057
86832
86957
86982
87120
87167
87561
87614
88030
88167
88213
88237
88313
88550
88580
88785
88899
88983
89095
89413
89601
89725
89735
89774
89874
89925
89951
89969
90000
90066
90138
90274
90435
90658
90855
90950
90998
91285
91475
91479
91533
91550
91710
91787
91808
91825
91895
91980
91988
92189
92279
92498
92563
92588
92623
93030
93140
93176
93427
93628
93922
93936
94041
94070
94224
94423
94674
94677
94707
94757
94907
95170
95190
95639
95760
95935
96153
96171
96372
96499
96678
96684
96815
96928
96977
96997
97131
97145
97163
97244
97405
97470
97588
97773
97833
97835
97866
97952
98075
98088
98204
98361
98388
98494
98581
98592
98615
98627
98672
98762
99005
99012
99045
99173
99207
99431
99588
99639
99649
99695
99825
99870
99984
99993
100101
100133
100278
100311
100553
100564
100697
100877
100953
101114
101365
101588
101752
102030
102043
102106
102177
102457
102608
102685
102695
102726
102761
102797
102899
102923
102926
102943
102994
103082
103349
103412
103433
103441
103615
103626
103713
103872
104075
104091
104144
104305
104343
104466
104520
104553
104607
104611
104767
104818
105049
105119
105131
105202
105381
105486
105750
106088
106142
106183
106211
106288
106304
106306
106508
106621
106670
106735
106756
106814
106869
106870
106872
106943
107031
107065
107067
107093
107126
107147
107190
107411
107646
107758
107951
107963
108079
108136
108190
108206
108431
108498
108703
108709
108724
108783
108824
108852
108965
109088
109134
109219
109280
109297
109305
109354
109357
109465
109621
109647
109770
109845
109975
110108
110115
110163
110307
110333
110431
110460
110715
111218
111223
111306
111592
111596
111680
111737
111943
111985
111991
111998
112006
112088
112103
112184
112306
112323
112667
112775
113081
113115
113509
113664
113715
113786
113807
113835
113839
113865
113914
113956
113991
114274
114854
114937
114978
115038
115575
115750
115860
115927
115935
115961
116004
116073
116099
116108
116229
116357
116383
116579
116618
117045
117236
117319
117465
117686
117836
117839
117863
117931
118096
118109
118574
118789
118813
118870
118975
118979
119072
119251
119257
119306
119376
119389
119404
119422
119542
119657
119704
119915
119945
120061
120495
120602
120712
121243
121312
121334
121384
121557
121596
121706
121753
121842
121928
121991
122091
122130
122247
122546
122704
122745
122747
122844
122872
122991
123074
123396
123413
123443
123497
123646
123654
123703
123719
123896
124201
124469
124640
124814
124952
125057
125163
125238
125455
125708
125791
126036
126252
126315
126373
126573
126589
126597
126639
126936
127014
127057
127175
127180
127221
127320
127349
127619
127624
127801
127973
128076
128093
128141
128144
128336
128347
128351
128361
128425
128537
128590
128628
129280
129357
129359
129608
129734
129845
130201
130403
130409
130421
130630
130782
130852
131081
131094
131096
131130
131199
131225
131284
131508
131799
131933
132129
132147
132408
132781
133008
133029
133269
133398
133981
134021
134044
134327
134391
134423
134474
134545
134617
134825
134863
134976
135075
135407
135409
135563
135866
135894
135913
135950
136121
136138
136226
136430
136534
136771
136851
136853
137064
137143
137164
137440
137517
137680
137691
137709
137710
137793
137822
137861
137890
137895
138272
138417
138505
138668
138892
139141
139313
139339
139410
139437
139468
139537
139581
139659
139737
139816
139821
139914
139964
140028
140360
140516
140622
140758
140772
140817
140832
141173
141184
141190
141625
141716
141762
141801
141811
141855
142209
142369
142384
142385
142471
142493
142607
142657
142669
142837
142863
143055
143189
143248
143327
143372
143473
143576
143823
144381
144611
144618
144631
144713
144789
144872
145185
145231
145234
145345
145441
145458
145551
145811
145876
145981
146016
146019
146026
146035
146080
146103
146143
146158
146220
146286
146339
146438
146577
146760
146883
146952
147534
147554
147581
147886
147916
148135
148174
148288
148314
148367
148411
148448
148482
148592
148643
148648
148649
148656
148814
148816
148871
149150
149262
149358
149384
149821
149868
150094
150133
150232
150317
150659
150670
150757
150774
150805
150812
150944
150983
151180
151208
151372
151634
151692
151746
151877
151886
152164
152672
152844
152855
152857
152918
153032
153050
153161
153244
153284
153369
153414
153474
153577
153587
153864
153891
153895
153932
154029
154275
154341
154668
154693
154820
154869
154894
154973
155189
155366
155415
155440
155566
155633
155748
155873
156088
156662
156680
156808
157034
157117
157252
157313
157478
157513
157594
157912
158048
158137
158550
158636
159016
159070
159101
159216
159221
159250
159332
159426
159655
159724
159751
159825
159831
159960
160042
160084
160237
160370
160391
160409
160564
160693
160825
160834
161116
161520
161618
161733
161735
161794
161806
162048
162263
162297
162514
162578
162642
162652
162716
162889
162896
162909
162994
163144
163177
163378
163409
163448
163451
163714
163729
163852
163862
163950
163999
164054
164102
164126
164229
164281
164501
164648
164686
164717
164728
164856
164897
165109
165179
165197
165292
165363
165398
165406
165454
165460
165503
165568
165651
165667
165778
165807
165836
165846
165865
165896
165968
166271
166366
166382
166387
166426
166469
166572
166682
166721
166723
166728
166904
166925
166935
167034
167168
167215
167630
167750
167993
168239
168358
168396
168487
168529
168738
168830
168979
169197
169263
169414
169466
169520
169543
169686
169755
169781
169977
170169
170194
170329
170351
170432
170765
170775
170815
170871
170894
171188
171322
171631
171691
171783
172043
172044
172266
172286
172304
172323
172418
172440
172508
172659
172758
172768
172854
172864
172897
172920
173037
173107
173271
173279
173366
173371
173496
173940
174064
174275
174307
174381
174688
175110
175269
175276
175584
175606
175615
175727
175737
175990
176000
176029
176069
176100
176108
176174
176356
176372
176416
176466
176480
176627
176727
176808
176909
176918
177029
177055
177134
177313
177329
177427
177520
177636
177644
177767
177771
178286
178300
178354
178575
178712
178729
178738
178957
179144
179221
179325
179397
179438
179497
179502
179617
179791
179841
180135
180163
180310
180627
180669
180709
180751
180784
180971
181076
181085
181342
181513
181616
181785
181849
181977
182055
182091
182148
182157
182212
182262
182340
182351
182845
183012
183015
183135
183306
183335
183514
183544
183826
183838
183934
183996
184103
184287
184335
184341
184647
184690
184817
184945
184957
185027
185149
185178
185242
185289
185793
185873
185900
185975
186026
186547
186580
186810
186817
186906
187078
187288
187319
187321
187504
187639
187788
187903
188064
188143
188225
188323
188449
188482
188593
188639
188677
188681
188829
188922
188926
189050
189054
189114
189131
189237
189414
189465
189502
189514
189788
189942
189959
190058
190311
190316
190346
190399
190423
190450
190461
190469
190473
190502
190505
190535
190583
190776
190782
190889
191104
191130
191252
191332
191359
191391
191426
191428
191458
191559
191756
191764
191815
191968
191975
191976
192252
192273
192464
192620
192626
192724
193243
193251
193267
193298
193427
193500
193594
193750
193856
193857
193891
193926
193947
193956
193990
194012
194034
194114
194377
194483
194502
194737
194790
195125
195139
195197
195224
195463
195532
195551
195699
195735
195865
195981
195999
196017
196185
196208
196248
196346
196356
196369
196400
196414
196421
196436
196438
196440
196467
196478
196535
196537
196575
196771
196799
196885
196942
196980
196988
196991
197050
197239
197322
197387
197561
197593
197597
197605
197635
197643
197706
197753
197796
197812
197878
197909
197959
198092
198213
198252
198401
198454
198603
198686
198717
198801
198820
198841
198899
199000
199120
199153
199201
199228
199295
199320
199323
199368
199376
199890
199925
200023
200046
200113
200312
200321
200333
200351
200436
200480
200497
200790
200829
200972
201039
201209
201255
201395
201486
201868
201963
201995
202075
202134
202162
202349
202402
202404
202471
202532
202636
202726
202844
202851
202874
202912
202923
202944
202950
203005
203112
203177
203279
203440
203444
203476
203483
203765
203775
203784
203822
203915
204171
204304
204340
204347
204400
204412
204556
204618
204644
204701
204924
205014
205295
205504
205586
205656
206070
206083
206147
206343
206375
206843
206911
206915
206921
207004
207024
207313
207316
207363
207415
207751
207859
207864
207956
208004
208102
208167
208361
208406
208557
208648
208810
208891
208916
208978
208993
209108
209126
209161
209246
209447
209700
209775
209800
209835
209889
209895
209936
209941
210305
210306
210482
210483
210632
210744
210778
210794
210827
210961
211049
211069
211133
211302
211357
211558
211590
211852
211888
212089
212131
212173
212470
212559
212732
212734
212851
212928
213059
213060
213153
213154
213156
213211
213282
213285
213504
213544
213674
213834
214065
214198
214306
214318
214510
215210
215222
215335
215517
215725
215742
215767
215772
215885
215893
215982
216141
216156
216163
216179
216192
216214
216234
216288
216309
216550
216592
216618
216844
217024
217335
217360
217375
217389
217549
217641
217773
217985
218387
218421
218525
218606
218609
218770
218817
218832
219027
219110
219363
219498
219510
219596
219690
219781
219910
219913
220103
220235
220543
220705
220816
220817
221048
221198
221219
221263
221274
221414
221500
221840
221887
222033
222074
222136
222241
222355
222382
222442
222514
222555
222562
222612
222622
222642
222705
222755
222819
222829
222986
222991
223063
223140
223247
223265
223286
223317
223382
223500
223814
223967
224278
224308
224362
224644
224739
224801
224936
224943
225277
225558
225639
225858
225975
226213
226246
226369
226426
226503
226866
226986
227063
227197
227332
227393
227421
227452
227513
227637
227702
227708
227750
227773
227948
228142
228196
228204
228263
228400
228483
228600
228701
228729
228750
228753
228754
228868
228935
229068
229203
229242
229293
229298
229479
229486
229515
229599
229996
230017
230071
230072
230159
230196
230447
230787
230848
230883
230891
231082
231097
231137
231233
231271
231382
231442
231579
231873
232100
232166
232178
232237
232339
232345
232349
232491
232610
232691
232721
232729
232902
232973
233692
233747
233863
233864
233889
233953
233973
234301
234319
234352
234651
234666
234713
234791
234964
235181
235218
235249
235379
235608
235869
235963
235978
236121
236200
236235
236289
236410
236501
236524
236537
236566
236572
236701
236733
236743
236987
237312
237428
237635
237736
237763
238253
238396
238436
238543
238566
238640
238651
238688
238794
238901
239379
239400
239433
239473
239527
239560
239925
240118
240128
240369
240441
240526
240703
240756
240952
241054
241384
241508
241511
241513
241616
241661
242010
242040
242267
242279
242402
242532
242560
242573
242824
242873
242943
242986
243020
243264
243304
243368
243472
243558
243709
243750
244215
244278
244291
244318
244393
244428
244434
244503
244635
244736
244881
244941
245012
245120
245224
245376
245387
245549
245603
245664
245855
245941
245944
246062
246117
246416
246449
246535
246640
246680
246694
246696
246773
246783
246867
246892
247019
247042
247047
247064
247121
247189
247203
247280
247305
247441
247498
247665
247714
247785
247787
247946
247984
248130
248143
248325
248337
248443
248632
248649
248697
248983
249198
249267
249324
249357
249492
249544
249594
249747
249916
250012
250015
250020
250039
250093
250143
250191
250241
250401
250412
250417
250430
250431
250443
250556
250573
250593
250677
251048
251091
251114
251138
251263
251305
251595
251605
251667
251709
251748
251763
251916
251930
252048
252071
252383
252597
252784
252796
253054
253287
253314
253364
253427
253457
253647
253697
253787
253811
253885
254025
254344
254345
254460
254616
254805
254827
254939
254951
254959
254996
255009
255092
255213
255226
255291
255471
255513
255643
255673
255711
255789
255809
255849
255866
255886
256046
256267
256319
256383
256511
256589
256710
256830
256913
256974
257090
257325
257380
257382
257638
257639
257645
257712
257741
257788
257790
257814
257823
257858
257875
257876
257990
258065
258086
258172
258221
258278
258306
258395
258544
258915
258937
259076
259101
259409
259625
259698
259837
259877
260037
260122
260318
260328
260361
260378
260497
260502
260578
260703
260805
260874
260911
261026
261150
261157
261189
261313
261477
261482
261625
261688
261781
262158
262413
262484
262526
262632
262705
262826
262834
262840
263057
263059
263070
263089
263091
263203
263392
263499
263547
263557
263722
263738
263741
263830
263920
263936
263973
264002
264273
264341
264504
264551
264554
264577
264591
264611
264628
264680
264686
264697
264725
264794
264879
264883
264918
265023
265213
265253
265281
265343
265382
265490
265597
265602
265760
265876
265990
266048
266051
266080
266467
266565
266711
266831
266906
266931
267116
267124
267465
267497
267599
267630
267828
268029
268033
268057
268108
268141
268375
268383
268393
268408
268412
268625
268650
268997
269213
269218
269425
269810
269826
269866
269916
270166
270257
270278
270373
270415
270432
270435
270492
270639
270651
270904
270978
271058
271194
271224
271357
271393
271396
271454
271469
272013
272047
272137
272230
272354
272358
272398
272573
272789
272832
272985
273232
273381
273474
273500
273550
273683
273685
273689
273755
273807
273864
273866
273950
274055
274161
274201
274222
274244
274364
274373
274519
274542
274613
274639
274760
274834
274861
274979
275264
275372
275501
275525
275653
275678
275734
275833
275851
275852
276005
276013
276048
276142
276143
276322
276327
276495
276637
276686
276772
276787
276957
276991
276994
277073
277129
277256
277305
277403
277770
277821
278018
278020
278072
278104
278137
278256
278258
278354
278405
278475
