4
11
31
41
79
80
87
107
117
120
128
130
161
260
285
295
297
298
333
358
376
397
401
459
473
491
508
517
523
652
657
677
687
691
704
710
713
731
782
790
811
847
875
878
900
926
945
983
988
1040
1043
1047
1116
1122
1143
1183
1185
1189
1230
1254
1260
1263
1275
1303
1317
1318
1328
1344
1349
1370
1397
1399
1411
1416
1427
1438
1472
1485
1487
1505
1509
1519
1550
1554
1560
1566
1581
1582
1595
1608
1612
1668
1682
1687
1688
1700
1708
1710
1720
1738
1748
1749
1764
1771
1772
1790
1797
1798
1801
1802
1847
1860
1864
1865
1869
1877
1895
1911
1922
1929
1949
1962
1972
1977
1995
2010
2034
2037
2060
2099
2138
2140
2141
2146
2154
2188
2231
2242
2258
2276
2286
2295
2316
2324
2327
2328
2340
2343
2356
2393
2408
2411
2424
2429
2436
2458
2463
2464
2483
2502
2506
2508
2570
2571
2605
2611
2623
2629
2662
2708
2712
2713
2717
2740
2743
2749
2756
2760
2762
2806
2814
2815
2818
2856
2865
2868
2888
2891
2952
2987
2989
2999
3016
3066
3077
3106
3112
3165
3180
3189
3200
3279
3324
3328
3330
3334
3341
3357
3383
3407
3416
3439
3445
3455
3457
3469
3481
3537
3540
3550
3560
3577
3579
3583
3614
3616
3617
3641
3643
3646
3661
3690
3711
3725
3744
3745
3757
3778
3781
3789
3800
3803
3807
3848
3885
3887
3916
3956
3963
3975
3982
3992
4022
4027
4044
4053
4064
4065
4081
4107
4115
4129
4175
4217
4221
4224
4252
4301
4325
4355
4373
4417
4425
4441
4444
4461
4465
4488
4501
4506
4526
4531
4540
4550
4598
4601
4605
4606
4607
4620
4621
4644
4653
4660
4665
4717
4731
4732
4739
4772
4773
4775
4797
4813
4848
4869
4874
4883
4887
4890
4891
4900
4901
4911
4925
4927
4956
4988
5012
5015
5038
5047
5090
5122
5129
5131
5135
5142
5147
5153
5173
5216
5241
5263
5314
5320
5348
5354
5355
5380
5394
5402
5406
5425
5428
5432
5437
5449
5458
5489
5525
5528
5540
5573
5579
5610
5614
5635
5684
5718
5761
5766
5770
5791
5810
5811
5818
5831
5845
5870
5908
5922
5935
5955
5956
5960
5963
6020
6059
6136
6138
6166
6173
6186
6212
6226
6244
6248
6257
6273
6274
6288
6363
6368
6380
6400
6453
6479
6484
6515
6518
6532
6547
6569
6576
6595
6607
6625
6632
6637
6643
6652
6659
6663
6669
6682
6683
6684
6689
6705
6722
6728
6731
6773
6806
6821
6832
6833
6848
6849
6863
6873
6875
6899
6927
6929
6931
6964
6973
6975
6981
6987
6989
6996
7000
7002
7018
7020
7041
7064
7071
7077
7091
7104
7117
7132
7136
7145
7156
7195
7221
7225
7271
7294
7299
7323
7329
7330
7355
7383
7384
7395
7429
7442
7467
7468
7475
7483
7488
7492
7520
7572
7593
7613
7623
7634
7674
7685
7689
7690
7693
7698
7717
7733
7742
7745
7746
7757
7801
7816
7845
7851
7854
7892
7900
7901
7909
7952
7962
7972
7984
8010
8018
8022
8082
8149
8161
8172
8196
8197
8198
8199
8205
8214
8215
8241
8248
8251
8260
8266
8275
8317
8319
8322
8355
8409
8415
8419
8428
8437
8474
8488
8492
8510
8533
8546
8558
8559
8606
8615
8672
8709
8740
8747
8803
8807
8836
8849
8860
8910
8925
8941
8943
8945
8950
8991
9025
9039
9049
9061
9092
9108
9140
9144
9146
9154
9181
9188
9189
9193
9197
9199
9229
9239
9242
9264
9269
9326
9342
9360
9393
9405
9410
9411
9461
9473
9481
9485
9492
9493
9517
9522
9538
9570
9577
9579
9590
9600
9626
9654
9655
9658
9688
9700
9709
9712
9720
9731
9733
9771
9784
9801
9828
9848
9882
9886
9900
9924
9937
9955
9969
9976
9994
9995
9998
10005
10010
10016
10036
10045
10066
10075
10084
10144
10158
10188
10206
10211
10214
10227
10238
10239
10245
10264
10295
10298
10314
10355
10356
10377
10406
10416
10424
10444
10460
10464
10508
10530
10542
10557
10571
10576
10591
10592
10605
10654
10655
10667
10670
10679
10682
10692
10703
10709
10723
10748
10750
10752
10780
10795
10887
10899
10923
10948
10961
10963
10972
10977
10982
10992
11006
11014
11022
11034
11047
11067
11071
11084
11119
11122
11153
11154
11177
11180
11212
11233
11235
11256
11269
11271
11274
11277
11280
11283
11307
11317
11318
11321
11322
11333
11393
11394
11410
11417
11421
11434
11439
11443
11449
11458
11471
11501
11530
11561
11581
11587
11599
11610
11630
11733
11746
11749
11751
11767
11776
11777
11779
11791
11803
11806
11836
11849
11858
11859
11866
11898
11934
11935
11943
11953
11960
11964
11972
11993
12075
12077
12089
12091
12110
12112
12113
12118
12129
12139
12142
12144
12154
12162
12169
12180
12243
12255
12280
12297
12303
12320
12325
12327
12328
12329
12345
12347
12351
12407
12412
12415
12462
12475
12486
12492
12502
12510
12533
12563
12570
12577
12578
12592
12599
12601
12609
12622
12632
12664
12676
12703
12732
12734
12747
12757
12766
12773
12774
12783
12786
12796
12808
12817
12829
12831
12855
12858
12881
12896
12899
12902
12924
12931
12958
12963
12985
12992
12994
13108
13125
13131
13183
13202
13235
13248
13273
13293
13307
13312
13318
13337
13342
13382
13445
13447
13481
13482
13494
13497
13542
13557
13572
13645
13649
13655
13664
13676
13697
13702
13741
13753
13758
13768
13778
13779
13797
13814
13836
13838
13865
13870
13921
13924
13931
13935
13939
13941
13947
13959
13961
13984
13988
13996
14000
14028
14043
14053
14055
14056
14064
14074
14077
14079
14125
14142
14147
14149
14154
14168
14179
14187
14217
14218
14228
14240
14257
14259
14273
14279
14334
14341
14367
14368
14370
14377
14399
14404
14409
14448
14457
14479
14484
14491
14511
14520
14547
14550
14569
14581
14637
14660
14682
14693
14696
14708
14712
14734
14737
14773
14797
14801
14804
14819
14821
14829
14843
14856
14867
14881
14893
14899
14907
14918
14928
14951
14956
14972
14973
14978
15025
15028
15042
15047
15061
15082
15086
15122
15128
15140
15149
15158
15165
15177
15186
15199
15212
15226
15236
15272
15286
15287
15291
15304
15311
15324
15414
15443
15444
15450
15489
15516
15525
15527
15539
15560
15601
15610
15642
15669
15671
15697
15750
15756
15779
15818
15837
15841
15846
15866
15917
15927
15934
15957
15973
15978
15981
15982
15983
15992
16045
16074
16078
16083
16101
16125
16152
16166
16233
16240
16243
16250
16268
16302
16306
16322
16367
16369
16421
16429
16430
16432
16439
16461
16479
16502
16505
16511
16529
16530
16561
16593
16604
16619
16634
16741
16756
16774
16788
16799
16800
16826
16874
16906
16926
16930
16960
16962
16981
17009
17023
17024
17071
17074
17088
17113
17122
17142
17190
17196
17269
17307
17362
17381
17405
17419
17434
17443
17465
17468
17471
17476
17493
17514
17563
17583
17594
17607
17638
17656
17658
17699
17703
17766
17780
17785
17794
17815
17823
17828
17848
17856
17863
17865
17899
17912
17953
17964
17980
17991
17996
18011
18066
18072
18080
18081
18104
18124
18234
18247
18272
18296
18297
18308
18355
18382
18395
18420
18430
18475
18483
18504
18515
18530
18533
18545
18552
18563
18571
18575
18599
18633
18650
18668
18684
18694
18713
18723
18762
18795
18801
18832
18842
18858
18869
18914
18922
18957
18965
18978
19014
19017
19024
19038
19045
19083
19094
19115
19135
19149
19177
19194
19213
19217
19221
19233
19236
19239
19250
19254
19298
19356
19360
19368
19376
19397
19424
19429
19442
19453
19457
19463
19482
19561
19579
19614
19620
19639
19644
19648
19653
19692
19701
19707
19708
19721
19730
19794
19796
19811
19821
19835
19845
19850
19861
19862
19881
19943
19952
19963
19993
20002
20031
20033
20036
20046
20070
20075
20091
20109
20118
20126
20132
20150
20158
20196
20205
20212
20237
20244
20248
20270
20284
20302
20318
20330
20361
20386
20415
20419
20430
20449
20453
20488
20489
20512
20547
20573
20577
20606
20610
20617
20618
20623
20648
20667
20675
20685
20692
20742
20755
20770
20802
20807
20824
20830
20834
20837
20846
20849
20854
20892
20899
20902
20913
20916
20952
21006
21082
21096
21097
21098
21117
21120
21130
21143
21163
21168
21196
21210
21243
21262
21364
21436
21449
21464
21468
21506
21528
21537
21598
21616
21619
21636
21662
21717
21725
21726
21733
21769
21792
21801
21817
21859
21884
21890
21908
21941
21960
21975
22017
22019
22020
22026
22032
22042
22048
22100
22113
22135
22138
22162
22171
22232
22248
22249
22255
22267
22272
22278
22287
22310
22380
22410
22426
22432
22448
22494
22514
22516
22555
22563
22569
22571
22588
22598
22599
22643
22661
22732
22747
22801
22827
22872
22884
22887
22895
22978
22984
22990
22992
22993
23006
23017
23089
23125
23154
23173
23177
23197
23228
23231
23232
23234
23242
23246
23266
23285
23286
23292
23297
23298
23310
23318
23324
23334
23335
23366
23383
23443
23447
23486
23489
23494
23495
23535
23537
23538
23544
23568
23574
23598
23608
23628
23630
23661
23673
23689
23693
23701
23706
23713
23745
23800
23803
23819
23820
23895
23896
23970
23979
23981
23993
24001
24021
24023
24030
24095
24100
24106
24111
24140
24145
24181
24186
24187
24203
24213
24243
24263
24277
24286
24289
24353
24380
24382
24454
24462
24473
24477
24480
24499
24515
24516
24535
24540
24555
24582
24590
24593
24595
24597
24609
24627
24629
24635
24644
24659
24666
24669
24671
24679
24758
24760
24767
24778
24784
24788
24803
24812
24907
24919
24950
24954
24985
25011
25026
25141
25172
25181
25211
25214
25222
25241
25246
25253
25275
25278
25283
25288
25349
25360
25366
25380
25383
25385
25396
25405
25415
25427
25431
25445
25478
25481
25487
25510
25511
25548
25572
25601
25611
25642
25659
25660
25666
25671
25683
25684
25686
25701
25756
25766
25798
25799
25803
25810
25856
25883
25889
25890
25891
25902
25915
25923
25953
25955
25967
26003
26016
26017
26024
26039
26044
26050
26100
26115
26129
26177
26189
26193
26205
26219
26235
26236
26241
26251
26253
26255
26276
26288
26312
26313
26327
26334
26342
26357
26366
26369
26388
26390
26398
26400
26412
26416
26421
26443
26447
26459
26476
26480
26490
26494
26498
26506
26524
26528
26535
26574
26582
26588
26596
26604
26623
26653
26698
26715
26757
26772
26774
26779
26780
26786
26854
26860
26879
26888
26889
26893
26895
26943
27002
27012
27021
27052
27060
27085
27099
27104
27116
27130
27185
27222
27232
27259
27263
27267
27286
27291
27294
27295
27301
27306
27332
27343
27363
27383
27384
27406
27417
27421
27422
27445
27458
27460
27471
27490
27494
27504
27539
27543
27547
27610
27665
27688
27707
27715
27727
27731
27745
27761
27787
27801
27823
27826
27829
27838
27847
27853
27854
27858
27874
27879
27882
27936
27999
28027
28043
28061
28065
28075
28088
28097
28100
28110
28133
28140
28172
28173
28177
28203
28214
28218
28224
28227
28264
28278
28287
28306
28330
28382
28392
28407
28410
28413
28418
28434
28447
28467
28501
28503
28518
28523
28524
28543
28559
28561
28562
28580
28597
28637
28667
28690
28744
28757
28762
28765
28768
28780
28809
28811
28817
28828
28863
28921
28925
28970
29002
29024
29025
29039
29074
29082
29121
29147
29161
29170
29245
29260
29271
29317
29352
29354
29369
29383
29391
29416
29425
29435
29458
29489
29547
29556
29569
29613
29629
29643
29675
29690
29706
29762
29763
29765
29766
29815
29869
29875
29962
29966
29993
30026
30039
30045
30068
30074
30076
30079
30095
30098
30121
30125
30140
30170
30177
30189
30205
30231
30234
30236
30242
30250
30255
30259
30280
30302
30333
30356
30357
30360
30376
30409
30414
30449
30459
30495
30523
30534
30546
30576
30577
30594
30596
30637
30670
30673
30677
30679
30686
30690
30712
30725
30730
30743
30748
30757
30763
30771
30778
30803
30831
30843
30855
30870
30877
30878
30886
30894
30922
30960
30988
30997
31016
31047
31054
31055
31065
31079
31091
31118
31120
31140
31166
31170
31173
31180
31202
31221
31226
31227
31239
31249
31274
31279
31287
31299
31306
31328
31332
31352
31388
31399
31424
31427
31433
31437
31465
31486
31495
31508
31513
31537
31538
31540
31554
31569
31574
31576
31599
31612
31628
31701
31717
31738
31741
31759
31767
31768
31777
31796
31805
31833
31844
31851
31857
31865
31871
31886
31887
31891
31917
31918
31939
31968
32024
32025
32037
32046
32072
32076
32122
32131
32134
32157
32164
32180
32181
32184
32196
32210
32220
32238
32246
32257
32271
32297
32302
32312
32336
32339
32340
32377
32386
32410
32415
32428
32455
32461
32463
32483
32513
32530
32534
32537
32578
32587
32631
32674
32713
32727
32728
32748
32752
32762
32763
32773
32775
32798
32825
32849
32854
32859
32889
32896
32923
32926
32960
32986
33010
33016
33018
33023
33037
33060
33080
33140
33150
33179
33187
33191
33193
33194
33203
33227
33255
33269
33272
33291
33337
33339
33400
33408
33421
33423
33429
33456
33460
33467
33476
33513
33522
33544
33559
33579
33584
33616
33634
33643
33649
33670
33680
33694
33722
33723
33738
33765
33770
33771
33778
33831
33862
33868
33874
33880
33881
33903
33918
33930
33931
33936
33950
33958
33967
33989
33992
34011
34050
34092
34154
34167
34227
34233
34240
34244
34255
34274
34289
34291
34301
34315
34317
34323
34324
34331
34336
34339
34361
34416
34425
34426
34436
34507
34513
34516
34538
34557
34559
34565
34601
34609
34632
34660
34665
34715
34721
34724
34731
34751
34771
34794
34799
34838
34852
34854
34872
34885
34892
34903
34931
34957
34965
34974
34983
35000
35016
35024
35040
35068
35111
35112
35143
35214
35230
35246
35250
35272
35273
35321
35340
35359
35376
35428
35448
35460
35479
35485
35488
35530
35557
35578
35613
35659
35660
35711
35718
35729
35750
35753
35771
35784
35808
35810
35815
35821
35946
35947
35982
35983
36020
36040
36045
36068
36083
36113
36158
36172
36202
36203
36211
36226
36239
36240
36244
36285
36312
36319
36334
36361
36365
36383
36390
36394
36448
36501
36545
36554
36565
36574
36616
36621
36665
36666
36674
36677
36693
36705
36715
36757
36765
36776
36818
36835
36844
36851
36857
36870
36874
36879
36904
36919
36952
36960
36963
36970
36971
36980
36991
36998
37013
37015
37036
37053
37057
37072
37091
37139
37144
37152
37163
37174
37182
37202
37205
37217
37222
37226
37228
37253
37283
37291
37298
37303
37327
37359
37371
37385
37396
37414
37418
37484
37486
37490
37492
37513
37519
37520
37522
37526
37530
37531
37571
37587
37605
37614
37634
37663
37673
37715
37721
37730
37740
37744
37746
37747
37767
37776
37847
37887
37890
37897
37898
37955
37956
37978
38012
38029
38053
38066
38098
38112
38149
38153
38169
38175
38180
38188
38194
38198
38204
38223
38249
38271
38292
38318
38324
38331
38345
38377
38384
38417
38431
38437
38442
38505
38515
38517
38530
38536
38573
38579
38606
38656
38657
38659
38663
38668
38679
38715
38722
38772
38796
38798
38813
38820
38827
38847
38854
38863
38878
38902
38927
38985
39014
39046
39052
39094
39129
39143
39151
39160
39183
39196
39203
39262
39275
39281
39291
39297
39300
39326
39335
39344
39397
39402
39444
39471
39506
39514
39527
39536
39549
39588
39610
39617
39627
39642
39643
39658
39683
39685
39700
39736
39742
39743
39763
39782
39831
39844
39849
39896
39910
39915
39938
39941
39950
39973
39976
39982
40018
40032
40034
40044
40054
40063
40090
40114
40125
40163
40166
40184
40215
40219
40240
40266
40272
40275
40280
40292
40294
40311
40331
40337
40352
40357
40362
40366
40370
40380
40419
40436
40444
40445
40516
40530
40543
40561
40601
40608
40625
40660
40661
40666
40726
40730
40795
40796
40859
40898
40926
40936
40944
40949
40962
40967
40987
40993
41003
41040
41105
41137
41151
41164
41201
41211
41222
41227
41242
41251
41259
41275
41297
41338
41350
41373
41391
41398
41455
41468
41469
41471
41511
41513
41524
41535
41575
41631
41643
41651
41660
41669
41687
41700
41702
41754
41757
41803
41895
41902
41908
41911
41931
41959
42009
42038
42084
42085
42087
42102
42136
42143
42160
42168
42170
42173
42196
42201
42253
42261
42270
42324
42328
42341
42346
42348
42376
42397
42400
42404
42419
42476
42539
42540
42547
42559
42562
42565
42620
42633
42638
42720
42741
42742
42781
42784
42795
42807
42814
42826
42832
42834
42885
42901
42917
42918
42930
43000
43008
43020
43033
43035
43044
43107
43132
43136
43176
43213
43225
43242
43254
43256
43268
43273
43276
43321
43330
43340
43344
43364
43366
43409
43445
43451
43458
43530
43550
43587
43645
43648
43666
43673
43687
43690
43741
43826
43828
43858
43861
43917
43919
44034
44037
44058
44061
44066
44098
44115
44139
44142
44181
44216
44229
44283
44284
44289
44300
44335
44355
44359
44374
44376
44395
44409
44419
44422
44461
44532
44556
44558
44562
44564
44570
44594
44596
44611
44652
44682
44691
44702
44704
44705
44711
44714
44715
44734
44769
44771
44812
44820
44823
44832
44836
44853
44874
44875
44887
44915
44954
44962
44969
44977
44980
44986
45062
45089
45112
45144
45155
45171
45189
45198
45211
45220
45222
45223
45249
45265
45267
45315
45338
45410
45439
45455
45459
45462
45467
45511
45538
45563
45595
45654
45657
45673
45687
45723
45726
45734
45746
45815
45859
45865
45905
45912
45917
45921
45937
46050
46093
46097
46107
46128
46173
46182
46192
46204
46222
46226
46230
46269
46307
46309
46342
46344
46348
46355
46367
46374
46389
46393
46401
46424
46429
46430
46446
46448
46457
46479
46483
46505
46528
46544
46559
46564
46570
46586
46646
46656
46658
46668
46671
46672
46693
46699
46709
46732
46742
46745
46751
46757
46772
46796
46812
46831
46833
46839
46843
46865
46874
46877
46878
46890
46902
46912
46915
46937
46942
46949
46961
46997
47004
47005
47039
47040
47056
47090
47100
47127
47143
47166
47170
47198
47199
47214
47225
47235
47247
47273
47297
47310
47321
47334
47355
47356
47364
47379
47381
47389
47407
47414
47415
47446
47466
47483
47529
47551
47552
47559
47569
47607
47618
47636
47643
47649
47653
47654
47724
47727
47731
47763
47783
47790
47799
47826
47835
47839
47844
47868
47882
47884
47889
47902
47932
47936
47959
47983
48021
48025
48057
48072
48090
48143
48154
48197
48206
48234
48250
48262
48272
48288
48359
48369
48374
48377
48472
48480
48490
48496
48540
48543
48569
48593
48663
48687
48757
48771
48835
48846
48888
48890
48892
48897
48905
48908
48931
48933
48955
48962
48968
48969
48976
48990
49003
49013
49023
49029
49038
49041
49043
49049
49065
49081
49083
49097
49112
49125
49162
49163
49181
49182
49195
49197
49225
49241
49272
49289
49306
49329
49397
49423
49428
49479
49480
49500
49519
49530
49535
49575
49576
49578
49580
49590
49624
49628
49629
49636
49694
49697
49743
49759
49782
49804
49816
49826
49846
49850
49851
49861
49881
49882
49888
49895
49925
49937
49961
49963
49970
49977
50011
50043
50045
50057
50068
50096
50104
50115
50140
50179
50181
50185
50196
50205
50227
50233
50242
50253
50270
50307
50315
50348
50349
50364
50392
50404
50426
50434
50443
50446
50452
50477
50505
50556
50559
50562
50563
50569
50572
50631
50633
50645
50672
50718
50745
50821
50823
50834
50850
50888
50890
50899
50925
50941
50945
50987
51062
51076
51110
51157
51190
51196
51205
51206
51208
51225
51249
51250
51256
51263
51276
51285
51301
51303
51333
51340
51355
51390
51397
51400
51486
51505
51509
51535
51540
51555
51560
51562
51563
51577
51609
51634
51646
51648
51711
51738
51752
51795
51836
51849
51859
51889
51898
51949
52000
52013
52077
52090
52093
52096
52099
52129
52131
52135
52170
52187
52230
52237
52291
52295
52333
52345
52376
52380
52393
52418
52430
52438
52441
52463
52467
52472
52482
52490
52530
52531
52570
52571
52574
52586
52605
52616
52628
52629
52678
52698
52721
52737
52751
52755
52797
52836
52844
52851
52871
52880
52883
52897
52915
52928
52941
52961
52983
52986
53049
53066
53070
53097
53099
53114
53127
53129
53157
53163
53195
53231
53235
53236
53244
53259
53272
53279
53323
53329
53334
53338
53354
53375
53376
53395
53397
53407
53408
53419
53427
53435
53443
53465
53484
53497
53526
53528
53538
53543
53545
53575
53582
53587
53597
53604
53608
53616
53617
53625
53642
53645
53656
53658
53670
53680
53688
53693
53714
53723
53746
53749
53758
53764
53779
53782
53807
53860
53881
53899
53920
53923
53935
53943
53946
53973
54011
54027
54033
54052
54079
54082
54116
54117
54121
54122
54141
54188
54208
54243
54257
54262
54267
54296
54304
54308
54372
54394
54401
54403
54406
54407
54413
54432
54475
54498
54506
54510
54519
54521
54525
54536
54537
54539
54542
54548
54549
54567
54577
54606
54685
54730
54749
54750
54769
54772
54803
54820
54834
54840
54844
54845
54869
54903
54965
54974
55056
55080
55081
55126
55137
55143
55167
55176
55208
55216
55218
55238
55279
55290
55343
55363
55393
55397
55407
55424
55446
55467
55469
55497
55503
55527
55539
55545
55557
55575
55577
55594
55640
55645
55654
55657
55703
55712
55731
55732
55757
55787
55791
55846
55853
55899
55902
55953
55976
55992
55999
56016
56055
56069
56074
56078
56099
56130
56149
56159
56163
56177
56206
56213
56239
56240
56250
56251
56300
56309
56336
56346
56376
56380
56382
56387
56388
56403
56460
56483
56487
56489
56491
56498
56501
56519
56526
56540
56589
56599
56606
56610
56616
56640
56802
56805
56812
56823
56826
56854
56877
56913
56916
56946
56956
56971
56978
56991
56992
57010
57025
57048
57049
57054
57081
57089
57102
57142
57188
57189
57218
57282
57310
57321
57328
57340
57354
57358
57432
57448
57458
57463
57481
57486
57491
57519
57531
57552
57558
57559
57563
57567
57582
57598
57628
57632
57635
57639
57693
57710
57712
57715
57720
57740
57751
57757
57835
57855
57856
57884
57898
57908
57910
57933
57972
57992
58041
58044
58049
58092
58128
58144
58179
58205
58211
58231
58237
58264
58268
58278
58313
58375
58378
58392
58401
58421
58482
58490
58493
58497
58500
58555
58559
58592
58595
58602
58607
58608
58613
58622
58628
58683
58731
58782
58787
58818
58834
58885
58890
58909
58938
58960
58969
58970
58975
58982
58995
59042
59058
59067
59084
59093
59109
59144
59146
59167
59173
59197
59256
59267
59286
59292
59333
59355
59369
59396
59409
59412
59416
59433
59441
59445
59503
59511
59540
59545
59573
59576
59608
59623
59656
59663
59669
59670
59678
59683
59685
59686
59690
59703
59725
59755
59784
59813
59815
59819
59822
59864
59873
59879
59893
59913
59934
59947
59960
59964
59967
59968
59987
60003
60029
60030
60031
60050
60054
60055
60070
60082
60087
60094
60113
60127
60134
60141
60153
60165
60180
60189
60202
60219
60223
60226
60227
60240
60242
60250
60274
60296
60314
60368
60373
60375
60400
60401
60408
60419
60426
60439
60440
60454
60466
60522
60547
60553
60572
60612
60643
60657
60672
60673
60676
60678
60682
60710
60711
60726
60728
60743
60763
60778
60781
60798
60806
60864
60871
60876
60885
60888
60908
60958
60980
60987
61023
61028
61042
61043
61144
61204
61224
61228
61315
61346
61366
61375
61381
61384
61408
61441
61442
61452
61470
61487
61501
61510
61539
61551
61571
61646
61647
61683
61698
61732
61743
61755
61782
61810
61831
61851
61867
61884
61901
61925
61941
61944
61956
61963
61983
61995
62028
62048
62053
62129
62171
62173
62178
62201
62206
62208
62215
62234
62255
62257
62282
62293
62307
62312
62314
62400
62407
62445
62446
62452
62460
62472
62484
62505
62522
62533
62557
62581
62585
62588
62589
62611
62636
62650
62673
62677
62702
62710
62713
62731
62761
62775
62791
62799
62802
62826
62872
62906
62911
62957
62973
62978
62981
62989
63018
63025
63026
63031
63034
63070
63072
63077
63088
63089
63100
63145
63199
63222
63244
63262
63268
63273
63277
63278
63288
63298
63303
63309
63329
63336
63339
63342
63350
63373
63410
63487
63494
63504
63518
63573
63595
63597
63648
63656
63665
63666
63676
63681
63687
63695
63712
63731
63737
63746
63749
63761
63808
63809
63819
63822
63847
63859
63863
63877
63904
63919
63931
63938
63955
63962
63963
63981
63985
63995
64001
64013
64025
64029
64037
64039
64045
64047
64052
64063
64113
64163
64184
64257
64267
64294
64302
64386
64389
64395
64404
64414
64438
64441
64445
64473
64485
64488
64491
64492
64506
64534
64559
64561
64574
64586
64592
64639
64651
64671
64700
64719
64780
64812
64878
64881
64907
64943
64952
64954
64974
64988
65008
65078
65097
65142
65151
65176
65182
65186
65187
65217
65219
65264
65275
65281
65286
65289
65313
65327
65367
65371
65389
65458
65477
65519
65575
65593
65594
65609
65647
65666
65675
65710
65717
65727
65731
65734
65765
65798
65819
65822
65846
65854
65859
65877
65948
65949
65956
65990
65998
65999
66016
66072
66074
66075
66078
66109
66110
66111
66140
66158
66173
66204
66218
66239
66303
66316
66317
66343
66353
66370
66409
66417
66422
66432
66460
66489
66501
66510
66515
66517
66581
66655
66687
66703
66721
66727
66793
66818
66827
66850
66879
66952
66959
66969
66971
67023
67029
67033
67036
67048
67049
67069
67088
67090
67101
67108
67112
67137
67158
67161
67168
67171
67176
67188
67213
67226
67237
67252
67263
67268
67280
67302
67308
67311
67317
67329
67332
67335
67336
67348
67349
67390
67428
67436
67447
67499
67523
67539
67549
67557
67594
67604
67620
67625
67665
67670
67675
67681
67701
67708
67720
67813
67816
67828
67846
67861
67880
67919
67921
67923
67954
67956
67960
67971
67974
67978
67979
67998
68001
68003
68011
68043
68060
68064
68113
68133
68162
68184
68191
68194
68220
68221
68250
68254
68281
68349
68377
68403
68454
68480
68502
68530
68534
68540
68545
68577
68579
68608
68621
68660
68671
68673
68693
68715
68723
68730
68738
68785
68791
68815
68820
68827
68836
68845
68871
68918
68962
68982
68986
68988
68989
68996
68997
69027
69063
69081
69085
69097
69102
69113
69139
69161
69194
69217
69219
69250
69269
69271
69273
69299
69320
69325
69338
69365
69375
69376
69379
69418
69422
69426
69446
69458
69491
69499
69511
69582
69587
69641
69654
69660
69663
69671
69680
69686
69746
69757
69771
69780
69816
69846
69887
69931
69964
69978
69984
69986
69992
69995
70007
70026
70042
70052
70070
70076
70079
70093
70096
70101
70104
70114
70116
70122
70124
70127
70135
70136
70137
70153
70159
70169
70171
70175
70194
70224
70235
70247
70253
70292
70354
70355
70416
70420
70465
70468
70535
70566
70567
70598
70600
70622
70626
70652
70686
70689
70726
70745
70754
70771
70780
70784
70812
70867
70881
70882
70927
70937
70946
70951
70989
70990
70991
70992
71039
71050
71073
71155
71159
71201
71202
71209
71216
71228
71244
71250
71258
71277
71280
71304
71329
71397
71408
71418
71432
71440
71455
71459
71508
71543
71563
71590
71593
71604
71633
71638
71672
71680
71684
71725
71742
71747
71755
71771
71784
71794
71795
71824
71830
71858
71869
71881
71891
71893
71900
71904
71917
71938
71967
71972
71993
72030
72058
72064
72069
72090
72097
72129
72141
72179
72199
72222
72243
72252
72265
72268
72273
72294
72322
72330
72340
72405
72411
72475
72506
72517
72539
72589
72617
72638
72648
72661
72667
72674
72704
72784
72787
72803
72807
72871
72903
72904
72946
72954
72962
72979
72980
72982
72992
73036
73070
73104
73117
73122
73161
73163
73184
73194
73224
73252
73257
73270
73271
73284
73332
73344
73346
73359
73394
73398
73413
73417
73421
73446
73456
73476
73478
73486
73487
73496
73504
73544
73545
73548
73549
73552
73553
73560
73578
73598
73618
73666
73668
73676
73721
73724
73755
73770
73772
73777
73782
73793
73801
73840
73884
73887
73891
73911
73918
73945
73974
74050
74105
74115
74118
74138
74153
74163
74171
74204
74338
74375
74381
74388
74393
74400
74411
74428
74440
74444
74446
74452
74459
74475
74498
74556
74582
74586
74610
74634
74647
74649
74672
74675
74695
74700
74703
74750
74758
74780
74814
74829
74830
74855
74889
74892
74912
74928
74933
74947
74964
74972
75020
75023
75033
75077
75078
75082
75084
75089
75094
75105
75156
75160
75178
75188
75197
75200
75214
75220
75225
75231
75236
75340
75374
75375
75381
75402
75467
75474
75481
75518
75522
75555
75556
75564
75575
75603
75659
75668
75671
75673
75698
75735
75763
75778
75792
75795
75806
75826
75854
75860
75862
75904
75936
75979
75991
76005
76024
76032
76078
76115
76136
76158
76160
76171
76182
76211
76232
76235
76243
76259
76294
76299
76306
76330
76364
76366
76404
76412
76442
76483
76503
76514
76575
76588
76590
76605
76646
76663
76680
76692
76707
76735
76748
76782
76813
76818
76846
76866
76883
76889
76922
76959
76965
77030
77072
77102
77118
77150
77187
77188
77192
77197
77220
77221
77253
77284
77307
77343
77345
77382
77386
77392
77406
77412
77421
77431
77486
77493
77531
77532
77566
77577
77591
77596
77608
77614
77617
77640
77675
77711
77717
77730
77756
77783
77806
77823
77826
77866
77896
77941
77986
78003
78005
78021
78032
78081
78083
78096
78100
78115
78123
78145
78149
78162
78163
78194
78210
78266
78270
78276
78299
78304
78330
78338
78388
78390
78442
78445
78456
78481
78486
78516
78544
78547
78556
78557
78581
78614
78628
78639
78651
78671
78685
78697
78704
78713
78773
78782
78805
78835
78842
78911
78918
78949
78965
78981
78989
79020
79044
79052
79065
79081
79084
79099
79107
79122
79144
79172
79188
79191
79192
79195
79200
79237
79239
79263
79271
79281
79316
79321
79333
79350
79365
79381
79390
79391
79404
79417
79420
79444
79454
79460
79469
79508
79539
79565
79598
79604
79631
79642
79644
79727
79762
79783
79811
79824
79832
79836
79846
79848
79865
79878
79933
79939
79960
79995
79997
80016
80025
80039
80044
80070
80088
80098
80108
80120
80134
80156
80230
80236
80245
80264
80267
80292
80360
80362
80364
80395
80408
80441
80445
80464
80484
80497
80505
80516
80583
80584
80654
80657
80678
80681
80743
80758
80768
80782
80805
80818
80843
80862
80885
80895
80896
80964
80966
81000
81002
81023
81033
81040
81045
81049
81055
81088
81090
81106
81158
81165
81186
81223
81250
81259
81275
81284
81293
81300
81309
81312
81325
81327
81351
81354
81355
81400
81408
81412
81414
81421
81450
81467
81504
81512
81536
81615
81664
81668
81675
81686
81715
81753
81763
81788
81790
81820
81849
81883
81887
81896
81899
81906
81915
81922
81955
81969
82014
82024
82028
82031
82034
82083
82084
82175
82219
82241
82301
82305
82318
82335
82338
82352
82356
82369
82379
82400
82408
82414
82421
82444
82457
82472
82480
82489
82545
82547
82571
82633
82636
82679
82705
82711
82716
82733
82759
82784
82814
82939
82992
83007
83056
83066
83071
83130
83141
83154
83163
83215
83225
83226
83227
83235
83239
83286
83310
83314
83332
83333
83346
83407
83448
83449
83456
83461
83466
83553
83563
83590
83612
83692
83696
83722
83735
83739
83743
83766
83767
83770
83809
83814
83863
83869
83893
83895
83901
83912
83923
83945
83977
84007
84016
84017
84026
84043
84060
84078
84081
84113
84134
84166
84167
84206
84261
84262
84272
84278
84323
84341
84416
84429
84451
84462
84473
84491
84504
84507
84528
84585
84587
84592
84609
84633
84648
84657
84676
84682
84749
84759
84768
84776
84779
84789
84798
84818
84836
84874
84883
84894
84936
84939
84988
85003
85006
85010
85011
85020
85051
85071
85073
85079
85101
85117
85119
85124
85126
85146
85177
85193
85196
85248
85266
85295
85302
85303
85346
85355
85379
85433
85462
85481
85586
85611
85624
85631
85696
85730
85747
85750
85757
85807
85866
85875
85890
85951
85957
85959
85965
85972
85979
85983
85996
86004
86006
86075
86093
86102
86133
86144
86181
86207
86225
86250
86282
86303
86312
86333
86343
86354
86380
86410
86455
86456
86507
86514
86542
86578
86585
86620
86629
86641
86663
86674
86690
86761
86835
86864
86885
86886
86890
86922
86942
86949
87001
87012
87037
87044
87069
87083
87090
87096
87146
87153
87188
87194
87280
87284
87291
87297
87307
87329
87343
87357
87360
87447
87449
87462
87478
87538
87553
87598
87604
87622
87646
87658
87676
87696
87706
87716
87733
87753
87760
87797
87804
87808
87829
87831
87847
87859
87869
87960
87970
87990
87997
88010
88036
88085
88088
88111
88141
88159
88162
88217
88224
88228
88239
88260
88265
88271
88275
88287
88335
88344
88360
88379
88404
88446
88462
88473
88491
88506
88539
88624
88659
88689
88713
88749
88761
88766
88787
88814
88847
88856
88862
88872
88883
88884
88885
88891
88894
88926
88940
88941
88954
88991
89004
89035
89061
89079
89085
89105
89106
89107
89135
89149
89200
89222
89278
89293
89297
89302
89328
89358
89427
89457
89458
89530
89534
89545
89575
89584
89605
89619
89626
89634
89637
89659
89664
89672
89702
89719
89732
89746
89756
89759
89845
89859
89906
89914
89923
89940
89945
89953
89963
89986
90008
90020
90021
90063
90068
90081
90097
90104
90110
90112
90119
90129
90163
90186
90232
90253
90310
90331
90336
90342
90371
90406
90418
90423
90447
90452
90457
90462
90505
90542
90574
90593
90601
90603
90681
90705
90742
90778
90779
90856
90903
90916
90928
90984
90995
91024
91103
91114
91139
91144
91152
91158
91163
91201
91202
91209
91222
91225
91264
91269
91275
91278
91283
91345
91351
91369
91398
91413
91444
91499
91505
91516
91562
91572
91592
91677
91681
91704
91708
91711
91740
91771
91821
91826
91869
91872
91879
91880
91910
91932
91959
91977
92014
92020
92023
92030
92037
92042
92046
92071
92077
92081
92084
92087
92097
92101
92111
92121
92134
92164
92218
92220
92232
92234
92248
92280
92287
92289
92296
92307
92314
92327
92329
92333
92343
92354
92397
92425
92441
92471
92474
92487
92502
92521
92544
92545
92562
92589
92590
92595
92599
92606
92608
92629
92632
92648
92655
92658
92661
92696
92701
92705
92709
92735
92740
92772
92779
92782
92784
92797
92803
92815
92834
92894
92898
92911
92951
92989
92990
93025
93090
93114
93123
93132
93137
93151
93157
93162
93175
93194
93195
93203
93204
93233
93234
93244
93280
93317
93318
93323
93325
93333
93345
93380
93385
93412
93419
93426
93429
93438
93454
93459
93460
93470
93478
93482
93484
93486
93489
93537
93549
93569
93571
93575
93582
93612
93636
93639
93641
93665
93689
93704
93712
93735
93742
93749
93764
93774
93794
93803
93817
93847
93855
93865
93871
93872
93883
93887
93941
93959
93977
93978
93992
93996
94005
94025
94039
94043
94051
94069
94089
94094
94106
94155
94161
94190
94195
94220
94236
94254
94262
94286
94325
94336
94344
94368
94370
94390
94393
94411
94418
94433
94481
94490
94512
94524
94532
94536
94567
94570
94591
94597
94633
94651
94711
94736
94772
94780
94788
94823
94862
94875
94885
94894
94938
94950
94956
95025
95043
95052
95083
95086
95127
95152
95164
95201
95260
95270
95292
95309
95342
95411
95425
95435
95437
95442
95444
95465
95484
95492
95537
95538
95566
95604
95622
95636
95661
95666
95722
95723
95724
95739
95746
95766
95805
95811
95845
95846
95863
95891
95893
95907
95908
95963
96021
96047
96072
96078
96098
96106
96145
96232
96280
96291
96301
96332
96351
96376
96400
96418
96449
96531
96543
96556
96563
96578
96612
96615
96618
96670
96703
96732
96759
96773
96802
96814
96823
96865
96876
96889
96908
96967
96972
97009
97028
97059
97062
97106
97109
97134
97172
97191
97200
97213
97214
97230
97245
97324
97325
97339
97350
97365
97369
97467
97482
97498
97502
97504
97521
97577
97598
97611
97629
97642
97705
97707
97721
97723
97732
97761
97765
97766
97774
97775
97779
97834
97911
97912
97916
97920
97930
97938
97966
97980
98051
98078
98079
98100
98105
98139
98148
98152
98153
98166
98174
98175
98191
98227
98246
98254
98282
98303
98337
98367
98389
98396
98405
98447
98449
98465
98468
98507
98510
98518
98519
98545
98551
98565
98604
98612
98628
98646
98668
98674
98703
98747
98791
98795
98798
98870
98871
98920
98928
98936
98939
98942
98960
98961
98973
98994
99052
99060
99063
99150
99175
99189
99201
99243
99253
99263
99266
99287
99298
99301
99323
99337
99340
99346
99347
99368
99374
99375
99408
99469
99479
99491
99503
99516
99541
99552
99561
99586
99593
99617
99635
99682
99712
99718
99741
99745
99766
99775
99792
99810
99834
99848
99861
99904
99918
99966
99975
100001
100016
100027
100043
100058
100067
100088
100094
100112
100121
100152
100171
100174
100179
100189
100202
100222
100240
100242
100248
100279
100301
100362
100366
100379
100388
100390
100396
100400
100439
100452
100456
100463
100464
100487
100512
100533
100538
100548
100562
100568
100581
100605
100620
100629
100643
100658
100662
100674
100701
100710
100721
100724
100735
100769
100772
100798
100802
100803
100825
100851
100853
100858
100861
100862
100939
100947
100948
100981
101009
101020
101021
101049
101071
101088
101099
101127
101149
101166
101178
101182
101215
101250
101269
101271
101283
101291
101323
101373
101379
101399
101412
101419
101421
101423
101452
101464
101473
101476
101481
101504
101513
101523
101556
101574
101601
101616
101618
101662
101665
101718
101729
101753
101831
101838
101841
101861
101887
101895
101935
101944
101947
101955
101962
101985
102057
102110
102127
102129
102189
102197
102199
102206
102225
102227
102302
102309
102316
102325
102349
102360
102367
102385
102418
102427
102446
102450
102463
102505
102517
102522
102532
102538
102556
102560
102631
102633
102650
102659
102665
102691
102712
102716
102725
102728
102738
102766
102773
102785
102802
102803
102822
102838
102866
102873
102894
102917
102927
102935
102949
102983
103029
103058
103069
103081
103087
103113
103114
103122
103155
103167
103173
103188
103212
103214
103222
103237
103248
103260
103262
103319
103353
103372
103383
103386
103411
103436
103437
103451
103454
103470
103492
103501
103503
103534
103554
103561
103600
103628
103692
103712
103757
103790
103794
103808
103824
103828
103843
103857
103867
103879
103884
103899
103909
104024
104039
104055
104064
104068
104077
104115
104171
104200
104204
104210
104224
104235
104246
104293
104314
104322
104325
104367
104396
104408
104443
104463
104465
104491
104498
104499
104507
104525
104536
104538
104556
104595
104597
104600
104638
104642
104690
104695
104763
104801
104845
104862
104865
104907
104908
104920
104969
104988
105034
105052
105074
105080
105099
105123
105158
105168
105203
105206
105236
105304
105330
105342
105375
105392
105394
105455
105456
105526
105535
105545
105563
105579
105605
105630
105644
105681
105705
105758
105766
105783
105785
105828
105831
105844
105865
105873
105884
105898
105899
105900
105905
105912
105914
105926
105936
105964
105968
106038
106046
106104
106112
106117
106144
106167
106168
106185
106220
106223
106241
106272
106274
106281
106286
106293
106336
106338
106345
106382
106396
106414
106445
106472
106540
106553
106570
106574
106580
106628
106653
106656
106667
106674
106724
106727
106753
106789
106805
106816
106830
106882
106896
106923
106952
106965
106983
107020
107026
107032
107033
107047
107074
107113
107115
107121
107129
107135
107150
107156
107159
107180
107221
107269
107274
107339
107342
107356
107364
107373
107387
107414
107422
107434
107442
107485
107492
107493
107503
107513
107531
107534
107537
107558
107559
107574
107577
107581
107612
107622
107635
107638
107692
107695
107703
107706
107708
107751
107756
107827
107830
107834
107847
107858
107870
107874
107888
107902
107934
107948
107959
107990
108000
108013
108032
108076
108082
108105
108124
108128
108181
108193
108194
108198
108222
108235
108365
108366
108404
108412
108451
108468
108504
108516
108535
108558
108580
108602
108660
108661
108678
108711
108719
108723
108740
108761
108785
108791
108804
108865
108877
108910
108912
108928
108936
108993
109006
109016
109018
109019
109035
109048
109051
109061
109064
109069
109075
109098
109100
109102
109112
109116
109129
109135
109136
109178
109227
109231
109238
109246
109307
109351
109353
109377
109396
109400
109411
109427
109439
109441
109492
109503
109507
109529
109534
109546
109552
109563
109576
109580
109589
109605
109606
109609
109612
109662
109669
109696
109697
109721
109789
109797
109815
109842
109848
109852
109898
109900
109916
109936
109944
109978
109981
109986
109989
109992
110004
110015
110062
110066
110085
110098
110101
110172
110179
110201
110263
110285
110297
110349
110358
110387
110469
110470
110516
110519
110529
110542
110569
110579
110588
110589
110604
110605
110606
110642
110656
110672
110674
110688
110722
110733
110759
110773
110784
110801
110806
110810
110844
110851
110868
110895
110905
110938
110983
111007
111008
111016
111020
111026
111035
111037
111040
111044
111047
111051
111055
111075
111079
111089
111104
111114
111134
111159
111163
111168
111171
111237
111243
111244
111265
111271
111300
111326
111351
111410
111437
111451
111457
111461
111511
111514
111519
111520
111522
111537
111542
111548
111565
111619
111621
111636
111654
111697
111714
111717
111729
111753
111766
111796
111806
111834
111862
111871
111874
111877
111878
111904
111906
111938
111953
111967
111979
111980
111983
111996
112015
112037
112079
112091
112108
112114
112120
112137
112142
112154
112198
112213
112226
112261
112268
112278
112279
112281
112302
112327
112357
112366
112367
112371
112378
112410
112425
112444
112462
112475
112477
112512
112516
112551
112576
112609
112659
112677
112709
112714
112755
112756
112762
112793
112805
112899
112927
112963
112981
113004
113008
113042
113079
113098
113137
113157
113191
113208
113233
113255
113324
113325
113336
113337
113370
113378
113401
113414
113427
113433
113451
113489
113497
113498
113507
113516
113520
113545
113601
113603
113619
113629
113634
113635
113641
113669
113673
113705
113720
113736
113751
113762
113778
113780
113892
113910
113934
113966
113970
113992
114062
114067
114077
114083
114097
114107
114117
114149
114150
114180
114202
114204
114216
114234
114240
114248
114259
114296
114318
114344
114420
114421
114495
114512
114516
114553
114570
114581
114584
114591
114593
114628
114642
114658
114664
114671
114677
114679
114704
114784
114798
114806
114812
114819
114855
114868
114891
114941
114974
114986
115001
115036
115075
115106
115113
115119
115121
115187
115191
115205
115247
115268
115289
115297
115312
115338
115364
115368
115371
115387
115388
115402
115404
115406
115411
115417
115516
115519
115527
115534
115541
115560
115601
115629
115641
115687
115693
115720
115723
115724
115732
115748
115779
115793
115804
115863
115884
115885
115892
115899
115917
115944
115966
115988
115992
116041
116044
116083
116103
116112
116139
116140
116187
116191
116192
116206
116239
116253
116260
116281
116297
116301
116316
116318
116319
116323
116329
116341
116432
116433
116461
116468
116477
116485
116497
116517
116520
116535
116593
116597
116611
116625
116658
116686
116701
116750
116754
116777
116781
116791
116838
116846
116866
116885
116897
116899
116911
116925
116928
116951
116952
116973
116991
116995
116996
117025
117043
117055
117076
117085
117090
117114
117130
117160
117168
117169
117175
117186
117202
117205
117226
117237
117263
117294
117304
117320
117332
117338
117346
117353
117407
117420
117449
117490
117511
117560
117579
117593
117597
117604
117638
117650
117654
117664
117684
117693
117745
117751
117761
117772
117791
117803
117823
117837
117843
117867
117900
117905
117967
118005
118010
118023
118030
118075
118077
118085
118100
118235
118255
118282
118294
118328
118329
118364
118378
118467
118546
118547
118591
118604
118606
118625
118634
118682
118705
118736
118752
118765
118828
118851
118869
118875
118896
118930
118943
118945
118948
118949
118987
119011
119017
119018
119063
119111
119150
119224
119236
119250
119260
119288
119289
119296
119315
119372
119425
119438
119514
119572
119592
119594
119668
119685
119708
119760
119856
119860
119865
119902
119950
119951
119964
119971
120007
120018
120052
120053
120055
120064
120077
120103
120105
120109
120110
120111
120115
120121
120141
120166
120188
120195
120200
120203
120208
120230
120248
120297
120311
120315
120319
120329
120350
120352
120366
120369
120374
120461
120464
120479
120506
120508
120513
120544
120545
120587
120591
120614
120630
120641
120693
120770
120774
120801
120817
120887
120911
120928
120937
120952
120964
120998
121002
121050
121058
121072
121075
121107
121115
121119
121153
121174
121175
121186
121188
121191
121198
121209
121215
121236
121329
121350
121355
121362
121398
121438
121486
121546
121555
121583
121609
121613
121616
121627
121633
121643
121660
121675
121689
121699
121746
121768
121796
121810
121824
121830
121852
121862
121876
121903
121917
121960
121983
122018
122024
122025
122029
122031
122038
122059
122069
122086
122089
122121
122124
122153
122186
122208
122218
122228
122244
122282
122284
122286
122288
122301
122317
122319
122326
122360
122363
122394
122399
122432
122447
122450
122454
122457
122459
122460
122529
122543
122563
122577
122595
122612
122642
122650
122651
122674
122680
122694
122726
122741
122751
122756
122773
122778
122831
122849
122877
122933
122934
122968
122990
123017
123025
123033
123040
123071
123075
123147
123164
123174
123232
123285
123308
123328
123337
123342
123386
123424
123436
123456
123501
123503
123514
123559
123575
123584
123630
123661
123679
123686
123697
123709
123730
123790
123813
123822
123823
123835
123857
123867
123871
123875
123878
123920
123942
124006
124022
124033
124039
124048
124058
124096
124100
124110
124140
124169
124180
124208
124217
124222
124233
124238
124247
124250
124259
124261
124297
124320
124325
124334
124340
124346
124368
124455
124456
124483
124499
124517
124540
124551
124563
124577
124579
124603
124613
124621
124652
124690
124727
124734
124743
124801
124806
124821
124824
124831
124869
124880
124946
124958
124988
124989
125005
125042
125086
125087
125094
125106
125109
125110
125115
125130
125134
125159
125165
125202
125205
125217
125259
125265
125325
125330
125331
125344
125352
125365
125380
125381
125389
125398
125404
125406
125427
125439
125449
125481
125484
125490
125520
125521
125544
125583
125600
125602
125617
125620
125630
125643
125658
125672
125716
125717
125742
125763
125817
125821
125833
125869
125881
125884
125944
125960
125970
125975
125979
125983
126058
126091
126100
126118
126120
126168
126182
126186
126198
126204
126216
126219
126243
126246
126248
126249
126255
126280
126313
126314
126317
126320
126322
126326
126335
126359
126368
126386
126397
126400
126431
126434
126438
126441
126448
126458
126500
126501
126509
126569
126570
126604
126606
126650
126653
126671
126673
126674
126678
126693
126726
126727
126761
126768
126779
126782
126783
126784
126811
126867
126873
126899
126906
126916
126938
126981
126991
126992
126996
127004
127027
127031
127078
127084
127124
127164
127172
127223
127235
127255
127261
127282
127288
127290
127297
127353
127363
127383
127447
127456
127469
127471
127500
127543
127554
127555
127570
127577
127580
127584
127591
127593
127609
127618
127670
127681
127706
127713
127715
127841
127854
127856
127857
127876
127888
127926
127967
127968
127970
127989
128001
128030
128033
128055
128092
128109
128150
128170
128203
128210
128221
128225
128280
128289
128333
128355
128370
128408
128419
128429
128437
128453
128455
128460
128461
128484
128487
128506
128532
128534
128561
128576
128597
128601
128604
128621
128737
128751
128813
128829
128858
128867
128884
128894
128942
129010
129033
129039
129077
129105
129117
129150
129159
129165
129220
129229
129249
129274
129292
129352
129375
129389
129391
129397
129403
129409
129430
129455
129489
129500
129501
129546
129570
129584
129616
129621
129632
129637
129660
129671
129710
129712
129720
129721
129725
129760
129761
129771
129773
129787
129820
129838
129853
129910
129915
129955
129978
129990
130029
130045
130054
130099
130118
130148
130149
130163
130195
130200
130208
130239
130252
130254
130255
130264
130281
130285
130286
130296
130302
130331
130344
130360
130367
130377
130385
130402
130405
130418
130419
130420
130433
130456
130471
130474
130483
130488
130505
130524
130534
130536
130562
130599
130643
130655
130684
130760
130772
130785
130787
130821
130855
130862
130915
130916
130933
130934
130938
130948
130950
130986
131019
131062
131084
131103
131116
131127
131132
131169
131174
131176
131188
131193
131196
131207
131236
131252
131253
131256
131278
131292
131313
131330
131343
131359
131372
131375
131376
131390
131397
131457
131500
131514
131523
131549
131553
131556
131564
131610
131612
131619
131631
131635
131638
131659
131693
131714
131723
131740
131849
131851
131853
131875
131908
131931
131977
132015
132025
132026
132057
132058
132070
132071
132090
132094
132106
132112
132115
132148
132151
132188
132211
132251
132254
132298
132303
132340
132396
132397
132402
132404
132406
132433
132435
132458
132498
132509
132522
132562
132570
132573
132583
132592
132607
132612
132615
132619
132631
132634
132637
132644
132657
132704
132709
132733
132743
132754
132771
132783
132796
132813
132849
132898
132900
132921
132940
132950
132980
132989
132991
133040
133056
133072
133084
133100
133101
133158
133180
133191
133193
133199
133204
133230
133240
133246
133292
133301
133307
133336
133343
133361
133372
133390
133419
133434
133448
133449
133455
133466
133514
133531
133553
133555
133560
133561
133565
133594
133603
133618
133619
133645
133652
133664
133696
133699
133749
133751
133756
133825
133841
133860
133868
133885
133887
133892
133893
133896
133913
133925
133936
133937
133967
133975
133990
133999
134060
134074
134108
134110
134112
134121
134126
134128
134129
134131
134180
134184
134200
134243
134298
134316
134318
134320
134348
134353
134376
134409
134421
134426
134427
134437
134461
134462
134546
134552
134575
134580
134604
134611
134660
134666
134671
134687
134691
134703
134731
134754
134773
134778
134792
134798
134803
134858
134879
134885
134894
134949
134963
134968
134984
134989
134993
135019
135135
135161
135185
135209
135216
135219
135231
135261
135265
135271
135304
135321
135352
135376
135402
135424
135433
135441
135456
135463
135473
135478
135507
135526
135557
135591
135597
135607
135613
135620
135624
135625
135629
135635
135643
135647
135658
135690
135711
135725
135726
135729
135745
135814
135862
135875
135918
135926
135930
135933
135966
135991
135998
136087
136131
136141
136142
136143
136148
136198
136222
136240
136251
136283
136305
136316
136333
136351
136357
136358
136411
136420
136442
136444
136473
136498
136506
136510
136539
136585
136591
136613
136649
136650
136655
136660
136661
136667
136679
136761
136766
136791
136799
136807
136816
136824
136855
136867
136881
136900
136903
136935
136980
137001
137015
137020
137024
137052
137056
137074
137099
137131
137137
137170
137172
137177
137203
137214
137216
137238
137239
137247
137249
137258
137261
137262
137269
137309
137346
137358
137381
137386
137390
137401
137432
137489
137499
137518
137527
137542
137551
137553
137576
137595
137597
137623
137641
137647
137672
137705
137781
137782
137826
137866
137927
137928
137949
137961
137992
137997
138004
138012
138027
138065
138139
138153
138157
138164
138187
138202
138233
138273
138291
138323
138332
138338
138353
138356
138378
138390
138401
138448
138455
138522
138556
138630
138634
138636
138656
138692
138695
138707
138724
138762
138773
138798
138799
138831
138854
138869
138905
138951
138967
139000
139066
139070
139080
139104
139106
139113
139116
139117
139144
139157
139158
139161
139187
139197
139200
139211
139275
139289
139312
139327
139329
139338
139342
139370
139443
139444
139492
139504
139512
139564
139580
139613
139615
139624
139651
139685
139691
139726
139765
139806
139820
139835
139880
139899
139903
139913
139921
139922
139987
140008
140023
140055
140069
140091
140101
140116
140137
140144
140154
140161
140181
140212
140224
140265
140300
140309
140320
140369
140411
140427
140473
140492
140503
140535
140538
140550
140575
140589
140599
140613
140646
140652
140666
140671
140672
140693
140715
140737
140750
140757
140781
140788
140801
140829
140867
140869
140874
140892
140900
140907
140918
140942
140956
140964
140970
140985
140990
140992
140999
141017
141040
141042
141061
141145
141161
141200
141207
141259
141277
141317
141324
141357
141372
141404
141410
141437
141491
141493
141506
141537
141550
141563
141578
141579
141585
141601
141627
141641
141675
141703
141748
141752
141765
141772
141773
141897
141901
141965
141972
141973
141986
141993
142008
142021
142074
142092
142141
142161
142169
142188
142206
142244
142251
142253
142258
142259
142271
142277
142325
142329
142415
142434
142455
142461
142510
142547
142605
142614
142623
142642
142644
142648
142671
142677
142716
142738
142774
142792
142802
142804
142808
142820
142827
142874
142880
142881
142886
142894
142901
142917
142932
142933
142952
142977
142997
143009
143011
143083
143100
143106
143170
143208
143220
143232
143234
143281
143341
143346
143353
143371
143375
143440
143441
143445
143485
143522
143569
143593
143596
143616
143623
143690
143743
143781
143786
143788
143789
143798
143812
143859
143870
143880
143902
143931
143935
143962
143964
143966
143969
143972
143980
143981
144002
144003
144043
144048
144050
144095
144124
144127
144141
144142
144145
144161
144167
144188
144203
144213
144230
144255
144288
144304
144312
144321
144349
144363
144377
144421
144428
144482
144488
144489
144502
144503
144513
144562
144585
144589
144630
144659
144684
144714
144724
144736
144737
144822
144824
144861
144880
144883
144915
144955
144969
144980
144982
144983
144984
144994
145005
145014
145064
145104
145111
145127
145147
145155
145173
145202
145235
145249
145257
145278
145293
145303
145308
145325
145355
145357
145368
145371
145382
145415
145429
145472
145487
145493
145496
145499
145510
145517
145533
145582
145623
145678
145685
145688
145691
145703
145712
145728
145732
145736
145754
145755
145760
145794
145808
145815
145864
145887
145895
146005
146066
146174
146185
146196
146204
146224
146233
146258
146272
146294
146303
146350
146352
146374
146447
146483
146530
146543
146571
146574
146584
146613
146642
146666
146699
146743
146857
146897
146937
146954
146960
147035
147047
147055
147062
147104
147130
147132
147148
147179
147192
147206
147223
147246
147255
147282
147286
147293
147294
147314
147335
147336
147339
147344
147352
147429
147438
147458
147459
147495
147549
147574
147630
147633
147663
147717
147724
147727
147738
147747
147773
147782
147790
147799
147802
147807
147819
147826
147855
147882
147891
148018
148034
148052
148075
148093
148094
148103
148105
148111
148116
148130
148144
148179
148180
148183
148226
148242
148256
148263
148270
148275
148294
148328
148341
148377
148380
148385
148390
148435
148451
148464
148467
148477
148478
148489
148493
148562
148566
148578
148587
148603
148609
148644
148663
148666
148670
148682
148689
148693
148701
148714
148715
148763
148785
148806
148831
148838
148954
148969
148995
149032
149035
149045
149052
149053
149055
149069
149074
149117
149158
149213
149217
149222
149241
149249
149264
149287
149290
149337
149340
149420
149447
149468
149495
149496
149532
149536
149538
149560
149583
149586
149629
149683
149690
149724
149780
149789
149809
149833
149847
149854
149881
149893
149903
149910
149918
149925
149929
149938
149940
149963
150012
150038
150041
150048
150092
150097
150139
150140
150172
150189
150217
150233
150251
150280
150289
150304
150325
150332
150360
150384
150396
150444
150464
150470
150471
150482
150489
150492
150499
150507
150510
150537
150557
150607
150620
150622
150656
150680
150741
150766
150783
150808
150809
150861
150880
150893
150895
150958
150972
151008
151010
151013
151035
151040
151085
151112
151143
151163
151169
151176
151179
151192
151193
151207
151218
151287
151299
151324
151357
151502
151520
151537
151541
151574
151610
151618
151623
151626
151648
151658
151661
151664
151666
151694
151696
151716
151741
151758
151830
151846
151860
151870
151883
151888
151928
151934
151943
152005
152037
152056
152061
152066
152126
152175
152181
152212
152214
152275
152284
152285
152290
152299
152303
152319
152343
152345
152371
152386
152410
152435
152450
152453
152469
152470
152493
152561
152573
152584
152607
152634
152650
152652
152654
152659
152660
152678
152691
152695
152700
152723
152742
152764
152771
152775
152782
152783
152828
152841
152848
152879
152920
152967
152970
152974
152980
152984
152985
153034
153064
153082
153083
153105
153121
153157
153169
153253
153255
153272
153280
153293
153392
153402
153423
153447
153462
153473
153485
153521
153667
153698
153714
153719
153721
153735
153797
153819
153836
153846
153855
153858
153905
153908
153915
153936
153970
153990
153991
153994
154001
154002
154007
154020
154028
154051
154064
154089
154109
154160
154173
154187
154192
154197
154201
154215
154227
154265
154306
154327
154338
154340
154350
154379
154388
154416
154439
154459
154461
154489
154495
154613
154620
154621
154627
154670
154679
154708
154716
154796
154799
154803
154889
154910
154963
155007
155029
155041
155048
155078
155081
155084
155094
155095
155096
155114
155166
155238
155316
155317
155326
155404
155447
155452
155459
155465
155480
155492
155496
155498
155504
155508
155537
155558
155587
155589
155602
155609
155619
155664
155693
155694
155729
155777
155778
155782
155813
155834
155839
155886
155903
155908
155948
155953
155968
156024
156070
156084
156098
156105
156245
156267
156269
156282
156286
156298
156402
156419
156423
156432
156442
156460
156483
156534
156537
156603
156613
156653
156657
156670
156696
156712
156734
156739
156755
156809
156821
156856
156876
156879
156884
156887
156912
156921
156927
156973
156994
156997
156999
157002
157017
157023
157049
157095
157121
157147
157152
157184
157220
157228
157235
157241
157274
157293
157300
157331
157342
157343
157357
157390
157391
157399
157430
157464
157486
157519
157530
157537
157563
157609
157621
157626
157635
157637
157658
157670
157672
157675
157693
157719
157727
157733
157759
157802
157830
157842
157852
157861
157863
157875
157897
157898
157903
157940
157983
157988
157999
158017
158045
158050
158119
158126
158130
158139
158150
158241
158242
158256
158266
158267
158289
158292
158316
158322
158342
158356
158358
158398
158401
158424
158474
158528
158542
158574
158615
158656
158675
158679
158696
158707
158719
158728
158743
158783
158784
158800
158815
158820
158822
158826
158831
158848
158881
158893
158916
158930
158943
158954
158966
158975
159014
159063
159089
159095
159096
159117
159134
159158
159207
159264
159273
159276
159299
159320
159345
159354
159365
159378
159420
159453
159464
159486
159499
159530
159556
159559
159569
159571
159573
159576
159585
159589
159593
159605
159625
159664
159709
159722
159726
159748
159786
159789
159801
159802
159803
159834
159853
159874
159899
159906
159922
159954
159991
159997
160011
160028
160029
160038
160044
160070
160077
160102
160106
160121
160124
160143
160145
160154
160173
160175
160181
160194
160209
160219
160242
160246
160250
160267
160281
160291
160309
160337
160358
160401
160430
160435
160463
160513
160525
160526
160557
160575
160611
160625
160627
160628
160641
160668
160722
160740
160754
160778
160796
160828
160830
160836
160861
160874
160884
160891
160900
160940
160953
160963
160972
160986
160991
161008
161022
161030
161046
161092
161120
161132
161138
161153
161188
161210
161212
161217
161218
161232
161234
161239
161265
161359
161382
161388
161398
161401
161428
161434
161450
161483
161601
161635
161652
161678
161734
161759
161770
161782
161807
161819
161862
161905
161920
161933
161955
161963
161968
161976
161999
162012
162027
162055
162056
162075
162088
162110
162136
162166
162191
162196
162200
162206
162210
162238
162288
162305
162314
162330
162338
162345
162384
162439
162447
162457
162462
162474
162531
162589
162605
162633
162663
162683
162694
162701
162724
162737
162791
162797
162850
162873
162888
162893
162926
162927
162937
162971
163022
163051
163059
163120
163138
163152
163192
163215
163242
163274
163286
163313
163320
163322
163408
163412
163457
163486
163512
163521
163568
163579
163589
163595
163604
163636
163682
163702
163730
163753
163762
163775
163813
163886
163891
163892
163912
163961
164007
164017
164055
164065
164114
164121
164132
164136
164140
164142
164159
164167
164182
164184
164199
164212
164223
164259
164282
164323
164351
164376
164433
164480
164488
164502
164527
164539
164576
164577
164589
164646
164649
164660
164684
164690
164698
164739
164761
164776
164785
164790
164795
164812
164851
164862
164866
164914
164920
164992
165001
165010
165021
165032
165039
165052
165097
165111
165133
165135
165152
165155
165183
165184
165185
165194
165217
165219
165221
165245
165262
165272
165300
165307
165309
165338
165380
165420
165422
165424
165435
165477
165500
165515
165526
165530
165537
165548
165569
165616
165632
165642
165662
165668
165700
165735
165790
165860
165866
165934
165941
165943
165954
165959
165965
166008
166059
166082
166102
166113
166145
166152
166155
166182
166206
166208
166259
166260
166275
166290
166294
166310
166347
166389
166395
166397
166430
166437
166483
166496
166497
166569
166601
166604
166686
166689
166791
166798
166803
166827
166841
166871
166873
166884
166890
166903
166905
166914
166915
166954
167018
167057
167094
167111
167112
167187
167226
167247
167251
167311
167326
167368
167411
167480
167487
167536
167547
167573
167577
167580
167588
167593
167624
167627
167675
167694
167738
167754
167765
167771
167774
167786
167789
167794
167795
167800
167804
167847
167850
167924
168002
168029
168043
168131
168135
168167
168169
168207
168236
168238
168248
168291
168311
168314
168316
168322
168323
168342
168344
168348
168362
168426
168490
168522
168570
168574
168583
168608
168639
168665
168692
168746
168763
168819
168875
168882
168901
168966
169037
169041
169063
169073
169077
169089
169106
169118
169138
169191
169210
169246
169250
169253
169293
169304
169308
169316
169320
169333
169345
169359
169392
169399
169403
169415
169427
169429
169436
169450
169464
169506
169508
169544
169548
169580
169584
169589
169603
169605
169614
169635
169657
169723
169764
169793
169815
169829
169865
169867
169868
169888
169899
169919
169941
169969
169973
169979
169992
170038
170061
170093
170107
170139
170150
170173
170174
170189
170202
170215
170244
170295
170297
170306
170318
170345
170388
170403
170411
170445
170479
170542
170549
170586
170603
170621
170662
170670
170754
170756
170758
170762
170781
170814
170856
170870
170874
170892
170900
170904
170917
170982
171007
171016
171044
171051
171105
171111
171124
171132
171148
171159
171173
171179
171181
171183
171186
171192
171229
171240
171248
171256
171267
171280
171296
171300
171310
171314
171315
171342
171391
171399
171426
171431
171487
171489
171491
171492
171527
171567
171601
171603
171633
171642
171650
171759
171761
171809
171818
171861
171864
171867
171879
171898
171949
171951
171958
171959
171962
171971
171993
172005
172047
172063
172064
172088
172090
172129
172138
172147
172222
172248
172259
172264
172272
172273
172294
172308
172339
172368
172385
172394
172419
172431
172441
172442
172447
172465
172490
172518
172521
172543
172548
172559
172567
172581
172584
172594
172623
172706
172715
172719
172723
172724
172725
172727
172766
172796
172818
172824
172831
172834
172850
172862
172898
172933
172944
172958
172985
172988
173009
173041
173072
173077
173086
173117
173132
173153
173165
173168
173182
173209
173210
173212
173218
173229
173233
173241
173256
173286
173306
173338
173344
173361
173365
173417
173429
173449
173472
173475
173476
173481
173498
173552
173554
173555
173608
173635
173654
173657
173665
173667
173673
173685
173700
173704
173738
173777
173820
173826
173847
173849
173891
173897
173901
173905
173935
173967
173983
174030
174057
174065
174097
174112
174127
174134
174149
174184
174190
174203
174213
174247
174248
174265
174270
174286
174310
174313
174327
174343
174346
174349
174370
174409
174434
174443
174479
174481
174485
174554
174590
174595
174616
174618
174638
174640
174674
174684
174696
174718
174728
174763
174764
174770
174837
174877
174882
174902
174913
174935
174963
174967
174974
174982
174983
175018
175064
175066
175070
175094
175131
175197
175262
175284
175305
175315
175334
175349
175389
175420
175488
175527
175528
175536
175548
175562
175571
175580
175608
175623
175633
175637
175679
175682
175691
175704
175742
175772
175802
175838
175866
175886
175899
175901
175921
175974
175975
176030
176041
176047
176060
176127
176157
176181
176187
176212
176213
176230
176240
176243
176245
176261
176270
176281
176331
176332
176362
176391
176421
176439
176441
176464
176553
176556
176566
176569
176597
176605
176624
176634
176678
176694
176702
176761
176767
176771
176776
176797
176799
176809
176826
176830
176839
176855
176858
176873
176929
176933
176960
176988
176993
177008
177009
177076
177104
177128
177133
177153
177179
177183
177191
177212
177213
177226
177233
177243
177249
177295
177308
177326
177360
177396
177470
177481
177534
177553
177582
177596
177603
177629
177654
177662
177676
177697
177710
177744
177807
177821
177837
177848
177852
177893
177931
177935
177936
177938
177963
177979
177998
178022
178023
178028
178030
178033
178035
178056
178072
178107
178142
178150
178153
178195
178205
178222
178228
178229
178293
178294
178334
178346
178349
178362
178370
178413
178470
178492
178504
178516
178518
178520
178521
178609
178618
178619
178626
178647
178683
178708
178736
178739
178778
178880
178891
178910
178921
178999
179027
179051
179053
179066
179070
179074
179213
179215
179223
179229
179230
179239
179242
179244
179250
179274
179312
179315
179318
179346
179379
179389
179402
179458
179557
179564
179574
179582
179599
179624
179625
179641
179680
179683
179727
179734
179749
179772
179777
179824
179839
179866
179887
179896
179899
179916
179929
179948
179964
180001
180009
180054
180067
180128
180183
180184
180196
180208
180241
180285
180315
180332
180371
180400
180425
180443
180472
180477
180608
180628
180633
180689
180700
180704
180725
180729
180733
180752
180766
180790
180857
180877
180896
180913
180932
180958
180976
180993
180996
181041
181054
181112
181135
181137
181140
181160
181210
181238
181256
181296
181321
181341
181347
181380
181389
181399
181402
181419
181449
181479
181542
181573
181586
181608
181615
181642
181645
181658
181687
181703
181706
181720
181799
181823
181838
181857
181860
181903
181905
181944
181982
181985
182002
182016
182027
182048
182049
182077
182080
182082
182084
182093
182112
182131
182140
182184
182195
182196
182209
182260
182265
182284
182286
182287
182300
182301
182303
182312
182331
182373
182383
182466
182486
182494
182498
182512
182531
182544
182591
182592
182593
182594
182647
182664
182681
182691
182698
182711
182728
182757
182769
182789
182801
182804
182805
182827
182856
182869
182950
183003
183014
183029
183060
183076
183173
183202
183213
183232
183237
183243
183254
183264
183281
183347
183395
183476
183503
183515
183521
183577
183628
183660
183663
183768
183774
183775
183779
183794
183803
183806
183816
183822
183882
183884
183894
183973
184010
184057
184091
184110
184135
184163
184176
184183
184192
184197
184204
184224
184266
184267
184269
184290
184295
184301
184302
184314
184333
184358
184383
184416
184418
184419
184422
184427
184459
184472
184478
184499
184520
184549
184552
184554
184562
184567
184584
184627
184630
184648
184696
184725
184726
184741
184819
184826
184827
184831
184867
184881
184882
184899
184940
184951
184978
185010
185033
185049
185052
185053
185094
185098
185106
185133
185138
185173
185174
185233
185235
185237
185256
185261
185281
185290
185310
185316
185344
185425
185451
185491
185509
185523
185536
185553
185579
185587
185601
185613
185621
185630
185646
185655
185682
185683
185694
185723
185724
185747
185765
185772
185812
185862
185866
185870
185880
185884
185885
185924
185927
185936
186032
186047
186055
186064
186082
186091
186165
186187
186194
186197
186207
186246
186249
186346
186353
186360
186375
186378
186386
186401
186438
186503
186529
186536
186556
186579
186615
186634
186635
186679
186744
186788
186798
186804
186908
186932
186939
186951
186966
186967
187038
187048
187087
187096
187131
187157
187208
187221
187222
187227
187235
187249
187301
187338
187349
187352
187363
187451
187457
187491
187498
187499
187518
187546
187578
187582
187584
187625
187636
187638
187641
187679
187690
187695
187702
187725
187728
187754
187762
187845
187849
187893
187908
187911
187929
187963
188004
188015
188027
188031
188073
188080
188085
188102
188103
188120
188126
188144
188152
188181
188201
188236
188299
188321
188341
188342
188370
188427
188452
188475
188507
188530
188580
188614
188633
188641
188649
188701
188709
188785
188800
188880
188965
188982
188997
189002
189010
189026
189034
189093
189098
189102
189109
189144
189153
189160
189173
189186
189213
189242
189261
189271
189312
189325
189349
189379
189423
189430
189434
189440
189451
189458
189471
189476
189488
189490
189495
189497
189504
189516
189549
189623
189644
189662
189708
189718
189777
189785
189794
189824
189828
189886
189888
189955
189982
189999
190010
190061
190119
190143
190156
190176
190226
190241
190258
190278
190293
190295
190312
190400
190414
190441
190443
190446
190447
190460
190479
190507
190525
190543
190548
190550
190571
190577
190628
190638
190673
190711
190713
190727
190741
190750
190768
190825
190840
190899
190918
190936
190949
190953
190979
190995
191020
191079
191081
191131
191143
191146
191183
191241
191242
191254
191264
191277
191281
191284
191297
191311
191328
191361
191377
191397
191414
191467
191470
191495
191519
191563
191580
191598
191650
191692
191698
191709
191715
191744
191746
191759
191777
191792
191805
191811
191887
191891
191913
191931
191955
191964
191977
192016
192025
192075
192078
192088
192115
192128
192166
192230
192267
192315
192328
192345
192373
192380
192392
192426
192442
192443
192444
192445
192452
192472
192479
192490
192491
192495
192498
192500
192561
192568
192634
192638
192676
192684
192691
192716
192728
192732
192733
192736
192760
192783
192823
192835
192845
192855
192869
192874
192883
192923
192942
192984
192988
192995
193031
193034
193054
193063
193084
193088
193108
193128
193150
193189
193214
193229
193304
193324
193350
193372
193382
193423
193453
193497
193502
193519
193530
193535
193555
193584
193603
193606
193668
193678
193681
193741
193758
193764
193769
193778
193846
193860
193863
193903
193915
193917
193968
193988
194023
194071
194077
194085
194090
194126
194140
194142
194167
194171
194200
194235
194271
194288
194371
194379
194388
194462
194490
194491
194507
194510
194529
194594
194607
194660
194663
194701
194702
194705
194727
194728
194756
194771
194779
194786
194805
194814
194819
194826
194843
194849
194867
194868
194905
194950
194970
194991
194998
195000
195006
195012
195026
195035
195048
195062
195079
195102
195112
195156
195167
195175
195180
195187
195195
195217
195225
195247
195256
195258
195267
195298
195302
195319
195366
195384
195404
195406
195429
195447
195450
195465
195482
195504
195568
195571
195596
195612
195627
195634
195711
195719
195730
195746
195753
195759
195780
195800
195809
195818
195830
195903
195922
195950
195966
195974
196013
196023
196055
196070
196077
196130
196155
196160
196192
196227
196238
196252
196272
196280
196359
196372
196412
196463
196473
196506
196546
196554
196572
196574
196612
196631
196639
196660
196763
196764
196823
196858
196895
196903
196904
196932
196951
197030
197041
197047
197053
197139
197186
197261
197372
197384
197396
197404
197411
197434
197441
197471
197479
197481
197548
197573
197574
197663
197673
197718
197752
197763
197767
197797
197803
197811
197816
197847
197853
197857
197885
197901
197907
197985
198032
198039
198043
198058
198071
198119
198163
198182
198186
198200
198215
198222
198236
198261
198281
198299
198338
198339
198347
198358
198362
198369
198372
198380
198386
198421
198437
198497
198512
198518
198558
198582
198652
198655
198658
198674
198687
198697
198748
198781
198787
198814
198826
198828
198860
198889
198913
198935
199006
199013
199037
199044
199087
199094
199101
199134
199150
199159
199166
199194
199199
199214
199233
199277
199282
199333
199345
199350
199369
199434
199510
199609
199659
199716
199743
199749
199750
199777
199781
199797
199799
199809
199833
199843
199873
199913
199931
200019
200038
200094
200115
200125
200128
200132
200145
200159
200183
200186
200192
200209
200217
200226
200227
200232
200256
200291
200356
200375
200387
200392
200441
200446
200458
200493
200547
200556
200570
200602
200628
200635
200644
200677
200689
200701
200703
200767
200799
200847
200864
200917
200923
200930
200938
200995
200996
200998
201009
201019
201030
201038
201046
201055
201057
201073
201074
201094
201097
201111
201113
201160
201179
201214
201219
201278
201313
201326
201335
201348
201368
201372
201391
201426
201439
201458
201468
201561
201574
201624
201648
201662
201663
201678
201714
201731
201777
201789
201807
201808
201853
202019
202059
202062
202063
202098
202100
202154
202157
202175
202191
202200
202232
202240
202246
202261
202263
202273
202348
202372
202374
202390
202410
202431
202441
202455
202497
202512
202525
202531
202579
202581
202594
202662
202692
202695
202749
202776
202783
202808
202819
202822
202866
202894
202905
202939
202947
202970
202980
202986
203006
203055
203151
203191
203219
203236
203254
203263
203271
203287
203312
203315
203362
203376
203398
203401
203437
203527
203579
203613
203627
203633
203651
203688
203695
203763
203768
203817
203835
203866
203898
203931
203933
203937
203957
204013
204018
204042
204048
204111
204152
204168
204214
204232
204254
204271
204286
204328
204338
204389
204468
204473
204485
204540
204560
204566
204567
204623
204626
204648
204664
204679
204683
204722
204748
204760
204762
204779
204789
204826
204851
204868
204889
204897
204905
204909
204914
204922
204931
204935
204946
204951
204961
204966
204978
204987
204998
205012
205013
205094
205110
205111
205147
205151
205154
205161
205164
205172
205205
205217
205255
205305
205308
205317
205328
205339
205349
205369
205397
205460
205467
205480
205506
205515
205541
205595
205602
205623
205625
205627
205632
205637
205653
205676
205703
205724
205730
205755
205760
205773
205780
205807
205846
205860
205904
205934
205954
205984
206005
206009
206010
206015
206026
206030
206037
206048
206067
206098
206138
206156
206160
206178
206214
206227
206239
206253
206324
206338
206339
206341
206371
206398
206425
206435
206443
206464
206475
206492
206501
206543
206593
206648
206678
206698
206703
206707
206714
206743
206774
206780
206781
206800
206815
206833
206863
206876
206879
206884
206926
206931
206999
207068
207071
207084
207085
207095
207110
207127
207142
207144
207164
207178
207186
207188
207205
207218
207228
207230
207244
207251
207256
207266
207284
207331
207333
207341
207347
207349
207390
207410
207441
207474
207501
207516
207519
207528
207638
207648
207720
207721
207755
207761
207762
207779
207800
207803
207808
207813
207816
207817
207829
207897
207911
207928
207930
207943
207958
207962
207967
207971
207974
207992
208002
208009
208033
208089
208108
208117
208177
208188
208201
208252
208274
208277
208303
208365
208461
208533
208540
208545
208558
208604
208615
208635
208643
208657
208668
208676
208678
208692
208741
208789
208811
208819
208871
208873
208883
208893
208905
208957
209004
209013
209014
209037
209042
209046
209056
209060
209078
209115
209135
209173
209183
209188
209194
209242
209254
209280
209292
209303
209305
209322
209325
209369
209370
209381
209408
209450
209462
209503
209514
209555
209577
209587
209589
209604
209669
209690
209713
209735
209751
209753
209786
209797
209872
209876
209918
209940
209949
209968
209983
209986
209999
210036
210045
210061
210073
210123
210151
210157
210173
210194
210221
210222
210238
210284
210314
210317
210332
210405
210418
210423
210437
210456
210476
210516
210533
210535
210591
210598
210629
210631
210642
210650
210662
210676
210689
210690
210717
210721
210762
210770
210771
210773
210797
210876
210877
210885
210910
210915
210922
210942
210964
210971
211014
211017
211043
211044
211066
211089
211096
211130
211131
211140
211170
211179
211184
211185
211200
211202
211218
211226
211243
211247
211267
211273
211283
211290
211326
211327
211329
211337
211371
211387
211388
211392
211394
211402
211411
211412
211441
211477
211497
211535
211542
211563
211567
211584
211592
211599
211600
211611
211635
211647
211660
211661
211705
211713
211722
211742
211745
211753
211769
211785
211786
211788
211794
211833
211848
211850
211851
211863
211878
211885
211886
211924
211932
211940
211967
211970
212005
212020
212041
212047
212050
212087
212092
212098
212114
212129
212161
212212
212220
212303
212307
212324
212337
212340
212414
212459
212477
212487
212502
212515
212516
212519
212591
212597
212617
212630
212658
212666
212667
212679
212685
212722
212740
212770
212771
212887
212900
212903
212962
212965
212967
213021
213034
213040
213043
213052
213080
213086
213087
213108
213120
213136
213148
213173
213237
213254
213296
213324
213373
213401
213424
213472
213501
213554
213573
213576
213586
213589
213641
213694
213695
213753
213764
213772
213796
213818
213839
213864
213918
213932
213938
213940
213949
213972
213991
213998
214004
214049
214053
214061
214063
214153
214158
214203
214267
214287
214291
214308
214320
214325
214328
214330
214336
214369
214388
214439
214441
214462
214503
214509
214516
214593
214600
214652
214662
214666
214689
214690
214696
214718
214746
214768
214815
214825
214830
214859
214890
214915
214924
214970
214979
215009
215012
215055
215075
215076
215082
215118
215166
215180
215289
215301
215307
215321
215383
215387
215442
215451
215461
215463
215481
215491
215502
215513
215519
215537
215585
215588
215683
215684
215759
215770
215790
215797
215800
215811
215825
215840
215872
215892
215898
215910
215921
215924
215952
215985
215996
216015
216036
216038
216048
216063
216065
216067
216086
216115
216138
216185
216218
216247
216251
216260
216280
216303
216326
216353
216354
216403
216429
216457
216478
216516
216517
216572
216603
216647
216659
216666
216679
216681
216684
216689
216696
216715
216751
216756
216762
216765
216798
216808
216847
216849
216880
216888
216920
217018
217025
217036
217067
217089
217096
217100
217131
217136
217157
217177
217198
217204
217229
217230
217234
217260
217270
217312
217358
217362
217363
217403
217429
217494
217495
217498
217500
217504
217525
217532
217534
217543
217609
217623
217642
217698
217728
217823
217884
217924
217962
217989
217990
218003
218037
218040
218063
218080
218087
218106
218108
218142
218181
218185
218191
218208
218227
218236
218240
218272
218277
218278
218287
218292
218321
218324
218341
218413
218429
218433
218445
218477
218482
218483
218502
218555
218578
218648
218664
218690
218749
218758
218771
218780
218782
218799
218802
218806
218884
218885
218901
218903
218927
218981
218984
218985
219007
219022
219071
219093
219139
219165
219200
219204
219205
219219
219227
219236
219268
219270
219348
219419
219427
219475
219477
219487
219534
219537
219572
219625
219640
219677
219697
219720
219799
219815
219830
219880
219919
219934
219943
219957
220003
220004
220014
220037
220042
220046
220069
220097
220122
220161
220199
220230
220250
220288
220291
220300
220323
220340
220384
220428
220473
220504
220507
220532
220569
220575
220600
220633
220642
220652
220658
220659
220713
220719
220722
220759
220791
220815
220895
220900
220906
220930
220963
220983
220987
220992
220999
221063
221076
221087
221111
221131
221134
221137
221164
221174
221193
221229
221231
221311
221331
221379
221381
221382
221388
221415
221418
221428
221460
221471
221479
221486
221506
221549
221570
221589
221622
221678
221683
221706
221708
221739
221748
221773
221782
221788
221827
221857
221863
221912
221922
221951
221959
221974
221976
221994
221998
222025
222059
222072
222097
222149
222157
222176
222233
222258
222286
222319
222333
222359
222378
222435
222461
222481
222493
222504
222515
222521
222550
222575
222587
222608
222615
222616
222650
222730
222742
222845
222857
222888
222909
222915
222948
222949
222963
222988
223037
223039
223092
223111
223139
223141
223148
223158
223175
223239
223268
223295
223307
223371
223379
223386
223389
223421
223431
223479
223504
223520
223603
223604
223618
223620
223623
223625
223627
223631
223636
223657
223676
223691
223698
223741
223743
223763
223781
223782
223802
223822
223838
223863
223890
223901
223906
223937
223955
223956
223998
224001
224003
224009
224032
224051
224057
224066
224070
224117
224143
224149
224191
224214
224223
224228
224262
224264
224285
224286
224305
224368
224382
224424
224436
224459
224473
224475
224521
224527
224528
224544
224567
224640
224651
224677
224701
224702
224728
224734
224818
224852
224855
224867
224892
224911
224920
224968
224975
225012
225054
225070
225110
225136
225140
225148
225163
225178
225184
225191
225211
225234
225235
225245
225263
225264
225265
225271
225329
225375
225403
225434
225463
225491
225493
225515
225539
225546
225566
225579
225589
225604
225635
225637
225640
225649
225667
225671
225680
225690
225701
225725
225728
225729
225733
225759
225767
225779
225794
225796
225803
225851
225873
225930
225936
225972
225978
226025
226026
226047
226059
226077
226081
226093
226100
226142
226169
226222
226228
226230
226242
226261
226279
226288
226290
226312
226328
226336
226381
226385
226499
226502
226522
226530
226581
226605
226618
226620
226636
226720
226761
226767
226788
226796
226808
226811
226839
226869
226894
226903
226912
226931
226942
226956
226961
226968
226970
227030
227033
227040
227044
227053
227064
227094
227097
227124
227153
227202
227220
227223
227225
227236
227237
227241
227265
227306
227316
227322
227323
227330
227340
227346
227365
227378
227422
227438
227449
227456
227475
227492
227524
227532
227533
227575
227586
227588
227611
227613
227623
227653
227666
227682
227695
227735
227764
227785
227787
227794
227859
227869
227899
227907
227921
227936
228029
228046
228113
228133
228134
228138
228147
228161
228169
228227
228231
228250
228267
228276
228286
228340
228348
228351
228383
228408
228416
228446
228459
228468
228500
228505
228525
228531
228543
228596
228607
228618
228626
228657
228676
228683
228721
228733
228746
228758
228764
228767
228791
228814
228847
228866
228882
228883
228886
228904
228950
228970
229017
229073
229075
229085
229093
229108
229124
229165
229169
229221
229231
229264
229267
229281
229308
229329
229343
229345
229364
229379
229381
229389
229393
229429
229451
229473
229524
229534
229551
229563
229581
229588
229590
229657
229696
229723
229743
229749
229770
229783
229794
229801
229813
229833
229835
229848
229891
229894
229933
229956
229961
229974
230019
230037
230113
230115
230117
230124
230204
230209
230213
230242
230260
230266
230274
230279
230326
230342
230371
230377
230379
230385
230387
230441
230449
230459
230530
230549
230570
230600
230610
230623
230628
230633
230650
230665
230714
230725
230744
230790
230797
230800
230806
230815
230878
230914
230925
230930
230934
231046
231071
231072
231086
231112
231195
231196
231218
231222
231229
231268
231270
231276
231283
231314
231340
231351
231375
231420
231435
231467
231482
231490
231497
231522
231537
231593
231648
231678
231685
231700
231760
231768
231786
231788
231830
231835
231846
231849
231874
231955
231971
231978
231980
232005
232024
232027
232055
232056
232098
232115
232142
232170
232177
232240
232251
232261
232272
232293
232333
232396
232397
232403
232411
232472
232490
232492
232500
232507
232516
232579
232638
232640
232703
232714
232719
232720
232765
232770
232799
232805
232809
232813
232820
232828
232835
232851
232860
232926
232965
232982
233015
233056
233058
233087
233095
233106
233114
233139
233177
233191
233199
233200
233210
233213
233230
233246
233287
233292
233351
233353
233366
233382
233391
233417
233423
233425
233439
233444
233455
233464
233474
233476
233478
233497
233623
233709
233724
233730
233745
233776
233785
233795
233796
233811
233816
233837
233839
233937
233950
233951
233960
233972
233975
234001
234021
234031
234092
234096
234128
234150
234225
234227
234232
234263
234278
234288
234335
234354
234428
234429
234434
234451
234525
234638
234645
234688
234725
234730
234734
234749
234794
234874
234879
234911
234952
234958
234967
234978
235040
235149
235176
235187
235213
235223
235260
235269
235320
235338
235351
235355
235369
235391
235395
235474
235475
235484
235487
235522
235537
235538
235540
235545
235565
235573
235577
235580
235645
235669
235725
235729
235854
235922
235923
235957
235986
235993
236017
236020
236022
236032
236033
236082
236093
236134
236147
236148
236169
236184
236212
236213
236215
236250
236263
236269
236276
236282
236288
236311
236314
236319
236331
236340
236360
236404
236445
236447
236452
236457
236460
236475
236542
236553
236559
236561
236564
236577
236590
236602
236608
236612
236642
236663
236747
236749
236752
236754
236772
236776
236779
236783
236845
236849
236853
236916
236930
236937
236938
236940
236945
236950
236956
236958
236982
237005
237028
237045
237052
237059
237077
237081
237100
237108
237158
237173
237177
237189
237197
237211
237215
237224
237292
237318
237325
237328
237352
237384
237385
237389
237417
237452
237462
237531
237537
237541
237607
237638
237670
237699
237705
237756
237802
237813
237854
237858
237860
237864
237885
237929
237953
237969
237976
237999
238010
238022
238052
238075
238087
238095
238109
238113
238237
238270
238320
238323
238339
238364
238380
238390
238428
238430
238432
238440
238446
238455
238500
238526
238565
238579
238605
238608
238675
238701
238716
238727
238741
238757
238760
238762
238867
238873
238905
238926
238928
238942
239010
239025
239035
239059
239078
239113
239137
239153
239168
239174
239194
239195
239199
239216
239231
239240
239242
239258
239260
239290
239329
239339
239465
239468
239557
239564
239570
239574
239575
239588
239614
239615
239635
239653
239659
239693
239695
239700
239714
239716
239744
239746
239749
239750
239754
239755
239759
239767
239785
239788
239814
239824
239830
239844
239880
239906
239941
239964
239972
239981
240019
240060
240061
240094
240102
240129
240149
240158
240189
240293
240322
240350
240359
240362
240374
240423
240451
240458
240470
240472
240488
240506
240543
240545
240566
240607
240650
240657
240662
240712
240719
240729
240733
240738
240749
240765
240777
240799
240812
240823
240826
240850
240851
240866
240946
240981
240983
240989
241003
241026
241037
241051
241062
241066
241067
241068
241070
241113
241116
241122
241123
241135
241151
241161
241171
241199
241210
241211
241213
241257
241278
241299
241328
241340
241378
241379
241392
241398
241402
241445
241455
241473
241481
241489
241547
241581
241589
241592
241594
241598
241603
241617
241619
241711
241760
241835
241861
241882
241893
241919
241927
241928
241938
241948
241958
242033
242047
242085
242120
242121
242208
242209
242249
242310
242320
242339
242349
242367
242391
242399
242404
242420
242457
242464
242466
242486
242520
242524
242533
242586
242596
242635
242644
242685
242702
242714
242729
242732
242776
242784
242830
242837
242850
242858
242898
242911
242917
242925
242932
242976
242978
243078
243129
243177
243179
243195
243218
243241
243261
243278
243289
243295
243310
243337
243356
243360
243364
243390
243397
243409
243418
243428
243450
243478
243490
243524
243526
243570
243577
243614
243649
243695
243756
243763
243774
243776
243829
243897
243904
243908
243923
243937
243957
243964
243982
243984
243987
243989
244013
244019
244034
244045
244058
244059
244088
244147
244165
244173
244197
244206
244230
244233
244244
244260
244306
244313
244331
244363
244374
244411
244429
244444
244445
244493
244498
244501
244504
244512
244517
244520
244573
244588
244651
244653
244657
244682
244684
244689
244760
244779
244806
244813
244822
244851
244991
245008
245035
245054
245069
245089
245141
245153
245158
245189
245199
245223
245242
245246
245249
245308
245323
245429
245436
245447
245459
245462
245480
245532
245571
245653
245658
245665
245687
245688
245712
245715
245726
245753
245785
245800
245803
245850
245858
245881
245921
245966
246007
246011
246033
246040
246046
246047
246093
246102
246122
246154
246155
246192
246221
246241
246254
246286
246318
246342
246369
246372
246394
246413
246426
246427
246431
246437
246487
246504
246527
246533
246562
246579
246594
246610
246631
246658
246683
246690
246698
246712
246722
246798
246799
246817
246829
246849
246875
246912
246952
246980
246981
246995
247000
247011
247023
247049
247085
247147
247173
247191
247205
247264
247295
247314
247328
247334
247343
247357
247376
247386
247422
247425
247460
247466
247471
247483
247485
247506
247586
247599
247614
247627
247660
247664
247717
247726
247759
247761
247771
247815
247837
247896
247898
247922
247939
247986
247988
247995
248006
248026
248038
248051
248067
248103
248109
248122
248129
248186
248234
248242
248254
248265
248272
248284
248317
248392
248406
248440
248455
248481
248493
248507
248556
248582
248588
248664
248723
248767
248768
248781
248795
248819
248846
248867
248895
248906
248916
248921
248934
248954
248975
248982
248985
248994
249013
249039
249044
249063
249083
249104
249119
249150
249154
249163
249167
249173
249201
249218
249245
249248
249277
249302
249308
249334
249341
249347
249382
249383
249403
249423
249505
249510
249545
249603
249637
249639
249645
249649
249665
249683
249696
249698
249707
249711
249714
249728
249732
249738
249774
249798
249946
249978
249987
250061
250068
250112
250135
250161
250204
250215
250265
250290
250325
250346
250453
250478
250512
250535
250540
250580
250605
250610
250646
250665
250671
250693
250720
250744
250790
250824
250847
250878
250886
250914
250958
250960
250981
251028
251045
251086
251092
251109
251140
251153
251177
251222
251223
251228
251276
251277
251286
251313
251316
251343
251347
251357
251369
251370
251371
251389
251456
251465
251472
251475
251571
251573
251615
251638
251646
251663
251669
251676
251685
251690
251698
251715
251717
251741
251744
251764
251821
251828
251855
251858
251870
251891
251944
251965
252007
252009
252023
252074
252079
252081
252124
252130
252144
252159
252180
252186
252206
252241
252254
252262
252286
252332
252367
252374
252390
252397
252451
252501
252507
252521
252522
252533
252548
252560
252573
252580
252651
252653
252667
252692
252730
252748
252757
252768
252806
252815
252861
252863
252879
252928
252938
252945
252986
253015
253042
253044
253125
253150
253166
253184
253223
253225
253249
253251
253254
253268
253300
253307
253313
253323
253426
253461
253487
253494
253525
253534
253561
253572
253594
253611
253614
253663
253672
253687
253699
253741
253764
253774
253796
253814
253818
253865
253886
253917
253944
254010
254029
254033
254044
254062
254068
254070
254072
254099
254207
254241
254253
254267
254312
254319
254357
254412
254420
254430
254434
254458
254501
254518
254537
254552
254565
254643
254650
254659
254692
254706
254729
254769
254775
254787
254806
254815
254818
254830
254831
254855
254856
254865
254866
254888
254903
254915
254937
254955
254960
254975
255023
255080
255084
255114
255145
255146
255151
255166
255168
255176
255194
255212
255243
255256
255265
255341
255342
255350
255352
255363
255403
255444
255455
255466
255469
255474
255542
255547
255653
255655
255740
255764
255768
255780
255799
255820
255845
255878
255889
255955
255997
255999
256049
256062
256092
256117
256140
256152
256155
256206
256284
256308
256324
256348
256361
256362
256363
256365
256395
256404
256460
256461
256512
256515
256520
256522
256526
256592
256630
256652
256657
256698
256727
256777
256808
256828
256930
256938
256949
257053
257072
257101
257129
257141
257216
257269
257309
257316
257333
257337
257347
257359
257374
257377
257386
257413
257435
257447
257448
257472
257479
257483
257494
257538
257539
257554
257568
257589
257592
257597
257629
257647
257668
257692
257746
257838
257850
257854
257917
257960
257997
258009
258025
258029
258058
258069
258073
258112
258113
258131
258135
258154
258161
258166
258167
258173
258177
258181
258224
258261
258262
258318
258319
258339
258391
258397
258437
258497
258501
258513
258531
258539
258598
258604
258605
258612
258615
258628
258651
258665
258691
258695
258713
258737
258752
258793
258871
258872
258891
258924
258936
258948
258954
259036
259047
259077
259162
259223
259244
259274
259296
259333
259349
259354
259395
259451
259462
259507
259592
259614
259657
259715
259797
259848
259858
259868
259880
259905
259907
259924
259943
260018
260035
260061
260070
260159
260178
260234
260245
260246
260257
260273
260292
260294
260299
260310
260322
260331
260359
260372
260417
260435
260449
260452
260523
260527
260554
260555
260556
260574
260589
260616
260639
260645
260679
260701
260714
260718
260734
260744
260748
260827
260833
260846
260878
260882
260917
260990
261079
261108
261111
261118
261141
261149
261160
261172
261192
261195
261208
261210
261212
261259
261268
261300
261405
261416
261460
261472
261475
261478
261495
261499
261509
261518
261549
261556
261559
261581
261624
261660
261675
261681
261740
261753
261803
261810
261840
261928
261952
261957
261974
261997
262003
262010
262011
262026
262029
262040
262098
262118
262124
262178
262185
262188
262265
262271
262355
262362
262377
262385
262408
262415
262423
262438
262441
262489
262495
262496
262506
262609
262658
262697
262762
262772
262807
262808
262820
262857
262860
262961
263000
263060
263079
263080
263110
263111
263151
263153
263162
263178
263202
263225
263227
263234
263259
263267
263292
263300
263317
263344
263407
263409
263443
263452
263464
263492
263502
263517
263531
263548
263647
263686
263699
263727
263728
263786
263793
263795
263838
263840
263899
263906
263926
263929
263935
263940
263978
263986
263990
263992
263995
264043
264102
264137
264146
264174
264182
264185
264219
264220
264238
264239
264243
264279
264335
264379
264425
264483
264526
264647
264683
264714
264742
264752
264762
264800
264823
264840
264850
264858
264941
264942
264944
264956
265010
265038
265041
265063
265072
265093
265112
265128
265177
265194
265202
265264
265306
265341
265353
265358
265419
265451
265480
265511
265606
265610
265689
265745
265765
265794
265803
265825
265830
265870
265883
265902
265912
265917
265968
265978
265983
266022
266061
266089
266162
266199
266220
266234
266286
266291
266302
266348
266351
266361
266369
266377
266392
266397
266404
266410
266413
266433
266438
266476
266494
266499
266564
266581
266587
266605
266613
266622
266674
266676
266687
266720
266728
266729
266749
266770
266772
266785
266840
266870
266872
266896
266903
266912
266930
266939
267052
267076
267082
267110
267111
267144
267176
267232
267240
267246
267269
267300
267310
267315
267318
267344
267346
267352
267374
267383
267389
267394
267398
267441
267477
267501
267502
267530
267536
267548
267574
267577
267597
267604
267634
267665
267710
267721
267728
267747
267752
267767
267772
267796
267826
267841
267844
267852
267901
267936
268016
268032
268040
268081
268096
268117
268182
268198
268202
268211
268275
268279
268295
268299
268300
268312
268315
268324
268404
268424
268435
268441
268443
268455
268467
268470
268507
268518
268536
268541
268565
268569
268580
268598
268641
268659
268685
268689
268710
268713
268746
268829
268840
268847
268853
268877
268880
268891
268904
268948
269001
269002
269006
269034
269052
269053
269078
269111
269130
269147
269154
269158
269187
269191
269247
269270
269284
269359
269375
269377
269392
269393
269417
269420
269433
269481
269484
269545
269559
269572
269622
269624
269659
269661
269714
269733
269750
269770
269840
269843
269862
269886
269917
269935
269986
270008
270010
270081
270129
270134
270141
270144
270147
270171
270228
270265
270274
270299
270303
270317
270320
270331
270333
270363
270394
270414
270422
270488
270496
270513
270522
270539
270544
270550
270560
270564
270565
270678
270679
270688
270714
270755
270768
270779
270804
270863
270882
270893
270907
270949
270956
270971
270987
270990
271015
271023
271064
271078
271109
271112
271149
271159
271191
271247
271249
271270
271281
271299
271304
271306
271338
271355
271373
271382
271384
271452
271461
271466
271492
271494
271575
271612
271663
271664
271668
271675
271748
271777
271798
271808
271812
271815
271857
271877
271881
271897
271907
271914
271939
271973
272006
272011
272030
272034
272042
272055
272059
272068
272090
272094
272115
272138
272144
272186
272189
272245
272310
272338
272344
272351
272367
272390
272403
272452
272468
272473
272475
272511
272513
272538
272541
272552
272555
272584
272611
272616
272683
272726
272743
272782
272797
272812
272814
272820
272822
272833
272846
272930
272962
272966
272998
273007
273020
273036
273048
273087
273115
273135
273151
273178
273185
273231
273235
273246
273253
273257
273259
273305
273316
273324
273327
273351
273362
273376
273383
273392
273410
273411
273446
273490
273585
273605
273664
273692
273696
273717
273718
273722
273747
273840
273852
273858
273893
273896
273897
273906
273922
273966
273999
274023
274073
274088
274117
274168
274196
274240
274249
274279
274311
274322
274392
274394
274418
274457
274493
274496
274510
274516
274523
274534
274536
274562
274577
274588
274608
274626
274652
274672
274708
274712
274719
274728
274729
274749
274865
274929
274948
274960
274997
275003
275031
275042
275044
275045
275174
275182
275240
275245
275250
275252
275263
275266
275308
275316
275325
275333
275334
275337
275340
275352
275379
275381
275412
275414
275433
275470
275608
275613
275643
275687
275695
275755
275778
275780
275789
275794
275805
275863
275866
275872
275880
275899
275926
275943
275948
275957
275989
276006
276036
276046
276183
276197
276205
276207
276222
276229
276245
276286
276292
276337
276347
276376
276440
276455
276459
276522
276577
276591
276611
276636
276687
276729
276836
276878
276912
276935
276951
276984
277021
277036
277078
277168
277229
277237
277254
277272
277280
277304
277343
277360
277374
277387
277389
277432
277454
277554
277556
277621
277655
277700
277750
277791
277792
277812
277826
277831
277846
277857
277863
277876
277901
277906
277938
277949
278035
278086
278111
278120
278138
278164
278180
278238
278253
278311
278369
278376
278392
278409
278416
278421
278424
278425
278444
278451
278472
278506
278513
278518
278585
278621
278639
