119
130
391
465
657
774
782
790
811
983
989
1007
1012
1156
1201
1275
1472
1648
1748
2316
2393
2432
2806
2868
2992
3050
3327
3407
3481
3646
3676
3820
3975
4065
4095
4175
4215
4221
4256
4501
4609
4731
4891
5153
5908
5936
6019
6235
6479
6607
6689
6722
6851
6980
6989
7141
7277
7372
7395
7502
7640
7923
8018
8020
8114
8171
8284
8598
8754
8817
8941
9092
9364
9801
9900
10066
10406
10418
10508
10672
11272
11359
11525
11777
11906
12297
12303
12346
12415
12484
12680
12734
12748
12817
13022
13034
13293
13387
13463
13479
13482
13896
13921
13984
14043
14079
14209
14257
14380
14438
14550
14569
14632
14773
14804
14965
15186
15260
15460
15624
15642
16042
16610
16612
16615
16800
16874
16884
16906
16926
17468
17607
17735
18382
18515
18570
18664
18723
18755
19113
19125
19143
19297
19368
19376
19599
19862
20081
20145
20398
20468
20546
20781
20811
20824
20869
20972
21449
21598
21941
22001
22636
22747
22773
22984
22992
23020
23269
23366
23598
23710
23820
23923
23952
23956
24033
24098
24593
24644
24699
24788
24958
25013
25138
25320
25366
25401
26193
26312
26313
26336
26494
26506
27060
27267
27731
27745
27787
27815
27832
27920
28113
28149
28320
28326
28374
28392
28451
28467
28502
28559
28561
28652
28828
28999
29202
29643
29765
29798
29815
29883
30189
30381
30629
30690
31170
31362
31416
31495
31538
31628
31761
31923
31939
32092
32131
32157
32299
32365
32377
32386
33274
33378
33492
33524
33544
33643
33739
33954
33989
34290
34625
34762
34784
34846
35024
35124
35156
35970
36143
36255
36289
36387
36488
36519
36776
36919
37152
37182
37614
37906
37913
38136
38142
38271
38276
38517
38530
38579
38863
38927
39010
39243
39490
39552
39604
39695
39878
39982
40219
40280
40287
40304
40337
40637
40705
40798
40864
40879
40886
40951
40987
40993
41003
41164
41234
41373
41501
41634
42196
42400
42538
42550
42629
42710
42897
42930
42989
43044
43213
43364
43370
43396
43530
43596
43656
43708
43711
43728
43767
43811
44193
44300
44529
44704
44937
44950
45220
45265
45416
45445
45804
45815
46586
46615
47004
47198
47225
47355
47551
47618
47769
47957
48135
48154
48377
48413
48541
48594
48690
48939
48968
49013
49037
49083
49140
49289
49590
49661
49694
49701
50185
50452
50532
50729
50821
50834
50991
51161
51249
51263
51340
51407
51438
51555
51578
51701
51772
52422
52444
52463
52616
52639
52686
52737
53259
53272
53304
53323
53823
54082
54204
54296
54308
54357
54475
54869
55032
55238
55252
55290
55436
55467
55647
55806
55976
55992
56051
56387
56415
56491
56538
57180
57267
57675
57693
57751
57757
57798
58386
58955
59054
59297
59333
59540
59555
59689
59755
60020
60029
60060
60070
60082
60202
60274
60763
60788
61205
61222
61274
61287
61289
61327
61498
61697
62022
62445
62504
62675
62772
62832
63026
63077
63187
63329
63392
63620
63819
63962
64000
64025
64389
64414
64454
64488
64647
64813
65014
65172
65286
65404
65675
65717
65854
65956
65961
66078
66085
66111
66460
66568
66655
66711
66915
66993
67069
67171
67188
67280
67332
67336
67437
67491
67581
67620
67633
67993
68043
68113
68300
68349
68534
68820
68984
68985
68997
69085
69192
69273
69299
69418
69426
69470
69617
69666
69746
69757
69984
70042
70131
70535
70764
70784
70917
71015
71050
71419
71434
71546
71595
71747
71749
71862
72160
72330
72379
73036
73117
73252
73618
73755
73831
73881
73893
73974
74135
74347
74368
74393
74571
74690
74750
74892
75023
75311
75722
75853
76122
76136
76149
76166
76272
76306
76404
76417
76480
76486
76704
76826
76889
76941
77221
77353
77387
77617
77742
77866
78108
78157
78390
78534
78896
78918
78977
79005
79084
79124
79135
79184
79304
79578
79631
79986
80230
80607
80772
80843
81000
81063
81112
81114
81495
81620
81861
81871
81882
82130
82301
82397
82705
82934
82936
82948
83071
83246
83316
83711
83766
83809
83811
84078
84145
84272
84279
84451
84491
84633
84657
85010
85013
85020
85361
85379
85624
85945
86115
86130
86250
86517
86541
86578
86721
86885
86890
87065
87151
87188
87449
87536
87706
87856
88036
88217
88462
88506
88655
88700
88749
88884
89004
89079
89193
89331
89575
89703
89719
89906
89986
90110
90465
90836
90994
91121
91275
91499
91557
91681
92111
92327
92595
92803
92988
93157
93175
93325
93336
93377
93380
93438
93458
93515
93641
94273
94481
94573
94862
95025
95300
95444
95529
95610
95724
95937
96012
96021
96106
96248
96530
96578
96745
96817
97197
97467
97518
97531
97598
97611
97642
97705
97765
97834
97920
98107
98116
98375
98447
98460
98476
98545
98551
98939
98961
99255
99331
99368
99516
99546
99846
99877
99966
99975
100189
100248
100658
100772
100972
101346
101883
101905
102001
102084
102147
102631
102680
103050
103212
103362
103867
103884
104101
104115
104183
104322
104499
104503
104538
104756
104834
104973
104994
105034
105375
105675
105783
105902
106496
106590
106896
107129
107217
107274
107299
107519
107612
107692
107990
108167
108723
108854
109016
109439
109707
109754
109900
110172
110584
110658
110811
111173
111232
111390
111493
111602
111621
111654
111859
111908
111987
112015
112031
112037
112142
112154
112479
112496
112609
112756
113042
113093
113497
113498
113999
114241
114536
114645
114802
114819
114941
115121
115170
115268
115364
115617
116025
116184
116468
116625
116925
117085
117087
117272
117332
117346
117443
117579
117869
118154
118345
118351
118478
118604
118634
118682
118823
119033
119569
119592
119601
119658
120176
120248
120264
120367
120490
120544
120849
120951
120961
121002
121613
121810
121899
121904
121986
122051
122124
122153
122290
122454
122741
122810
122831
122933
123063
123308
123342
123679
123706
123744
123822
124603
124733
124824
124980
125430
125439
125928
126332
126458
126723
126778
127124
127186
127570
127580
127638
127856
127906
127965
128288
128310
128429
128486
128487
128610
128621
128740
128808
129150
129177
129292
129673
130054
130161
130405
130418
130534
130716
130915
130997
131292
131375
131594
131853
132070
132071
132151
132205
132397
133003
133013
133123
133202
133277
133372
133555
133585
133792
133864
134081
134122
134184
134200
134283
134621
134636
134666
134877
134905
134984
135068
135234
135625
135943
136009
136070
136148
136166
136205
136240
136411
136491
136650
136790
136881
137071
137145
137170
137257
137553
137658
137789
137928
138325
138329
138451
138455
138529
138556
138634
139241
139476
139520
139615
139919
140165
140568
140595
140646
141357
141416
141579
141751
141955
141986
142251
142259
142277
142677
142717
142845
142904
142977
143064
143227
143788
143822
144042
144077
144115
144128
144141
144155
144377
144448
144503
144592
144642
144674
144692
145143
145160
145170
145249
145517
145582
145712
146066
146276
146374
146707
146937
147352
147692
147695
147742
148349
148493
148596
148666
148689
148806
149217
149501
149929
150233
150275
150332
150413
150526
150880
150893
151035
151176
151192
151528
151553
151564
151610
151694
151696
151860
152268
152368
152421
152493
152609
152659
152828
153054
153105
153154
153217
153719
153846
153894
153901
153990
154001
154231
154340
154464
154796
154889
155048
155053
155094
155095
155156
155778
156019
156167
156269
156436
156729
156763
156949
156999
157152
157237
157256
157300
157375
157466
157537
157621
157635
157675
157831
157852
157897
157929
158052
158126
158286
158292
158783
158815
158991
159342
159360
159450
159556
159625
159726
159899
160309
160418
160625
160713
161217
161239
161351
161405
161483
161536
161598
161652
161770
162035
162136
162278
162384
162663
162724
163022
163074
163113
163231
163766
163845
164040
164094
164136
164171
164182
164259
164433
164509
164597
164811
164910
165245
165290
165509
165948
166182
166206
166384
166395
166397
166497
166546
166581
166600
166871
166905
166915
167255
167547
167588
167850
168131
168574
169003
169189
169250
169316
169336
169345
169427
169450
169476
169584
169815
169846
169922
170038
170060
170061
170093
170133
170202
170215
170259
170474
170568
170803
171105
171154
171279
171405
171487
171914
172012
172521
172622
172623
173117
173214
173475
173644
173700
173967
174134
174175
174265
174310
174479
174539
174622
174650
174675
175018
175139
175174
175215
175374
175645
175648
175742
175997
176030
176267
176424
176719
176882
176988
177038
177104
177449
177650
177890
177893
178006
178011
178205
178287
178467
178471
178675
178680
178778
179051
179179
179209
179535
179590
179839
180143
180172
180184
180550
180674
180700
181223
181238
181337
181341
181508
181567
181577
181615
181944
181985
182084
182163
182333
182576
182595
182739
182950
182995
183029
183503
183520
183827
184079
184230
184940
185313
185885
185934
186165
186187
186213
186220
186353
186386
186430
186530
186536
187181
187195
187207
187310
187463
187510
187565
187908
187963
188027
188042
188075
188080
188126
188234
188261
188785
188880
188997
189026
189168
189242
189282
189427
189440
189471
189980
189999
190015
190258
190312
190352
190483
190500
190504
190543
190891
190898
191715
191939
191955
192120
192221
192241
192256
192283
192561
192728
192733
192871
192988
193063
193355
193382
193412
193535
193741
193818
193887
194102
194250
194529
194936
195187
195217
195363
195966
196001
196074
196146
196242
196272
196554
196572
196621
196760
196768
196858
197030
197130
197143
197161
197301
197393
197408
197411
197481
197517
197708
197718
198186
198222
198399
198503
198510
198687
199095
199214
199282
199679
199837
199854
200089
200115
200820
200950
201027
201038
201111
201176
201635
201649
201716
201741
201789
201807
201854
201922
201985
202191
202415
202558
202678
202706
202783
203027
203241
203355
203414
203446
203540
203757
203881
204018
204260
204275
204328
204419
204473
204643
204688
204724
204800
204833
204889
204954
205734
205921
206020
206129
206193
206584
207040
207077
207085
207140
207186
207227
207446
207474
207722
207829
207880
208002
208188
208221
208540
208604
209009
209378
209526
209801
209811
209976
209984
210041
210127
210135
210173
210863
211104
211240
211388
211392
211397
211410
211441
211584
212087
212092
212221
212307
212308
212309
212477
212582
212888
212900
212987
213062
213136
213142
213296
213424
213471
213589
213656
213864
213959
214451
214505
214704
214746
215075
215076
215170
215254
215663
215753
215912
216417
216477
216489
216922
216966
217049
217080
217120
217243
217259
217270
217358
217362
217557
217607
217609
217785
217962
218001
218005
218074
218227
218324
218394
218482
218856
218884
218960
218985
219021
219036
219309
219572
219830
219919
220080
220088
220118
220423
220428
220652
220877
220992
221011
221162
221174
221288
221368
221748
221782
222081
222184
222319
222328
222384
222504
222676
222712
223072
223296
223312
223345
223379
223421
223431
223673
223782
224051
224125
224262
224286
224305
224333
224357
224557
225096
225178
225191
225352
225439
225566
225796
225982
226275
226328
226918
227064
227097
227380
227524
227552
227666
227869
227907
227921
227972
228067
228113
228408
228561
228950
229046
229073
229178
229183
229221
229264
229283
229672
229721
229770
230379
230383
230459
230600
230914
231202
231268
231325
231482
231531
232313
232500
232576
232697
232867
232934
233623
233837
234092
234542
234687
235064
235366
235455
235478
235725
235805
235986
236288
236564
236661
236749
236870
237017
237158
237245
237413
237468
237599
237952
237959
237962
238075
238353
238417
238431
238504
238513
238579
238970
239000
239159
239195
239211
239528
239671
239818
240001
240225
240422
240443
240458
240729
240919
241008
241051
241077
241095
241206
241257
241280
241299
241357
241367
241579
241617
241927
241980
242125
242410
242429
242835
243179
243195
243300
243397
243469
243524
243570
243736
243888
243900
243984
244080
244101
244456
244517
244666
244684
244760
244862
245081
245118
245153
245459
245465
245480
245609
245687
245760
245881
246241
246270
246499
246610
246722
246946
246994
247227
247254
247328
247347
247771
247883
247988
248278
248582
248666
248867
249036
249063
249208
249245
249529
249555
249603
249618
249665
249946
250026
250136
250218
250334
250397
250413
250740
250886
250923
251001
251053
251086
251279
251370
251571
251676
251715
251760
251855
251925
251939
252332
252395
252752
252928
252932
253013
253336
253757
253762
254010
254094
254330
254400
254708
254865
254884
254896
254948
254975
255164
255398
255400
255466
255474
255557
255637
255868
255904
256313
256477
256543
256611
256643
256727
256775
256808
257101
257359
257379
257509
257589
257650
257668
257696
257732
257746
257770
257850
257881
257997
258291
258456
258615
258628
258691
258813
258939
258948
259008
259084
259183
259191
259373
259451
259579
259691
259811
259897
260178
260306
260462
260540
260546
260555
260610
260792
260814
260845
261070
261123
261214
261478
261681
261836
261995
262026
262040
262820
262883
262899
262920
263000
263080
263189
263353
263426
263452
263476
263583
263647
263776
263928
264018
264085
264094
264137
264182
264220
264277
264354
264414
264520
264604
264616
264648
264938
264944
265030
265194
265386
265477
265545
265557
265706
265723
265830
265917
266157
266500
266674
266728
266729
266785
267076
267113
267176
267713
267826
268041
268117
268467
268474
268476
268641
268689
269006
269215
269377
269418
269476
269481
269709
270129
270299
270695
270954
271078
271330
271466
271467
271586
271688
271797
271872
271933
272042
272054
272166
272232
272305
272351
272353
272423
272439
272575
272916
272940
273288
273324
273604
273692
273711
273877
274261
274322
274499
274577
274608
274688
274705
274712
274728
274913
274944
275208
275252
275272
275333
275461
275559
275695
275775
275880
275926
276022
276094
276257
276416
276502
276511
276554
276616
276781
276930
277021
277237
277314
277378
277422
277432
277450
277700
278154
278253
278269
278326
278472
278564
278602
