4
119
130
283
298
358
506
577
700
811
835
847
862
867
919
943
964
1007
1012
1090
1201
1328
1393
1423
1429
1595
1820
1828
1865
1922
2060
2095
2122
2207
2233
2259
2267
2316
2429
2432
2459
2537
2680
2717
2739
2740
2806
2980
2987
3150
3161
3299
3312
3367
3463
3518
3526
3596
3676
3689
3789
3848
3858
4050
4064
4065
4175
4210
4215
4217
4221
4250
4550
4653
4660
4665
4731
4813
4822
4911
4956
4981
5042
5131
5133
5297
5355
5394
5525
5526
5936
5950
5963
6003
6019
6059
6168
6262
6323
6363
6379
6413
6453
6479
6664
6722
6806
6821
6832
6883
6933
6965
6980
6989
7000
7141
7144
7167
7180
7260
7271
7336
7338
7361
7367
7372
7395
7442
7520
7613
7614
7634
7640
7861
7901
7960
8020
8114
8171
8241
8419
8528
8551
8558
8598
8687
8747
8774
8864
8941
9016
9133
9579
9590
9690
9912
9919
10066
10229
10244
10288
10324
10351
10383
10406
10411
10438
10457
10524
10557
10617
10656
10672
10682
11033
11053
11066
11077
11153
11220
11272
11339
11359
11394
11525
11572
11777
11922
12091
12106
12113
12246
12297
12303
12415
12421
12492
12580
12638
12680
12711
12734
12753
12757
12783
12796
12806
12855
12963
13034
13040
13069
13183
13202
13207
13463
13470
13614
13666
13694
13711
13722
13838
13865
13890
13939
13970
13988
14019
14043
14053
14079
14112
14179
14209
14240
14367
14370
14380
14381
14409
14463
14550
14569
14577
14635
14643
14649
14651
14749
14804
14961
15043
15054
15061
15170
15186
15192
15260
15296
15429
15460
15643
15679
15803
15873
15914
16074
16435
16463
16600
16610
16611
16612
16615
16616
16707
16831
16854
17012
17024
17187
17196
17369
17471
17477
17627
17785
17899
17911
17936
18072
18185
18265
18446
18516
18570
18638
18816
18869
18906
19017
19217
19242
19297
19368
19424
19454
19487
19490
19599
19609
19701
19821
19998
20084
20131
20196
20212
20244
20270
20330
20336
20386
20398
20468
20610
20613
20685
20824
20837
20871
20974
21449
21468
21859
21934
21941
21975
22001
22136
22142
22173
22191
22252
22255
22410
22494
22524
22675
22793
22802
22808
22978
22984
22990
22992
23063
23173
23458
23465
23598
23713
23856
24064
24203
24226
24477
24571
24644
24659
24699
24788
25013
25215
25236
25255
25337
25349
25398
25461
25548
25642
25683
25803
25890
26016
26134
26151
26276
26288
26312
26459
26465
26494
26516
26574
26586
26672
26703
26803
26934
26976
27022
27199
27222
27267
27354
27561
27645
27717
27731
27811
27826
27879
27925
27964
28113
28192
28318
28393
28410
28447
28451
28458
28467
28501
28502
28523
28559
28622
28685
28780
28802
28823
28915
28993
29043
29121
29144
29154
29161
29170
29383
29547
29559
29786
29798
29815
29864
29916
29970
30076
30079
30102
30123
30142
30189
30280
30376
30381
30449
30629
30728
30811
30831
31067
31075
31282
31352
31504
31506
31515
31538
31540
31555
31628
31708
31791
31805
31851
31873
32005
32011
32131
32134
32237
32299
32386
32530
32939
33018
33023
33274
33337
33492
33524
33616
33643
33820
33880
33910
33925
33954
34040
34068
34109
34130
34167
34290
34301
34318
34331
34339
34413
34416
34644
34741
34784
34983
35000
35034
35111
35124
35156
35272
35359
35551
35780
35839
35874
36100
36257
36263
36289
36328
36329
36390
36488
36519
36567
36648
36665
36746
36750
36776
36844
36919
37036
37055
37060
37072
37226
37288
37359
37522
37538
37561
37626
37721
37735
37906
37979
38170
38188
38223
38248
38377
38388
38452
38453
38475
38530
38669
38849
38863
38878
39010
39036
39112
39203
39402
39471
39478
39506
39552
39556
39700
39863
39950
40157
40177
40304
40332
40337
40561
40705
40869
41044
41080
41099
41164
41185
41211
41231
41373
41588
41700
41726
41972
42168
42196
42400
42419
42441
42528
42671
42722
42854
42879
42897
42901
42930
42931
43052
43074
43249
43278
43284
43353
43546
43596
43647
43656
43726
43728
43767
43786
43859
44193
44300
44374
44625
44644
44654
44705
44710
44719
44812
44937
44947
44950
45032
45220
45271
45315
45338
45405
45444
45467
45549
45586
45589
45684
45781
45804
45921
46119
46183
46337
46368
46376
46377
46398
46479
46540
46559
46586
46672
46833
46874
46937
47039
47090
47118
47177
47244
47310
47321
47324
47483
47620
47659
47667
47729
47765
48086
48126
48154
48250
48262
48307
48318
48369
48567
48687
48690
48888
48892
48931
48968
49083
49087
49090
49092
49171
49181
49225
49435
49478
49590
49624
49727
49826
49881
49919
49954
50042
50079
50115
50131
50168
50270
50306
50376
50432
50441
50505
50721
50729
50735
50888
50899
51030
51161
51248
51249
51303
51438
51555
51619
51701
51795
51799
51808
51859
51898
51917
52135
52197
52295
52373
52415
52438
52570
52577
52578
52636
52928
52931
53015
53130
53144
53304
53323
53615
53782
53914
53975
54027
54082
54204
54228
54257
54280
54308
54440
54519
54539
54593
54637
54772
54861
54880
54903
54965
55010
55089
55192
55290
55424
55497
55510
55548
55654
55657
55771
55793
55888
55928
55971
56059
56083
56200
56239
56240
56375
56382
56478
56537
56538
56916
56946
56956
56966
56981
57089
57180
57258
57331
57463
57563
57693
57739
57751
57752
57757
57798
57835
57870
57898
57913
57917
57946
57957
58092
58144
58386
58563
58622
58683
58909
59146
59540
59545
59644
59675
59690
59815
59864
59865
59869
60020
60050
60060
60082
60113
60134
60199
60540
60678
60763
60779
60813
60908
60984
61023
61052
61228
61258
61287
61408
61440
61442
61593
61648
61654
61777
61860
61925
62111
62366
62544
62552
62554
62608
62650
62715
62744
62892
62937
62946
62972
63025
63034
63068
63156
63222
63231
63288
63392
63488
63531
63681
63737
63819
63931
63950
63962
63995
64001
64070
64250
64255
64375
64443
64452
64454
64488
64511
64574
64601
64639
64659
64700
64740
64813
64867
64935
64952
65041
65188
65468
65508
65797
65798
65818
65846
65956
65961
65989
65990
66085
66118
66158
66239
66392
66428
66439
66460
66542
66568
66581
66621
66703
66711
66969
67137
67183
67202
67233
67280
67377
67465
67540
67694
67773
67793
67810
67941
67962
68011
68113
68130
68196
68221
68300
68349
68695
68700
68778
68820
68874
68984
69028
69115
69266
69320
69325
69359
69393
69411
69426
69450
69657
69666
69677
69689
69763
69795
69984
70007
70016
70114
70131
70137
70497
70515
70745
71037
71039
71050
71147
71228
71414
71606
71739
71824
71830
71835
72073
72243
72294
72334
72409
72896
72956
73153
73182
73271
73488
73757
73772
73857
73974
74103
74121
74245
74347
74368
74375
74390
74411
74459
74532
74571
74653
74677
74814
74981
75001
75098
75188
75200
75267
75603
75638
75797
75892
75904
76276
76292
76412
76480
76605
76710
76873
76919
77030
77072
77188
77221
77231
77284
77307
77344
77353
77387
77439
77614
77783
77953
77998
78039
78096
78108
78145
78149
78264
78273
78307
78390
78442
78581
78653
78662
78715
78976
79005
79041
79069
79090
79121
79128
79180
79266
79390
79461
79515
79539
79598
79728
79910
79939
79995
80070
80230
80276
80451
80607
80716
80768
80855
80862
80895
80955
81006
81045
81125
81194
81250
81358
81458
81639
81650
81788
81896
81899
82077
82204
82258
82301
82318
82388
82408
82467
82545
82723
82918
82934
82936
82948
82992
83175
83246
83316
83407
83517
83522
83586
83809
83811
83869
84145
84237
84254
84287
84491
84510
84863
84882
84897
84941
84962
84988
85117
85124
85266
85286
85289
85614
85644
85645
85667
85945
85958
86130
86151
86185
86240
86461
86560
86578
86587
86690
86702
86708
86758
86801
86845
86922
86949
87027
87061
87065
87124
87128
87523
87616
87622
87626
87716
87766
87816
87935
88037
88056
88160
88217
88224
88274
88298
88321
88335
88515
88573
88597
88676
88847
88920
88969
89035
89269
89331
89584
89986
90131
90173
90310
90315
91010
91090
91149
91163
91275
91290
91431
91552
91681
91805
91874
91875
91920
92111
92287
92296
92366
92397
92473
92521
92595
92608
92730
92803
92804
92882
92894
92924
92989
93162
93201
93228
93325
93333
93377
93480
93515
93540
93547
93781
93799
93958
94039
94065
94073
94089
94094
94132
94140
94155
94192
94481
94507
94573
94646
94648
94668
94703
94891
95006
95025
95056
95102
95351
95500
95508
95529
95566
95741
95797
96036
96228
96235
96280
96352
96586
96618
96725
96745
96817
96830
96989
97028
97062
97233
97358
97404
97467
97645
97705
97716
97766
97923
98107
98116
98152
98174
98176
98246
98291
98337
98447
98551
98646
98889
98939
98973
99241
99255
99264
99266
99586
99646
99836
99932
99975
100089
100119
100125
100138
100181
100189
100199
100248
100312
100439
100548
100620
100662
100668
100701
100735
100861
100914
100926
101009
101098
101145
101161
101292
101571
101658
101883
101886
101992
102084
102225
102312
102450
102461
102463
102628
102631
102910
102949
102983
103087
103122
103168
103248
103280
103435
103525
103571
103595
103628
103650
103869
103910
104041
104055
104064
104171
104185
104267
104532
104552
104756
104783
104786
104801
105007
105117
105244
105335
105375
105623
105637
105691
105783
105868
105884
105886
105936
105974
106220
106230
106245
106382
106496
106590
106633
106830
106896
106936
106958
106965
107217
107299
107434
107485
107519
107558
107612
107694
107827
108167
108194
108222
108268
108360
108402
108412
108444
108753
108809
108977
109004
109019
109135
109193
109227
109231
109399
109427
109441
109482
109589
109662
109786
109802
110015
110101
110201
110229
110263
110271
110513
111060
111114
111127
111190
111211
111232
111244
111263
111334
111363
111515
111519
111536
111610
111690
111747
111764
111859
111896
111987
111995
112229
112414
112609
112734
112744
112793
112805
112886
113160
113328
113378
113414
113507
113520
113598
113629
113639
113718
113753
113899
113924
114097
114198
114202
114378
114475
114494
114536
114570
114583
114992
115121
115170
115285
115314
115388
115692
115724
115739
115896
115956
116025
116109
116202
116329
116341
116358
116413
116468
116489
116500
116526
116625
116899
116951
117007
117085
117184
117218
117227
117238
117263
117272
117304
117346
117398
117407
117420
117612
117683
117693
117712
117719
117901
117905
117969
118024
118057
118132
118154
118253
118282
118510
118586
118634
118661
118682
118798
118830
118857
118875
118932
119033
119068
119262
119372
119425
119613
119760
119792
119856
120230
120261
120315
120352
120375
120530
120532
120849
120957
120959
120961
120982
120999
121002
121186
121296
121302
121360
121364
121547
121852
121905
122051
122135
122290
122317
122361
122454
122590
122741
122762
122875
122933
122973
123024
123033
123088
123294
123548
123679
123686
123744
123753
123792
124020
124180
124204
124205
124504
124515
124533
124752
124824
124856
124903
124948
124996
125087
125187
125265
125331
125447
125493
125719
125741
125767
126165
126198
126249
126271
126325
126335
126339
126380
126458
126546
126726
126742
126867
126899
126906
126917
127031
127038
127120
127250
127255
127346
127456
127475
127570
127638
127800
127881
127908
128100
128124
128226
128355
128460
128487
128494
128597
128602
128611
128690
128894
128943
129077
129111
129214
129292
129346
129379
129489
129536
129570
129577
129621
129736
129787
129838
129843
129910
130008
130054
130083
130254
130405
130482
130605
130676
130716
130825
130858
131169
131186
131200
131262
131343
131365
131588
131619
131811
131841
131849
131853
131902
131977
132057
132058
132070
132204
132396
132670
132680
132786
132788
132796
132867
133044
133123
133277
133370
133459
133555
133585
133595
133778
133892
133965
133967
134074
134345
134376
134565
134621
134666
134763
134781
134807
134877
134885
134905
134984
135069
135147
135209
135234
135379
135441
135472
135512
135635
135647
135650
135725
135729
135809
135867
136070
136132
136154
136166
136240
136283
136389
136411
136473
136510
136525
136634
136790
136805
136807
136903
136924
136946
137257
137375
137454
137461
137623
137826
137878
137985
138162
138233
138451
138515
138533
138556
138567
138603
138634
138695
138710
138891
138953
139241
139275
139306
139406
139470
139492
139507
139615
139775
139913
140016
140023
140094
140144
140227
140295
140320
140325
140379
140503
140595
140646
140717
140908
140975
140988
141200
141324
141742
141773
141812
141871
141951
141991
141993
142183
142218
142219
142244
142259
142277
142594
142603
142630
142688
142715
142738
142756
142792
142805
142977
143151
143305
143346
143375
143428
143504
143551
143846
143872
143980
144128
144196
144388
144397
144482
144503
144562
144578
144642
144662
144674
144688
144888
144914
144984
144994
145009
145115
145155
145170
145180
145196
145257
145258
145489
145572
145695
145712
145732
145815
145822
145864
145873
145887
145923
145966
146165
146174
146223
146224
146248
146303
146374
146437
146484
146534
146571
146592
146613
146699
146701
146892
146910
147157
147243
147344
147452
147600
147601
147656
147679
147738
147747
147789
148022
148281
148349
148392
148466
148596
148609
148644
148689
148735
148740
148775
148779
148785
148806
148815
148831
148855
149020
149045
149226
149319
149420
149427
149536
149586
149627
149672
149854
149929
150026
150072
150103
150275
150332
150648
150683
150893
151192
151471
151541
151564
151695
151761
151777
151915
151928
152074
152139
152161
152273
152453
152493
152659
152740
152828
152893
153049
153217
153323
153342
153485
153537
153616
153734
153801
153875
153894
153964
153986
153990
154124
154201
154303
154312
154345
154379
154464
154495
154806
154889
154989
155007
155048
155068
155116
155135
155166
155174
155177
155180
155292
155389
155404
155423
155504
155671
155694
155707
155726
155778
156083
156167
156206
156213
156261
156402
156423
156432
156653
156763
156949
157151
157202
157399
157464
157675
157733
157759
157929
157940
157946
158035
158052
158078
158126
158130
158141
158144
158154
158255
158428
158738
158754
158783
158804
158975
159228
159239
159241
159336
159360
159530
159556
159801
159899
159961
160242
160418
160429
160453
160501
160505
160557
160625
160740
161030
161103
161189
161193
161213
161230
161239
161305
161306
161405
161406
161463
161465
161483
161518
161524
161535
161593
161652
162061
162096
162136
162163
162164
162278
162384
162387
162438
162511
162668
162983
163010
163022
163059
163074
163138
163306
163322
163360
163426
163436
163466
163478
163486
163573
163752
163816
163845
163891
163994
164017
164159
164181
164214
164234
164289
164388
164413
164465
164660
164707
164808
164910
165018
165245
165251
165389
165509
165514
165702
165708
165938
165943
165948
165959
166082
166097
166260
166275
166331
166384
166397
166530
166546
166581
166601
166697
166740
166798
166873
166915
167054
167094
167095
167237
167289
167303
167547
167728
167739
167810
167944
168131
168285
168424
168429
168499
168570
168647
168672
168895
168919
169068
169138
169250
169308
169316
169320
169359
169403
169427
169450
169463
169464
169544
169583
169584
169719
169815
170093
170189
170202
170215
170286
170306
170345
170403
170474
170557
170568
170671
170695
170756
170761
170803
170897
170966
171105
171132
171154
171267
171296
171300
171312
171465
171489
171620
171633
171665
171760
171818
171959
171993
172012
172047
172133
172310
172521
172708
172711
172719
172742
172807
172871
172915
172985
173003
173238
173349
173408
173554
173638
173643
173673
173878
173907
174065
174163
174174
174191
174195
174270
174327
174349
174367
174393
174465
174503
174595
174674
174718
174880
174951
175066
175241
175312
175434
175629
175645
175651
175679
175681
175789
175838
175997
176030
176033
176400
176401
176612
176805
176988
177038
177064
177153
177181
177183
177212
177326
177360
177400
177555
177618
177645
177648
177649
177662
177707
178011
178107
178144
178205
178219
178393
178407
178478
178623
178680
178763
178778
178897
179051
179053
179165
179198
179274
179342
179399
179402
179411
179514
179625
179641
179772
179825
179894
179961
180128
180309
180383
180405
180550
180578
180590
180663
180807
181043
181157
181186
181238
181260
181337
181365
181394
181508
181554
181610
181615
181632
181703
181799
181944
181982
181985
182048
182080
182093
182300
182336
182425
182514
182531
182585
182705
182745
182797
182801
182804
182820
182872
182978
183016
183254
183369
183479
183521
183598
183605
183659
183767
183768
183775
183827
183837
183901
184079
184114
184176
184269
184390
184419
184452
184472
184477
184499
184926
184947
184963
185310
185313
185384
185435
185462
185556
185605
185607
185677
185717
185885
185934
186032
186047
186064
186082
186102
186125
186165
186213
186249
186396
186519
186530
186536
186591
186604
186734
186789
186958
187077
187175
187181
187249
187266
187310
187335
187491
187510
187551
187584
187890
187908
187911
187953
188031
188054
188067
188073
188380
188395
188399
188442
188475
188504
188765
188800
188982
189035
189176
189190
189242
189325
189427
189440
189457
189503
189616
189795
189863
189999
190068
190145
190177
190258
190309
190437
190460
190516
190520
190543
190627
190667
190729
190768
190880
190891
191241
191254
191345
191361
191410
191472
191476
191489
191563
191715
191854
191939
191946
191955
192106
192120
192215
192229
192315
192328
192445
192658
192728
192733
193001
193053
193065
193084
193162
193189
193210
193224
193307
193370
193433
193555
193558
193575
193603
193744
193809
193810
193968
194063
194071
194102
194252
194275
194529
194663
195072
195167
195173
195225
195323
195406
195449
195450
195547
195688
195702
195711
195926
195950
196001
196074
196146
196157
196180
196242
196272
196332
196372
196429
196517
196546
196574
196586
196605
196621
196720
196826
196895
196940
196944
197165
197336
197375
197384
197399
197404
197471
197500
197504
197718
197737
197752
197763
197797
197985
198043
198061
198145
198183
198322
198339
198347
198372
198466
198474
198479
198503
198687
198694
198776
198858
198956
198979
199011
199095
199311
199393
199510
199573
199735
199743
199774
199903
199931
200115
200348
200458
200459
200635
200643
200669
200701
200794
200870
200893
201001
201032
201038
201057
201073
201111
201128
201351
201398
201649
201712
201753
201789
201853
201931
201955
201956
201985
202063
202105
202129
202154
202220
202249
202579
202706
202777
202975
202986
203142
203211
203281
203301
203398
203414
203417
203446
203540
203610
203644
203860
203937
204018
204049
204059
204075
204082
204299
204403
204419
204473
204594
204595
204647
204679
204724
204800
204826
204833
204836
204889
204897
204963
205127
205168
205172
205227
205339
205410
205437
205534
205544
205617
205623
205676
205741
205780
205899
205921
205938
206015
206127
206138
206150
206193
206235
206253
206320
206339
206371
206412
206435
206464
206780
206919
207094
207178
207216
207279
207315
207325
207349
207505
207525
207638
207705
207722
207829
207949
207992
208195
208263
208442
208512
208540
208545
208558
208579
208604
208647
208694
208718
208861
208875
208905
208946
208999
209106
209194
209256
209446
209469
209577
209588
209609
209669
209801
209813
209976
209994
210041
210106
210127
210136
210151
210180
210396
210445
210594
210631
210678
210762
210771
210863
211200
211240
211301
211392
211584
211736
211786
211872
211902
211967
212081
212086
212092
212166
212172
212343
212357
212477
212515
212516
212582
212597
212625
212671
212900
212968
212987
213025
213052
213086
213108
213136
213206
213216
213296
213471
213478
213547
213656
213716
213959
214140
214212
214248
214267
214291
214369
214451
214454
214455
214505
214608
214645
214651
214704
214716
214746
214749
214815
214934
215076
215086
215092
215181
215255
215467
215475
215667
215792
215804
215831
216065
216067
216086
216113
216185
216251
216298
216354
216370
216417
216503
216567
216666
216679
216807
216920
216922
216928
216963
216966
217019
217080
217093
217259
217270
217278
217362
217363
217557
217607
217692
217723
217728
217756
217785
217911
217962
217988
218005
218057
218277
218298
218395
218656
218727
218749
218757
218833
218856
218859
218885
219007
219053
219080
219165
219195
219227
219309
219385
219525
219572
219740
219761
219943
219989
220080
220085
220090
220122
220217
220284
220290
220423
220464
220479
220508
220600
220704
220742
220791
220845
220875
220877
220992
221006
221134
221164
221167
221214
221221
221229
221288
221335
221442
221471
221574
221594
221672
221706
221709
221762
221791
221794
222157
222184
222255
222319
222384
222394
222411
222449
222504
222525
222715
222734
222736
222774
222816
222894
222901
222915
223000
223007
223139
223192
223312
223405
223421
223431
223515
223520
223604
223691
223779
223782
223822
223827
223987
224113
224116
224247
224357
224403
224594
224728
224931
225140
225146
225158
225163
225184
225191
225671
225690
225787
225796
225806
225923
226083
226093
226267
226288
226328
226417
226425
226458
226569
226720
226903
226917
226933
227124
227193
227265
227360
227524
227532
227552
227666
227735
227980
227994
228132
228295
228336
228340
228561
228626
228733
228784
228824
228916
228950
228969
229073
229133
229165
229269
229279
229283
229345
229427
229453
229687
229770
229847
229855
230115
230260
230337
230383
230514
230635
230704
230865
230878
231071
231073
231102
231112
231125
231268
231402
231482
231497
231515
231537
231562
231854
231978
231989
232027
232185
232251
232301
232501
232576
232579
232608
232703
232753
232867
232880
232941
232963
232965
233029
233108
233207
233347
233351
233389
233415
233465
233496
233500
233616
233645
233679
233837
233881
234064
234096
234126
234128
234132
234153
234184
234354
234467
234687
234696
234967
234980
234984
235043
235064
235269
235277
235309
235369
235370
235487
235492
235594
235649
235725
235836
235980
235986
236033
236062
236564
236811
236857
236975
237059
237157
237279
237299
237378
237746
237770
237808
237818
237827
238216
238243
238252
238289
238353
238431
238454
238579
238584
238605
238712
238716
238741
238773
238819
238840
238920
239010
239025
239035
239078
239137
239211
239232
239339
239435
239528
239561
239618
239755
239790
239795
239805
239818
239838
240009
240051
240060
240122
240225
240426
240458
240474
240479
240520
240645
240702
240704
240866
240919
241008
241014
241051
241062
241070
241077
241183
241206
241365
241488
241640
241746
241893
241919
241924
241925
241961
241980
242036
242047
242061
242125
242242
242310
242629
242705
242784
242835
243077
243114
243195
243235
243240
243268
243279
243337
243380
243390
243505
243524
243528
243570
243576
243842
243902
244019
244043
244045
244101
244173
244197
244229
244896
244964
245000
245033
245081
245089
245308
245459
245480
245527
245613
245625
245665
245688
245722
245785
245841
245872
246051
246083
246221
246277
246454
246504
246601
246610
246631
246801
246896
246972
246981
246994
247156
247227
247386
247483
247542
247599
247740
247753
247771
247876
247883
247891
248006
248058
248067
248103
248156
248232
248254
248330
248440
248486
248507
248569
248572
248582
248767
248867
248891
248899
248905
248985
249037
249039
249166
249208
249293
249405
249649
249674
249681
249738
249941
249946
250026
250080
250135
250161
250265
250321
250381
250413
250720
251028
251029
251053
251086
251129
251216
251244
251262
251277
251279
251284
251296
251350
251369
251371
251491
251571
251615
251649
251735
251941
252074
252132
252310
252337
252344
252374
252512
252605
252650
252651
252654
252745
252818
252848
252923
252924
252932
252948
253013
253044
253051
253118
253191
253300
253313
253335
253377
253401
253521
253596
253624
253834
253857
254014
254048
254068
254150
254207
254355
254400
254455
254499
254838
254887
254889
254937
254948
254975
255064
255206
255242
255265
255328
255363
255366
255400
255433
255474
255557
255637
255740
255756
255878
255885
255904
255911
255996
256049
256313
256324
256363
256365
256512
256823
257154
257228
257262
257453
257624
257629
257689
257696
257746
257770
257838
257850
257981
258009
258088
258135
258244
258318
258352
258513
258545
258561
258601
258605
258690
258721
258813
258890
258898
258939
258948
258954
259036
259084
259103
259191
259269
259423
259579
259631
259714
259756
259897
259952
260178
260234
260310
260350
260372
260419
260452
260462
260523
260540
260555
260576
260616
260625
260714
260734
260748
260845
260889
260940
261118
261123
261279
261732
261777
261843
261856
261874
261889
261995
262000
262011
262023
262036
262185
262248
262266
262293
262345
262377
262385
262638
262657
262658
262740
262857
262896
262920
263033
263080
263452
263530
263622
263705
263857
263889
263900
263978
264028
264063
264094
264137
264160
264185
264227
264354
264379
264411
264520
264604
264683
264844
264957
265076
265194
265243
265297
265337
265386
265469
265529
265579
265644
265723
265900
265922
265967
266136
266192
266220
266345
266690
266728
266741
267088
267113
267225
267335
267374
267383
267389
267596
267634
267803
267826
267854
267932
267980
268041
268069
268114
268117
268170
268198
268202
268206
268236
268441
268476
268580
268628
268629
268688
268770
268840
269012
269088
269168
269192
269215
269249
269373
269377
269607
269659
269663
269733
269843
269872
269949
269953
270082
270101
270211
270240
270299
270488
270545
270564
270565
270575
270686
270695
270698
271007
271247
271330
271405
271466
271586
271599
271674
271679
271797
271798
271808
271872
271881
271907
272055
272211
272213
272314
272334
272405
272439
272515
272611
272728
272820
272824
272938
272998
273016
273141
273410
273729
273739
273875
273877
273966
274203
274278
274371
274409
274496
274499
274596
274688
274749
274786
274833
274913
274967
274991
275087
275115
275141
275250
275252
275299
275522
275842
275863
275926
275928
275962
276022
276099
276397
276458
276502
276591
276763
276781
276795
276839
276946
276967
277021
277070
277378
277432
277554
277607
277614
277618
277700
277720
277759
277833
277846
277857
278060
278086
278138
278156
278550
278624
