6
22
101
117
119
123
130
142
147
221
237
273
287
321
355
358
397
419
465
483
491
506
512
539
549
565
625
652
710
713
774
787
811
835
862
878
886
919
928
1014
1032
1047
1075
1116
1124
1126
1143
1149
1185
1201
1239
1275
1344
1389
1416
1438
1451
1472
1516
1581
1629
1659
1687
1727
1776
1778
1864
1865
1869
1922
1929
1949
1966
2034
2037
2045
2047
2136
2141
2194
2231
2238
2275
2286
2295
2298
2316
2336
2340
2341
2432
2448
2454
2458
2464
2506
2537
2623
2709
2717
2740
2760
2772
2845
2898
2904
2947
2952
3050
3123
3180
3189
3201
3275
3291
3335
3393
3407
3448
3462
3526
3537
3540
3621
3651
3661
3688
3689
3744
3789
3799
3800
3885
3916
3975
4006
4018
4100
4112
4141
4211
4256
4411
4444
4501
4535
4543
4600
4605
4797
4859
4887
5012
5038
5042
5135
5146
5163
5254
5273
5277
5297
5330
5393
5402
5425
5488
5526
5567
5610
5706
5746
5908
5960
5974
5979
6001
6014
6019
6084
6138
6166
6168
6235
6257
6306
6316
6400
6431
6607
6632
6682
6689
6722
6724
6729
6849
6851
6863
6868
6869
6872
6873
6883
6936
6973
6989
7041
7052
7107
7136
7138
7141
7162
7180
7273
7275
7289
7294
7338
7361
7442
7487
7492
7502
7614
7622
7632
7677
7685
7713
7733
7746
7761
7866
8006
8020
8025
8031
8045
8151
8319
8409
8419
8430
8433
8615
8739
8815
8817
8864
8914
8940
8941
8991
9014
9027
9043
9061
9076
9144
9221
9255
9264
9452
9481
9485
9517
9522
9535
9558
9563
9570
9590
9598
9654
9659
9700
9721
9722
9760
9794
9801
9809
9820
9854
9919
9924
9969
10066
10147
10168
10169
10201
10314
10320
10324
10351
10355
10368
10378
10406
10411
10416
10418
10486
10493
10542
10566
10591
10592
10612
10656
10668
10670
10672
10682
10746
10824
10825
10847
10848
10992
11010
11026
11031
11047
11052
11099
11154
11170
11176
11208
11269
11272
11280
11317
11339
11359
11374
11394
11410
11443
11471
11476
11505
11559
11751
11779
11947
11980
12006
12106
12110
12113
12154
12303
12328
12329
12339
12509
12570
12603
12621
12638
12656
12664
12676
12680
12711
12734
12748
12782
12786
12817
12881
12899
12903
12931
12958
12963
13034
13040
13069
13130
13137
13154
13183
13194
13248
13262
13291
13337
13346
13350
13373
13382
13387
13397
13468
13470
13494
13668
13768
13779
13836
13871
13897
13947
13956
13959
13970
14043
14053
14056
14084
14133
14147
14149
14217
14241
14257
14273
14278
14290
14324
14334
14335
14370
14380
14531
14547
14556
14569
14577
14631
14651
14706
14708
14712
14749
14773
14804
14818
14841
14854
14928
14982
15054
15062
15122
15146
15165
15187
15200
15220
15226
15260
15262
15272
15275
15284
15286
15288
15303
15313
15414
15460
15504
15560
15619
15620
15642
15645
15671
15679
15697
15715
15764
15780
15891
15943
15981
16021
16074
16078
16126
16139
16210
16215
16233
16240
16250
16367
16435
16439
16540
16563
16610
16612
16615
16653
16700
16707
16732
16741
16874
16926
16929
16981
16990
17008
17070
17074
17123
17216
17282
17336
17405
17407
17533
17587
17627
17637
17703
17720
17739
17849
17936
17964
18072
18234
18305
18400
18483
18515
18563
18574
18607
18619
18624
18633
18664
18760
18762
18778
18816
18842
18850
18905
18957
19083
19113
19125
19154
19250
19319
19382
19454
19487
19495
19618
19632
19656
19821
19835
19852
19861
19862
19886
19920
20046
20052
20061
20075
20113
20131
20139
20220
20251
20284
20362
20386
20437
20488
20489
20606
20648
20660
20718
20742
20781
20795
20807
20824
20857
20869
20972
20973
20974
21017
21054
21075
21096
21117
21126
21295
21375
21439
21528
21569
21682
21725
21733
21767
21792
21801
21894
21909
21934
21950
21975
22059
22082
22135
22191
22212
22255
22270
22296
22333
22349
22426
22502
22516
22536
22636
22662
22676
22747
22773
22799
22850
22883
22977
22982
22984
22990
22992
23020
23063
23154
23166
23171
23218
23232
23250
23271
23288
23301
23310
23314
23356
23383
23389
23442
23485
23518
23564
23598
23608
23612
23627
23640
23701
23745
23800
23856
23866
23868
23895
23912
23923
23943
24023
24030
24049
24059
24111
24161
24187
24203
24210
24237
24341
24378
24420
24428
24485
24512
24533
24597
24612
24629
24635
24644
24699
24749
24767
24773
24847
24901
24919
24936
24958
25013
25048
25085
25093
25138
25244
25288
25377
25385
25396
25401
25427
25493
25495
25511
25642
25684
25701
25751
25756
25803
25867
25868
25953
26003
26129
26167
26177
26226
26288
26312
26313
26322
26332
26345
26394
26399
26400
26476
26480
26516
26518
26554
26644
26672
26680
26786
26792
26803
26896
26934
26964
26976
27023
27060
27075
27099
27143
27145
27160
27199
27206
27247
27280
27285
27382
27383
27406
27417
27439
27444
27447
27494
27497
27513
27523
27536
27539
27613
27644
27666
27697
27731
27815
27838
27847
27854
27858
27876
27889
27920
27936
27974
27983
28058
28097
28140
28167
28192
28271
28326
28374
28410
28440
28447
28467
28475
28490
28502
28503
28559
28561
28596
28616
28621
28622
28628
28659
28710
28765
28828
28868
28970
28974
29049
29054
29099
29142
29143
29156
29176
29180
29213
29243
29247
29260
29284
29397
29416
29489
29538
29559
29562
29643
29722
29729
29765
29786
29807
29835
29916
29981
29993
30068
30079
30102
30130
30133
30201
30242
30321
30404
30414
30438
30449
30566
30629
30637
30673
30686
30725
30728
30771
30840
30842
30855
30919
30997
31043
31094
31110
31114
31127
31136
31140
31221
31274
31282
31300
31330
31338
31339
31369
31396
31406
31423
31504
31534
31538
31555
31569
31628
31641
31684
31708
31738
31768
31796
31873
31875
31899
31902
31937
31940
32024
32037
32067
32086
32131
32163
32177
32308
32312
32328
32377
32417
32437
32451
32455
32463
32476
32486
32499
32534
32536
32550
32608
32662
32672
32674
32713
32738
32773
32824
32833
32856
32889
32923
33079
33086
33100
33110
33158
33191
33193
33234
33271
33308
33349
33362
33528
33559
33623
33655
33656
33740
33771
33774
33816
33840
33910
33936
34011
34027
34046
34081
34102
34143
34193
34227
34272
34286
34289
34290
34301
34331
34361
34373
34413
34440
34481
34494
34514
34601
34614
34624
34644
34665
34715
34784
34791
34794
34846
34854
34866
34885
34900
34903
34939
34983
35000
35036
35143
35147
35156
35181
35230
35598
35628
35697
35718
35745
35750
35763
35767
35769
35780
35808
35839
35881
35943
35946
35965
35970
35977
36040
36065
36083
36132
36143
36170
36257
36306
36371
36449
36475
36485
36554
36565
36567
36583
36648
36705
36714
36818
36952
36969
36998
37036
37055
37111
37152
37163
37182
37191
37228
37288
37291
37298
37327
37353
37430
37442
37490
37507
37513
37519
37520
37614
37634
37677
37715
37721
37752
37833
37906
37921
37979
38019
38066
38120
38142
38188
38198
38225
38262
38271
38276
38324
38377
38442
38453
38470
38475
38491
38515
38517
38606
38743
38770
38772
38784
38792
38849
38878
38906
38927
38967
39009
39010
39014
39046
39078
39083
39085
39129
39161
39167
39175
39331
39350
39421
39423
39425
39445
39471
39486
39495
39556
39588
39619
39667
39687
39720
39746
39823
39863
39910
39963
39965
39982
40061
40148
40157
40177
40184
40215
40219
40272
40280
40332
40444
40463
40483
40521
40561
40569
40589
40625
40796
40843
40873
40897
40951
40987
40991
41044
41080
41146
41148
41164
41185
41209
41242
41258
41275
41317
41391
41408
41416
41418
41420
41432
41471
41517
41535
41759
41895
41921
42074
42167
42181
42190
42196
42215
42253
42400
42441
42458
42538
42547
42596
42671
42710
42720
42731
42741
42787
42832
42841
42897
42930
42955
42963
43008
43044
43074
43121
43136
43278
43284
43308
43340
43458
43462
43626
43653
43656
43673
43711
43728
43741
43767
43768
43810
43894
43914
43920
44034
44142
44283
44355
44378
44422
44446
44517
44571
44593
44596
44692
44704
44705
44792
44853
44892
44923
44947
44958
45020
45022
45144
45198
45223
45265
45338
45408
45478
45549
45664
45684
45723
45726
45781
45792
45804
45837
45889
45921
45961
45998
46020
46110
46173
46182
46192
46199
46216
46254
46309
46314
46322
46337
46367
46368
46384
46387
46398
46409
46502
46507
46540
46559
46586
46693
46765
46868
46938
46953
47019
47056
47134
47177
47186
47221
47225
47244
47321
47355
47375
47389
47439
47472
47475
47483
47527
47552
47558
47569
47583
47620
47657
47667
47691
47726
47882
47912
48015
48023
48072
48092
48223
48233
48282
48307
48318
48374
48409
48422
48466
48482
48490
48518
48541
48681
48688
48689
48714
48774
48834
48880
48918
48935
48939
48955
48959
48962
48968
49003
49037
49065
49125
49163
49182
49188
49192
49195
49432
49471
49473
49490
49525
49543
49575
49578
49653
49660
49661
49753
49851
49900
49954
49963
50056
50131
50142
50161
50185
50243
50306
50323
50398
50432
50441
50443
50446
50452
50554
50559
50566
50729
50823
50829
50857
50991
51028
51076
51081
51190
51250
51256
51263
51280
51303
51340
51355
51410
51438
51463
51509
51553
51555
51562
51623
51629
51666
51691
51796
51808
51869
51898
51917
51957
51981
52000
52013
52041
52099
52129
52151
52306
52308
52345
52415
52463
52574
52578
52589
52636
52654
52706
52721
52735
52751
52805
52834
52897
52912
52914
52928
53066
53099
53101
53104
53114
53130
53163
53259
53313
53323
53332
53334
53419
53427
53435
53450
53528
53588
53615
53642
53643
53663
53692
53823
53824
54011
54082
54116
54164
54212
54257
54268
54280
54296
54298
54308
54355
54383
54402
54483
54485
54506
54521
54536
54637
54749
54880
54893
54912
54965
55044
55056
55112
55218
55222
55235
55256
55320
55327
55384
55418
55467
55469
55507
55548
55578
55647
55752
55778
55791
55858
55899
55936
55971
55975
56130
56149
56166
56168
56200
56213
56239
56240
56259
56276
56360
56387
56412
56491
56519
56537
56541
56548
56599
56606
56613
56669
56688
56710
56712
56802
56807
56814
56854
56857
56871
56906
56916
56956
56981
57049
57089
57180
57305
57380
57411
57422
57426
57481
57563
57632
57635
57639
57677
57693
57739
57751
57752
57757
57870
57898
57917
57974
58121
58156
58179
58205
58238
58264
58287
58377
58386
58404
58421
58493
58595
58607
58631
58649
58683
58782
58797
58828
58908
58909
58947
58955
58981
58982
59093
59170
59204
59257
59266
59300
59310
59381
59412
59416
59433
59549
59629
59656
59675
59689
59698
59728
59755
59767
59813
59822
59864
59897
59993
60024
60050
60060
60087
60134
60199
60202
60217
60219
60242
60319
60397
60445
60547
60621
60643
60669
60672
60704
60743
60767
60792
60813
60868
60886
60893
60908
60958
60960
60987
61042
61092
61112
61180
61203
61258
61274
61287
61327
61441
61551
61648
61697
61728
61732
61777
61806
61815
61862
61865
61886
61925
61948
62008
62042
62057
62084
62239
62257
62291
62346
62400
62443
62446
62452
62460
62472
62522
62533
62552
62644
62646
62675
62713
62730
62761
62772
62828
62866
62892
62906
62937
62946
62958
62972
62973
62978
63026
63068
63070
63072
63089
63108
63145
63169
63199
63222
63226
63342
63343
63346
63373
63392
63393
63401
63405
63463
63504
63531
63547
63570
63578
63597
63687
63693
63697
63731
63761
63822
63929
63963
64069
64142
64160
64164
64188
64212
64235
64443
64476
64484
64511
64534
64573
64586
64639
64659
64787
64813
64823
64857
64950
64967
64988
65075
65166
65182
65221
65254
65314
65327
65563
65634
65717
65731
65734
65798
65818
65822
65859
65927
65956
65965
65968
66010
66016
66078
66175
66183
66417
66439
66441
66460
66489
66515
66568
66574
66655
66659
66692
66721
66750
66827
66853
66969
67061
67088
67108
67118
67171
67188
67217
67231
67233
67252
67257
67302
67362
67437
67465
67469
67481
67499
67572
67623
67633
67637
67796
67816
67828
67864
67919
67929
67930
67940
67941
68011
68092
68100
68113
68279
68291
68377
68392
68497
68638
68706
68799
68838
68845
68874
68918
68985
68994
68997
69027
69028
69035
69050
69139
69183
69189
69215
69266
69316
69393
69411
69426
69450
69470
69488
69500
69587
69606
69654
69666
69671
69677
69777
69827
69851
69887
69917
69964
69978
69983
70026
70114
70159
70161
70169
70233
70289
70315
70372
70497
70501
70508
70515
70572
70666
70755
70777
70792
70797
70879
70887
70892
70896
70912
70917
70927
71050
71066
71085
71155
71175
71212
71280
71329
71335
71397
71403
71409
71488
71508
71511
71543
71548
71563
71585
71593
71604
71606
71611
71631
71680
71742
71759
71794
71806
71835
71852
71906
71911
71935
71967
72025
72073
72097
72268
72282
72322
72324
72346
72379
72405
72409
72443
72489
72506
72576
72609
72654
72655
72661
72718
72770
72806
72925
72943
72956
72971
72986
72992
73009
73021
73047
73059
73102
73116
73146
73148
73177
73182
73219
73272
73284
73359
73486
73545
73549
73618
73666
73724
73748
73770
73772
73806
73831
73881
73893
73974
74103
74219
74262
74268
74292
74347
74368
74393
74411
74498
74534
74653
74672
74695
74703
74830
74855
74868
74892
74912
74995
75080
75084
75089
75180
75200
75219
75261
75274
75297
75311
75375
75429
75455
75564
75603
75629
75637
75649
75654
75658
75847
75915
75983
75996
76002
76078
76103
76115
76122
76149
76243
76281
76292
76371
76415
76417
76469
76680
76710
76748
76807
76809
76813
76818
76888
76889
76919
77072
77150
77177
77188
77192
77220
77231
77282
77382
77387
77419
77439
77446
77493
77558
77581
77595
77640
77663
77730
77824
77998
78058
78063
78088
78108
78115
78145
78149
78264
78273
78326
78327
78459
78477
78503
78504
78515
78557
78578
78602
78708
78715
78773
78788
78808
78821
78838
78841
78898
78908
78926
78983
79007
79041
79069
79093
79107
79128
79159
79214
79231
79237
79239
79266
79309
79381
79404
79463
79496
79539
79551
79576
79578
79591
79604
79624
79631
79666
79751
79774
79784
79894
79969
79982
79990
80001
80006
80014
80022
80217
80219
80236
80255
80276
80367
80386
80425
80430
80458
80464
80596
80602
80686
80712
80744
80768
80790
80862
80943
81000
81040
81054
81063
81106
81125
81162
81302
81325
81327
81333
81366
81374
81394
81458
81650
81659
81668
81763
81849
81896
82034
82204
82208
82245
82388
82397
82461
82499
82505
82516
82571
82595
82617
82633
82705
82723
82730
82733
82743
82759
82777
82781
82787
82948
82992
82993
83066
83071
83226
83236
83239
83332
83343
83393
83407
83448
83507
83517
83522
83563
83590
83691
83696
83704
83735
83740
83759
83767
83770
83782
83809
83814
83885
83912
83932
84007
84045
84067
84117
84145
84203
84261
84364
84434
84444
84462
84489
84491
84504
84510
84592
84609
84785
84856
84893
84906
84914
84938
84939
84979
85020
85051
85083
85087
85124
85199
85254
85289
85495
85644
85690
85709
85757
85846
85866
85873
85945
85958
86016
86065
86093
86130
86144
86151
86185
86312
86343
86413
86431
86461
86542
86555
86601
86640
86660
86680
86685
86690
86721
86741
86753
86927
86942
86945
86949
86953
86976
86981
87027
87042
87066
87128
87151
87164
87194
87299
87325
87329
87405
87447
87471
87478
87523
87622
87642
87670
87706
87711
87730
87735
87753
87760
87812
87828
87856
87865
87869
87881
87915
87976
88012
88014
88085
88160
88217
88335
88354
88455
88457
88489
88569
88573
88597
88659
88676
88693
88713
88748
88809
88818
88824
88883
88884
88885
88954
88967
88969
88991
89003
89027
89034
89035
89047
89079
89112
89141
89188
89201
89205
89246
89269
89302
89340
89349
89406
89427
89435
89442
89457
89516
89569
89585
89609
89701
89703
89719
89759
89787
89855
89863
89953
89963
90059
90072
90079
90213
90309
90315
90376
90429
90452
90465
90466
90653
90742
90753
90891
90984
90994
90996
91116
91189
91217
91267
91275
91315
91329
91351
91565
91681
91716
91719
91790
91805
91904
91960
92042
92049
92149
92233
92234
92248
92369
92392
92397
92471
92521
92590
92599
92602
92606
92692
92725
92779
92803
92804
92813
92818
92832
92834
92894
92898
92953
93025
93137
93141
93151
93158
93166
93168
93225
93325
93350
93429
93438
93458
93484
93575
93612
93632
93648
93707
93732
93794
93865
93950
93977
93978
94025
94039
94065
94069
94073
94075
94094
94125
94131
94139
94146
94170
94192
94220
94236
94370
94390
94481
94573
94612
94620
94657
94684
94748
94763
94772
94866
94891
94901
94956
94987
95006
95014
95044
95052
95058
95156
95205
95243
95276
95286
95294
95437
95444
95469
95500
95545
95563
95580
95670
95686
95741
95746
95751
95797
95811
95863
95891
95986
96036
96038
96049
96064
96139
96288
96328
96444
96449
96461
96495
96530
96556
96560
96631
96634
96680
96685
96687
96727
96745
96805
96807
96814
96823
96865
96908
96916
96985
97028
97062
97088
97161
97174
97250
97291
97339
97358
97365
97413
97467
97502
97518
97611
97642
97650
97660
97672
97689
97705
97716
97728
97731
97737
97765
97766
97779
97913
97920
97929
97938
97979
97990
98058
98100
98116
98126
98152
98166
98174
98176
98188
98192
98375
98379
98429
98442
98460
98500
98501
98519
98522
98528
98545
98554
98565
98656
98687
98726
98784
98852
98863
98876
98899
98922
98939
98961
98973
98999
99021
99088
99092
99129
99153
99168
99253
99255
99264
99271
99282
99286
99298
99301
99331
99337
99433
99471
99496
99536
99537
99544
99546
99593
99638
99657
99671
99802
99846
99866
99892
99975
100000
100070
100119
100170
100189
100191
100238
100250
100288
100322
100388
100390
100401
100407
100429
100463
100466
100499
100548
100562
100579
100668
100724
100735
100743
100764
100847
100861
100914
100938
100978
100999
101018
101020
101098
101100
101109
101186
101198
101236
101238
101250
101255
101279
101285
101291
101346
101356
101362
101451
101491
101794
101845
101889
101905
101944
101951
101955
102001
102103
102124
102129
102225
102289
102302
102309
102325
102401
102434
102445
102463
102514
102633
102659
102792
102822
103066
103108
103114
103133
103171
103188
103212
103222
103237
103319
103353
103362
103378
103405
103428
103435
103436
103451
103491
103503
103525
103544
103588
103650
103763
103790
103794
103843
103877
103881
103898
103904
103909
104007
104055
104077
104101
104115
104171
104193
104220
104224
104290
104314
104322
104327
104331
104408
104409
104483
104496
104503
104510
104561
104600
104641
104683
104690
104756
104783
104834
104865
104896
104914
104978
104979
105034
105052
105074
105099
105117
105176
105180
105195
105243
105286
105313
105394
105579
105637
105644
105658
105746
105783
105828
105831
105868
105886
105899
105926
105934
105974
106004
106024
106066
106070
106166
106186
106230
106241
106245
106272
106273
106286
106293
106398
106470
106496
106503
106510
106526
106590
106653
106667
106674
106711
106783
106831
106868
106896
106910
106915
106965
107012
107026
107034
107047
107113
107132
107180
107192
107234
107253
107299
107318
107332
107339
107361
107371
107483
107517
107579
107581
107588
107607
107622
107657
107687
107694
107699
107719
107766
107869
107913
107935
107939
108009
108032
108152
108167
108349
108359
108360
108402
108412
108445
108465
108511
108608
108661
108664
108717
108723
108743
108810
108828
108834
108846
108919
108948
108980
109016
109019
109029
109064
109070
109075
109094
109136
109143
109152
109231
109236
109256
109292
109333
109414
109471
109531
109552
109564
109581
109598
109603
109610
109627
109662
109707
109749
109786
109797
109800
109852
109944
110015
110055
110096
110136
110296
110469
110471
110473
110476
110477
110579
110584
110585
110589
110759
110783
110851
110897
111002
111029
111055
111083
111114
111148
111214
111232
111246
111271
111300
111314
111373
111515
111522
111565
111632
111636
111660
111719
111753
111799
111834
111948
111966
111979
112015
112057
112065
112078
112086
112120
112183
112302
112309
112327
112335
112348
112351
112374
112378
112402
112479
112656
112657
112677
112681
112756
112772
112778
112805
112826
112846
112866
112984
113098
113244
113288
113337
113402
113498
113507
113510
113520
113539
113545
113549
113598
113614
113730
113780
113894
113915
113934
113950
113957
113992
114002
114016
114051
114204
114238
114306
114392
114394
114420
114536
114583
114597
114599
114606
114630
114645
114802
114837
114910
114936
114950
114992
115003
115119
115268
115286
115326
115364
115385
115411
115560
115570
115574
115616
115617
115678
115739
115805
115824
115896
115916
115928
115944
115956
115966
115978
115985
115989
115992
116025
116153
116191
116232
116316
116329
116358
116433
116500
116520
116527
116535
116597
116625
116701
116762
116777
116781
116811
116899
116907
116975
117039
117041
117043
117052
117059
117085
117090
117167
117184
117196
117294
117342
117398
117403
117404
117420
117435
117457
117534
117554
117576
117603
117612
117663
117719
117761
117768
117772
117852
117934
117950
118024
118087
118132
118138
118154
118282
118396
118467
118475
118478
118486
118522
118629
118655
118705
118709
118711
118856
118857
118896
118945
118949
118961
118987
119014
119031
119033
119112
119150
119204
119241
119372
119384
119402
119407
119565
119572
119579
119596
119603
119782
119789
119792
119811
119856
119865
119923
119944
119950
119951
119969
119971
120052
120070
120077
120085
120106
120110
120164
120264
120297
120336
120366
120367
120422
120443
120464
120559
120582
120774
120855
120866
120937
120957
121002
121006
121008
121042
121084
121087
121115
121120
121153
121200
121203
121236
121343
121365
121412
121434
121459
121530
121539
121616
121629
121643
121694
121802
121813
121839
121846
121882
121899
121904
122051
122135
122153
122186
122195
122317
122326
122382
122398
122437
122447
122454
122468
122517
122531
122534
122592
122618
122642
122651
122676
122806
122875
122895
123023
123063
123088
123135
123174
123175
123191
123328
123453
123455
123503
123541
123548
123575
123610
123672
123686
123697
123704
123744
123753
123835
123845
123846
123914
123963
123988
124048
124076
124210
124223
124231
124241
124250
124254
124334
124341
124474
124602
124623
124722
124752
124787
124801
124824
124849
124853
124857
124897
124903
124909
124919
124950
124996
125070
125299
125331
125348
125380
125398
125431
125435
125447
125536
125573
125586
125599
125616
125643
125648
125684
125783
125794
125820
125827
125950
125983
126074
126091
126118
126154
126191
126256
126271
126274
126280
126305
126317
126325
126359
126380
126386
126400
126434
126438
126448
126458
126546
126569
126626
126645
126650
126659
126667
126684
126693
126699
126706
126707
126726
126742
126779
126872
126898
126918
126967
126971
127010
127124
127149
127164
127172
127223
127241
127261
127275
127285
127290
127383
127474
127477
127570
127577
127593
127618
127711
127755
127813
127827
127836
127874
127889
127997
128011
128035
128095
128109
128271
128288
128323
128355
128401
128409
128460
128486
128532
128616
128691
128851
128858
129002
129107
129165
129338
129358
129577
129584
129621
129624
129632
129671
129712
129736
129799
129838
129876
129929
129983
130008
130012
130102
130106
130118
130158
130186
130187
130210
130232
130281
130308
130325
130333
130339
130340
130360
130418
130419
130478
130496
130499
130553
130605
130608
130616
130618
130633
130643
130703
130716
130740
130786
130787
130793
130826
130835
130862
130871
130986
131052
131132
131161
131200
131249
131258
131292
131348
131359
131390
131395
131415
131457
131494
131549
131619
131620
131659
131712
131879
131902
131914
131931
132005
132026
132043
132058
132077
132115
132204
132211
132215
132241
132303
132396
132399
132404
132428
132443
132509
132536
132539
132612
132644
132670
132731
132849
132950
132980
133003
133032
133044
133158
133171
133184
133193
133233
133261
133275
133299
133300
133317
133320
133346
133369
133579
133585
133616
133618
133645
133736
133750
133773
133778
133792
133808
133843
133864
133869
133924
133965
133975
134054
134074
134081
134112
134155
134167
134184
134201
134231
134364
134385
134397
134464
134575
134588
134619
134621
134638
134666
134671
134714
134798
134877
134879
134903
134932
134982
134984
135068
135076
135178
135179
135181
135231
135240
135287
135411
135438
135444
135482
135512
135516
135545
135566
135613
135625
135635
135647
135668
135725
135813
135862
135890
135930
135931
135943
135981
136009
136087
136142
136143
136148
136161
136166
136186
136200
136222
136240
136442
136491
136660
136761
136783
136807
136840
136855
136861
136897
136904
136924
136950
137056
137071
137086
137091
137131
137140
137154
137170
137182
137192
137216
137247
137257
137258
137306
137309
137363
137390
137454
137484
137514
137515
137553
137582
137588
137623
137632
137647
137664
137674
137698
137722
137781
137853
137928
137988
138008
138129
138157
138187
138193
138214
138273
138342
138344
138416
138455
138500
138515
138634
138674
138726
138728
138792
138798
138804
138853
138875
138930
138943
138994
139043
139113
139136
139181
139210
139217
139224
139232
139254
139289
139306
139312
139329
139341
139385
139396
139487
139514
139522
139615
139619
139710
139765
139768
139775
139802
139803
139806
139919
139920
140003
140042
140055
140106
140141
140161
140165
140224
140294
140295
140320
140369
140379
140420
140442
140503
140519
140570
140581
140595
140619
140737
140770
140781
140788
140792
140803
140823
140907
140922
140990
140992
141012
141051
141122
141161
141163
141197
141318
141324
141338
141340
141354
141357
141520
141550
141562
141563
141675
141704
141741
141947
141972
141993
142000
142100
142143
142220
142277
142323
142329
142358
142390
142539
142596
142614
142623
142630
142640
142659
142688
142706
142780
142802
142904
142917
142929
142933
142958
142977
143006
143064
143154
143183
143345
143428
143436
143548
143726
143742
143788
143789
143798
143822
143876
143902
143931
143945
143965
144115
144123
144127
144141
144155
144301
144325
144377
144388
144448
144469
144503
144511
144530
144546
144642
144651
144692
144721
144736
144822
144824
144871
144884
144897
144915
145064
145170
145179
145202
145232
145303
145415
145623
145678
145685
145695
145712
145732
145738
145739
145870
145872
145887
145966
145970
145987
146028
146098
146131
146224
146312
146330
146426
146543
146574
146586
146613
146680
146793
146850
146881
146900
146934
146954
146966
146999
147035
147055
147104
147157
147212
147282
147352
147395
147412
147438
147452
147493
147588
147608
147633
147635
147674
147707
147721
147727
147762
147773
147785
147807
147888
148018
148045
148075
148180
148235
148239
148241
148266
148294
148325
148334
148336
148349
148392
148393
148466
148467
148497
148526
148531
148556
148557
148589
148596
148696
148735
148806
148830
148860
149011
149022
149027
149032
149066
149158
149160
149192
149213
149257
149337
149415
149420
149586
149690
149699
149724
149726
149818
149927
150022
150053
150058
150060
150072
150189
150217
150233
150275
150326
150332
150361
150444
150510
150557
150574
150620
150626
150648
150764
150766
150893
150939
150958
151013
151035
151057
151092
151120
151153
151176
151289
151299
151307
151308
151314
151387
151395
151396
151450
151451
151483
151484
151492
151528
151574
151585
151605
151623
151678
151685
151691
151724
151731
151743
151777
151800
151812
151844
151848
151856
151939
152103
152139
152181
152273
152325
152356
152368
152375
152435
152447
152465
152493
152572
152584
152596
152636
152655
152660
152664
152691
152751
152792
152819
152828
152893
152909
152944
152974
152985
152986
153034
153049
153126
153201
153261
153291
153384
153473
153557
153591
153643
153659
153689
153716
153734
153735
153749
153756
153795
153846
153875
153901
153915
153964
153986
154100
154101
154183
154246
154312
154340
154373
154379
154418
154464
154476
154503
154520
154528
154595
154598
154621
154690
154733
154817
154828
154873
154989
155007
155029
155043
155048
155057
155081
155124
155177
155319
155350
155369
155404
155437
155447
155463
155465
155483
155517
155542
155569
155577
155602
155637
155649
155729
155813
155839
155849
155864
155880
155903
155948
155968
155988
156024
156069
156124
156159
156167
156265
156285
156354
156402
156404
156500
156513
156537
156653
156657
156658
156732
156803
156874
156910
156948
156949
156970
156971
157015
157057
157069
157152
157178
157220
157225
157237
157242
157300
157301
157314
157379
157408
157453
157458
157491
157494
157559
157675
157770
157842
157897
157929
157943
157945
157965
158003
158052
158104
158119
158126
158130
158150
158158
158242
158255
158256
158289
158292
158306
158382
158420
158488
158528
158535
158561
158572
158646
158680
158719
158935
158943
158975
159043
159044
159047
159082
159089
159096
159099
159222
159276
159293
159320
159360
159416
159420
159450
159453
159486
159488
159556
159593
159604
159781
159834
159853
159866
160055
160070
160192
160207
160246
160264
160281
160406
160418
160442
160459
160505
160557
160577
160587
160611
160685
160742
160753
160777
160778
160796
160861
160868
160875
160900
160972
160986
161030
161032
161059
161193
161218
161230
161234
161239
161277
161289
161296
161306
161337
161345
161351
161359
161379
161405
161412
161463
161491
161562
161608
161622
161675
161762
161770
161810
161814
161862
161915
161963
161993
162011
162027
162061
162075
162089
162119
162278
162288
162316
162344
162384
162438
162439
162444
162511
162522
162531
162547
162605
162665
162694
162796
162802
162815
162828
162916
162927
163003
163040
163051
163134
163152
163169
163360
163478
163486
163524
163531
163559
163568
163573
163612
163650
163673
163717
163742
163753
163758
163762
163774
163912
163926
163953
163955
163965
164055
164114
164171
164184
164234
164266
164291
164305
164314
164339
164349
164358
164413
164421
164433
164443
164456
164463
164509
164526
164528
164553
164566
164597
164649
164652
164660
164662
164707
164710
164736
164910
164925
164996
165001
165021
165079
165097
165111
165183
165240
165249
165318
165356
165440
165441
165515
165555
165569
165601
165700
165866
165880
165893
165894
165934
165938
165943
165946
165948
165959
165965
165989
165995
166008
166023
166051
166082
166097
166102
166112
166117
166150
166182
166202
166206
166279
166392
166395
166399
166420
166430
166483
166530
166541
166601
166678
166791
166795
166803
166912
166945
166947
166949
167013
167094
167095
167112
167136
167226
167251
167291
167318
167337
167428
167470
167479
167551
167573
167622
167786
167794
167800
167810
167920
167924
168006
168029
168049
168131
168169
168232
168300
168306
168323
168362
168364
168368
168424
168426
168429
168432
168490
168499
168552
168581
168633
168667
168672
168691
168706
168719
168740
168746
168882
169026
169029
169056
169073
169106
169138
169158
169165
169182
169236
169308
169427
169445
169450
169464
169515
169536
169544
169605
169607
169713
169722
169754
169796
169815
169822
169848
169873
169922
169955
169971
170033
170038
170042
170061
170129
170133
170162
170166
170170
170178
170206
170215
170219
170243
170318
170339
170403
170405
170413
170445
170568
170603
170856
170874
170892
170897
170904
170966
171021
171105
171124
171132
171256
171288
171296
171300
171307
171426
171535
171620
171704
171739
171760
171818
171876
171946
172005
172174
172199
172204
172206
172208
172264
172310
172347
172393
172394
172406
172458
172460
172491
172548
172567
172608
172626
172675
172708
172720
172765
172807
172863
172871
172910
172915
172933
173016
173035
173041
173045
173068
173117
173142
173236
173241
173300
173318
173344
173358
173378
173462
173464
173554
173584
173586
173644
173654
173673
173687
173691
173813
173826
173851
173890
173920
174013
174046
174058
174065
174114
174127
174134
174138
174149
174160
174163
174174
174193
174195
174209
174213
174263
174277
174340
174343
174346
174362
174375
174393
174503
174539
174566
174618
174622
174679
174690
174699
174827
174868
174997
175004
175018
175063
175094
175139
175168
175174
175215
175222
175284
175354
175374
175389
175414
175415
175434
175528
175562
175567
175623
175645
175648
175682
175707
175713
175742
175802
175836
175837
175901
175917
175930
175936
175962
175976
175991
176020
176123
176127
176256
176270
176293
176331
176367
176400
176414
176418
176542
176612
176702
176794
176797
176805
176818
176826
176833
176954
176975
176988
177033
177202
177213
177215
177269
177326
177368
177426
177428
177449
177469
177470
177555
177559
177563
177611
177620
177634
177660
177662
177676
177710
177711
177747
177795
177935
177937
178006
178011
178029
178107
178144
178205
178212
178228
178229
178470
178471
178518
178623
178626
178631
178680
178778
178785
178800
178807
178832
178892
178910
179007
179051
179053
179097
179151
179160
179198
179213
179242
179244
179274
179280
179329
179342
179345
179355
179399
179402
179411
179468
179516
179535
179538
179557
179590
179649
179651
179680
179691
179692
179728
179768
179777
179853
179890
179894
179964
179996
180128
180248
180285
180333
180335
180372
180383
180467
180488
180530
180533
180558
180581
180590
180633
180663
180674
180693
180718
180729
180752
180807
180916
180999
181013
181015
181030
181043
181113
181135
181140
181238
181260
181290
181392
181394
181399
181402
181449
181508
181530
181547
181577
181592
181609
181632
181641
181642
181645
181670
181687
181706
181799
181803
181823
181838
181861
181903
181952
181988
182044
182048
182078
182080
182140
182224
182229
182264
182331
182381
182486
182492
182494
182531
182591
182595
182634
182697
182705
182739
182745
182983
183016
183028
183112
183213
183237
183254
183281
183294
183331
183391
183395
183481
183516
183521
183605
183609
183767
183768
183793
183827
183884
184015
184019
184033
184112
184170
184192
184200
184203
184230
184266
184301
184308
184314
184416
184452
184499
184560
184581
184586
184742
184839
184923
184925
184940
184947
185011
185013
185033
185052
185053
185129
185133
185156
185233
185256
185341
185347
185410
185494
185514
185536
185553
185604
185613
185717
185730
185797
185810
185885
185895
185903
185924
185934
186002
186032
186047
186064
186113
186125
186177
186187
186189
186261
186274
186324
186346
186386
186407
186410
186421
186521
186530
186618
186631
186634
186693
186727
186739
186741
186766
186789
186857
186860
186882
186920
186939
187032
187051
187053
187082
187215
187227
187269
187270
187335
187345
187423
187463
187510
187518
187584
187613
187640
187754
187856
187911
187940
187963
188015
188060
188067
188076
188080
188126
188131
188135
188144
188179
188209
188228
188238
188246
188329
188402
188427
188448
188507
188510
188558
188596
188641
188673
188701
188732
188747
188748
189043
189109
189183
189242
189282
189335
189342
189476
189481
189485
189516
189594
189616
189727
189760
189762
189795
189833
189983
189999
190002
190082
190092
190133
190148
190150
190207
190229
190252
190257
190258
190272
190278
190293
190309
190312
190355
190388
190441
190472
190475
190500
190504
190516
190540
190565
190589
190626
190634
190667
190718
190778
190936
191156
191243
191292
191397
191399
191476
191477
191489
191492
191493
191519
191563
191613
191671
191688
191800
191805
191887
191890
191913
191922
191939
191946
191955
191964
192026
192056
192159
192209
192267
192328
192351
192392
192432
192443
192445
192452
192478
192479
192486
192492
192495
192498
192532
192534
192560
192690
192728
192733
192788
192801
192826
192871
192895
192976
192989
192995
193053
193102
193108
193137
193189
193210
193350
193355
193370
193412
193413
193453
193549
193575
193603
193681
193700
193744
193769
193777
193848
193858
193860
193955
193961
193968
193988
194025
194056
194070
194071
194090
194105
194125
194129
194143
194235
194252
194388
194491
194505
194525
194529
194532
194535
194765
194777
194779
194867
194893
194936
194951
195000
195035
195038
195070
195138
195156
195165
195167
195173
195187
195189
195225
195247
195302
195319
195447
195450
195465
195572
195609
195674
195711
195749
195793
195830
195897
195925
195926
195995
196055
196060
196130
196155
196160
196192
196230
196235
196252
196332
196371
196372
196452
196463
196466
196473
196605
196661
196720
196768
196823
196826
196888
196904
196944
196998
197014
197047
197055
197107
197131
197139
197196
197215
197222
197226
197325
197393
197396
197408
197411
197434
197471
197518
197522
197548
197563
197628
197640
197654
197797
197811
197825
197892
197963
197984
197985
198186
198203
198218
198222
198245
198347
198383
198437
198488
198503
198523
198536
198539
198582
198595
198637
198694
198703
198772
198776
198826
198861
198919
199011
199013
199037
199150
199189
199237
199249
199282
199311
199430
199510
199616
199658
199679
199705
199735
199743
199750
199777
199784
199801
199837
199843
199846
199882
199917
199932
199991
200038
200049
200089
200162
200186
200212
200232
200256
200443
200626
200627
200643
200666
200669
200781
200794
200893
200905
200917
200988
200998
201077
201128
201160
201176
201313
201389
201555
201566
201583
201592
201606
201624
201714
201720
201730
201731
201759
201775
201777
201823
201863
201879
201931
201964
201976
202063
202328
202390
202454
202495
202553
202558
202588
202641
202649
202759
202819
202906
202926
202938
202970
202975
203084
203086
203108
203151
203153
203169
203186
203263
203271
203273
203287
203289
203391
203401
203437
203456
203469
203540
203575
203588
203599
203610
203638
203661
203716
203768
203787
203809
203825
203937
203955
204082
204109
204281
204328
204338
204403
204419
204461
204576
204595
204643
204683
204724
204748
204751
204791
204800
204833
204850
204851
204852
204889
204897
204910
204931
204935
204951
205012
205025
205181
205249
205286
205288
205300
205308
205322
205343
205349
205369
205460
205486
205540
205545
205580
205602
205623
205637
205641
205755
205780
205798
205807
205823
205837
205846
205883
205888
205899
205935
205938
205954
205985
206015
206020
206026
206030
206039
206048
206097
206150
206160
206170
206276
206281
206306
206320
206339
206371
206381
206387
206412
206637
206645
206698
206714
206718
206739
206826
206862
206879
206884
206919
206927
207084
207085
207095
207127
207144
207205
207213
207218
207251
207279
207315
207367
207389
207441
207519
207569
207619
207648
207676
207697
207720
207731
207755
207762
207800
207829
207877
207938
207949
208009
208039
208095
208188
208277
208290
208314
208540
208545
208558
208577
208588
208604
208657
208660
208678
208694
208741
208744
208829
208835
208899
208982
208999
209013
209026
209049
209106
209144
209146
209165
209186
209188
209233
209280
209292
209322
209325
209370
209470
209509
209519
209526
209588
209592
209638
209646
209669
209701
209753
209801
209834
209872
209940
209984
209994
210007
210041
210045
210061
210062
210071
210100
210110
210127
210135
210157
210173
210314
210317
210332
210341
210354
210405
210411
210456
210568
210594
210621
210650
210719
210727
210771
210797
210863
210877
210929
211023
211037
211054
211200
211290
211301
211333
211366
211584
211600
211652
211722
211729
211742
211786
211788
211827
211833
211850
211902
211967
212057
212075
212081
212116
212146
212166
212176
212195
212220
212221
212224
212226
212290
212308
212355
212440
212486
212488
212514
212530
212648
212671
212672
212697
212722
212742
212762
212821
212847
212871
212874
212892
212931
212940
212965
213029
213097
213098
213107
213108
213171
213196
213206
213248
213373
213539
213547
213660
213695
213728
213730
213753
213758
213797
213818
213902
213959
214077
214125
214175
214308
214368
214430
214447
214451
214461
214465
214496
214505
214527
214567
214652
214658
214659
214712
214743
214746
214797
214856
214860
214861
214931
215075
215076
215118
215146
215186
215233
215255
215387
215427
215444
215475
215487
215491
215519
215532
215538
215581
215585
215684
215792
215894
215996
215998
216041
216065
216113
216216
216218
216298
216307
216315
216353
216521
216536
216817
216861
216928
216966
217036
217105
217131
217243
217290
217402
217495
217503
217536
217623
217683
217699
217728
217739
217756
217964
217992
218009
218018
218025
218063
218074
218151
218208
218236
218240
218258
218278
218292
218298
218314
218349
218384
218394
218432
218462
218482
218487
218545
218555
218656
218669
218672
218696
218727
218749
218757
218780
218805
218806
218856
218884
218885
218937
218993
218995
219007
219021
219091
219140
219165
219168
219180
219323
219346
219529
219537
219701
219761
219820
219828
219829
219830
219847
219896
219921
219943
219957
219989
220037
220080
220090
220101
220104
220122
220149
220198
220226
220247
220281
220284
220287
220288
220290
220323
220325
220359
220452
220464
220479
220580
220586
220602
220652
220657
220713
220719
220722
220741
220858
220895
220906
220930
220963
220987
220992
220996
221001
221011
221087
221091
221092
221111
221142
221164
221167
221214
221216
221221
221328
221367
221381
221395
221397
221428
221479
221486
221529
221589
221627
221678
221706
221794
221906
221912
221956
221957
221960
221993
221994
222022
222081
222144
222145
222151
222164
222229
222255
222300
222319
222358
222378
222384
222394
222435
222443
222460
222481
222487
222496
222504
222515
222518
222525
222533
222535
222598
222616
222640
222669
222673
222687
222707
222715
222736
222742
222855
222865
222877
222894
222917
222956
222963
223000
223025
223072
223155
223220
223256
223296
223312
223345
223405
223431
223435
223490
223522
223603
223604
223671
223691
223698
223782
223783
223822
223831
223843
223844
223890
223920
223937
223986
223990
224003
224004
224011
224051
224066
224129
224159
224185
224198
224223
224286
224354
224364
224394
224460
224527
224603
224692
224721
224728
224855
224860
224920
224931
224975
225012
225108
225140
225159
225177
225289
225352
225395
225518
225524
225532
225533
225565
225566
225587
225590
225635
225710
225733
225759
225795
225796
225905
225914
225923
225958
225960
225973
225999
226039
226077
226083
226282
226328
226476
226499
226565
226569
226579
226616
226618
226661
226673
226701
226740
226754
226798
226811
226931
226933
226996
227059
227068
227076
227097
227125
227169
227193
227201
227322
227361
227378
227496
227512
227524
227611
227613
227632
227646
227666
227769
227820
227852
227915
227921
227936
227969
227972
227994
228033
228036
228113
228134
228138
228230
228240
228295
228299
228351
228397
228416
228478
228494
228505
228525
228560
228658
228678
228683
228713
228758
228784
228824
228903
228947
228967
228970
229046
229073
229165
229221
229264
229269
229279
229283
229343
229345
229359
229379
229389
229392
229393
229427
229453
229481
229513
229555
229590
229646
229657
229711
229743
229776
229783
229813
229833
229835
229847
229868
229911
229980
230030
230035
230039
230090
230102
230123
230158
230190
230206
230209
230210
230294
230298
230359
230379
230383
230449
230459
230474
230628
230650
230658
230666
230692
230808
230865
230877
230879
230904
230914
230925
230933
230937
231028
231054
231068
231073
231081
231089
231099
231135
231193
231238
231255
231268
231314
231338
231375
231432
231497
231510
231590
231612
231628
231675
231835
231862
231983
232027
232088
232293
232313
232397
232418
232458
232531
232576
232608
232689
232703
232716
232761
232820
232835
232853
232854
232860
232867
232895
232918
232948
232965
232988
233010
233034
233058
233071
233095
233106
233108
233114
233139
233222
233262
233411
233476
233487
233526
233590
233637
233702
233709
233729
233730
233745
233795
233876
233881
233967
234001
234022
234025
234064
234087
234132
234184
234191
234223
234280
234362
234406
234414
234423
234457
234486
234542
234584
234587
234596
234600
234609
234688
234696
234793
234871
234874
234900
234903
234980
235064
235080
235094
235169
235213
235240
235298
235309
235326
235366
235455
235474
235487
235511
235551
235563
235570
235577
235578
235594
235632
235648
235725
235802
235805
235836
235840
235845
235854
235980
235986
236117
236120
236147
236242
236311
236319
236331
236360
236370
236393
236407
236592
236612
236629
236652
236663
236666
236783
236811
236820
236840
236849
236857
236938
236940
236945
237017
237045
237059
237108
237115
237136
237160
237174
237203
237215
237352
237380
237599
237622
237628
237693
237699
237843
237853
237953
237971
237982
237999
238052
238091
238095
238162
238196
238222
238252
238353
238415
238432
238466
238530
238565
238573
238591
238605
238667
238715
238716
238912
238920
238970
238990
239000
239035
239048
239211
239231
239262
239334
239357
239374
239392
239425
239468
239482
239535
239551
239556
239579
239643
239653
239678
239686
239707
239714
239751
239767
239785
239788
239907
239910
240008
240009
240022
240060
240079
240109
240175
240213
240227
240293
240350
240374
240395
240419
240422
240440
240443
240451
240458
240474
240488
240555
240566
240572
240712
240719
240769
240796
240916
240921
240946
240964
240994
241008
241183
241257
241276
241326
241331
241343
241365
241380
241402
241413
241481
241517
241526
241528
241533
241545
241617
241624
241681
241711
241746
241818
241862
241924
241925
241927
242061
242095
242146
242198
242242
242347
242383
242461
242510
242541
242549
242596
242597
242635
242645
242705
242835
242846
243040
243041
243067
243077
243078
243106
243112
243129
243179
243195
243225
243239
243254
243279
243289
243310
243360
243570
243577
243614
243618
243631
243667
243701
243730
243759
243784
243829
243840
243850
243911
243953
243984
243985
243987
243989
244013
244019
244088
244109
244131
244147
244173
244206
244244
244251
244286
244309
244475
244522
244588
244604
244607
244645
244730
244760
244804
244814
244875
244896
244933
244950
245006
245036
245081
245110
245128
245136
245164
245246
245249
245273
245308
245329
245447
245451
245459
245477
245482
245490
245520
245553
245559
245609
245712
245766
245785
245803
245841
245843
245845
245846
245872
245891
245898
245921
245963
245977
246011
246022
246026
246046
246051
246063
246077
246079
246094
246112
246155
246241
246277
246329
246374
246413
246431
246504
246527
246533
246593
246601
246701
246722
246727
246787
246799
246801
246914
246952
246955
246987
247141
247173
247227
247239
247244
247293
247386
247483
247506
247531
247537
247556
247599
247606
247687
247702
247718
247762
247769
247830
247840
247864
247891
247964
248006
248026
248067
248103
248156
248202
248225
248232
248254
248278
248412
248440
248444
248558
248569
248582
248621
248635
248675
248779
248842
248861
248867
248909
248988
249039
249063
249083
249123
249127
249167
249245
249279
249405
249412
249510
249529
249550
249649
249657
249681
249728
249732
249734
249738
249766
249801
249807
249941
249944
250007
250080
250084
250091
250161
250198
250275
250303
250334
250397
250569
250605
250657
250662
250693
250695
250725
250760
250796
250810
250878
250923
250930
250962
250971
250973
251053
251086
251129
251171
251228
251260
251297
251316
251357
251365
251423
251465
251475
251555
251571
251612
251615
251637
251685
251697
251715
251716
251735
251854
251879
251925
251955
252007
252074
252124
252130
252160
252182
252206
252273
252291
252311
252400
252437
252449
252462
252464
252533
252574
252596
252623
252651
252659
252685
252693
252730
252745
252752
252811
252835
252851
252861
252923
252932
252948
252951
253013
253122
253172
253307
253310
253323
253401
253404
253426
253493
253561
253592
253614
253635
253660
253663
253683
253741
253766
253777
253792
253820
253834
253903
253917
253946
253990
254067
254094
254102
254150
254185
254241
254269
254355
254412
254455
254458
254461
254483
254537
254607
254650
254671
254678
254706
254708
254772
254775
254815
254830
254855
254880
254881
254884
254903
254960
254969
255084
255086
255088
255105
255130
255164
255175
255176
255185
255206
255212
255237
255242
255265
255282
255318
255350
255366
255374
255398
255455
255502
255508
255611
255746
255780
255785
255797
255868
255878
255894
255895
255904
255911
255917
255953
255996
255997
255999
256012
256155
256298
256308
256328
256362
256365
256388
256477
256491
256566
256592
256610
256611
256717
256788
256808
256823
256828
256859
256902
256930
256938
256995
257041
257147
257216
257333
257348
257373
257533
257554
257576
257586
257592
257597
257629
257677
257696
257746
257770
257792
257812
257818
257837
257850
257881
257888
257903
257960
257979
257980
258024
258166
258167
258218
258244
258262
258271
258318
258324
258325
258352
258355
258427
258454
258468
258545
258563
258583
258601
258604
258605
258651
258695
258701
258737
258749
258785
258828
258859
258881
258890
258891
258909
258948
258949
258954
259077
259084
259086
259100
259242
259423
259430
259451
259464
259467
259579
259657
259702
259752
259756
259775
259824
259855
259868
259952
259972
259995
260023
260055
260084
260118
260121
260133
260305
260350
260365
260370
260434
260453
260462
260466
260540
260555
260625
260629
260645
260670
260676
260684
260719
260748
260798
260801
260827
260845
260846
260920
260938
260940
260971
260990
261043
261096
261118
261163
261167
261175
261199
261208
261210
261323
261405
261424
261528
261559
261574
261581
261620
261637
261681
261713
261732
261740
261800
261810
261836
261839
261843
261845
261856
261877
261920
261958
262000
262003
262011
262018
262036
262040
262053
262054
262056
262069
262141
262185
262205
262228
262236
262269
262275
262350
262377
262384
262396
262418
262435
262449
262452
262480
262506
262557
262649
262690
262718
262808
262853
262857
262891
262920
262932
262933
262961
263000
263010
263016
263026
263054
263111
263166
263234
263247
263261
263360
263412
263443
263517
263530
263531
263538
263622
263687
263699
263705
263715
263766
263859
263889
263935
263978
263989
264050
264067
264072
264083
264094
264137
264175
264182
264203
264227
264251
264257
264308
264317
264414
264446
264458
264520
264526
264562
264602
264604
264627
264648
264887
265030
265044
265083
265112
265128
265164
265177
265189
265194
265243
265264
265347
265358
265363
265364
265373
265394
265395
265419
265451
265468
265469
265480
265535
265545
265618
265644
265699
265752
265839
265875
265883
265907
265925
265952
265959
266022
266042
266192
266229
266234
266259
266277
266327
266345
266392
266443
266471
266498
266560
266632
266652
266657
266669
266685
266690
266696
266730
266767
266772
266785
266841
266882
266896
266898
266908
266959
266961
267055
267076
267089
267110
267113
267160
267225
267318
267332
267335
267360
267382
267394
267403
267462
267477
267634
267686
267752
267779
267829
267838
267841
268041
268046
268117
268126
268170
268206
268238
268262
268295
268316
268338
268394
268441
268442
268474
268476
268506
268607
268628
268641
268659
268689
268705
268714
268835
268882
268904
268978
269027
269053
269108
269120
269130
269154
269191
269194
269264
269286
269341
269375
269377
269414
269422
269440
269476
269502
269527
269533
269559
269572
269607
269611
269624
269633
269659
269663
269714
269733
269875
269986
270000
270080
270171
270202
270242
270245
270274
270280
270299
270343
270414
270422
270538
270553
270588
270635
270678
270795
270921
270954
270965
271129
271205
271229
271239
271296
271330
271382
271389
271405
271415
271418
271466
271492
271555
271557
271586
271599
271613
271674
271675
271678
271679
271705
271774
271777
271787
271798
271857
271881
271882
271897
271939
271978
272042
272055
272115
272138
272144
272147
272149
272151
272166
272175
272236
272256
272305
272344
272385
272405
272412
272428
272477
272542
272575
272612
272618
272655
272735
272741
272743
272759
272896
272901
272930
272938
272962
272998
273019
273048
273204
273253
273259
273270
273271
273276
273287
273310
273362
273375
273410
273411
273505
273603
273677
273696
273711
273729
273779
273875
273877
273901
273906
273953
273966
273988
274073
274168
274175
274200
274203
274230
274260
274261
274321
274331
274396
274426
274457
274459
274496
274499
274502
274523
274556
274562
274577
274608
274621
274673
274688
274721
274743
274753
274814
274865
274911
274928
274944
274960
274967
274997
275023
275045
275113
275124
275166
275232
275240
275266
275333
275364
275422
275461
275518
275520
275559
275613
275614
275658
275686
275808
275842
275863
275882
275899
275929
276036
276046
276094
276096
276222
276229
276257
276324
276374
276501
276511
276577
276591
276603
276607
276616
276744
276754
276771
276781
276805
276839
276894
276935
276946
276984
277012
277015
277021
277036
277075
277078
277151
277237
277251
277370
277374
277411
277432
277447
277450
277554
277568
277571
277650
277655
277670
277700
277720
277737
277781
277785
277826
277831
277846
277857
277886
277949
277957
278045
278058
278170
278202
278208
278253
278269
278296
278299
278314
278412
278425
278444
278451
278472
278506
278513
278550
278552
278585
