26
282
303
307
371
458
493
518
572
578
590
621
904
925
967
1077
1109
1128
1219
1285
1592
1603
1678
1731
1901
1970
1979
2032
2115
2129
2172
2211
2251
2495
2838
3021
3222
3254
3296
3414
3459
3694
3701
3786
3865
3876
3899
3915
3954
3999
4167
4168
4169
4245
4328
4392
4946
5009
5137
5315
5431
5454
5619
5644
5651
5658
5670
5713
5799
5803
5820
5864
5921
5980
5989
6035
6361
6375
6433
6436
6455
6500
6513
6545
6597
6718
6753
6797
6854
7079
7129
7193
7196
7255
7292
7326
7360
7411
7434
7497
7620
7648
7824
7935
8011
8026
8051
8093
8194
8218
8321
8366
8440
8467
8557
8648
8750
8830
8921
8967
8971
8986
8988
9050
9065
9158
9500
9514
9753
9758
9762
9799
9918
10024
10148
10163
10193
10242
10252
10281
10306
10334
10384
10436
10583
10613
10624
10766
10846
11027
11045
11081
11107
11145
11162
11346
11361
11518
11716
11738
11828
11888
12038
12041
12049
12072
12138
12290
12476
12606
12614
12633
12670
12694
12751
12762
12814
12880
12989
13009
13016
13030
13099
13173
13189
13204
13216
13464
13516
13520
13523
13622
13643
13687
13765
13811
13816
13846
13868
13915
14100
14190
14383
14510
14652
14930
14953
15001
15333
15403
15440
15478
15613
15615
15722
15798
15839
16028
16162
16276
16314
16319
16521
16543
16559
16564
16637
16670
16689
16835
16881
16886
17120
17242
17389
17860
17913
17954
17977
18175
18604
18697
18742
18857
18871
18920
18928
18938
18945
18999
19138
19218
19294
19303
19326
19551
19592
19631
19890
19893
19897
19914
19997
20049
20059
20079
20210
20281
20390
20395
20629
20763
20765
20766
20800
20809
20851
20858
20958
20960
21027
21269
21320
21367
21392
21418
21423
21567
21597
21642
21678
21703
21762
21809
21837
21872
21888
21905
21915
21928
22004
22204
22221
22359
22610
22669
22685
22825
22832
22927
22946
23124
23182
23211
23223
23276
23368
23480
23583
23587
23590
23639
23653
23677
23688
23743
23750
23764
23796
23808
23893
23994
24110
24132
24169
24191
24195
24205
24299
24330
24469
24481
24817
24823
24852
24868
24904
24925
25121
25237
25336
25514
25637
25668
25864
25866
25986
26102
26103
26168
26184
26220
26267
26420
26584
26856
27049
27053
27105
27142
27231
27362
27484
27520
27718
27860
27900
27937
28073
28119
28132
28144
28159
28170
28308
28310
28317
28327
28340
28398
28528
28654
28689
28750
28777
28924
28967
29167
29277
29306
29331
29464
29465
29470
29479
29522
29929
30016
30154
30194
30385
30451
30477
30626
30645
30661
30752
30773
30895
30901
30928
30965
30967
30990
31032
31337
31464
31523
31676
31694
31734
31737
31746
31754
31845
31893
31974
31992
32003
32103
32113
32249
32333
32426
32436
32512
32526
32642
32677
32724
32785
32861
33030
33042
33053
33131
33189
33216
33220
33246
33304
33457
33636
33644
33731
33768
33781
33789
33827
33893
33953
34178
34205
34219
34304
34351
34386
34438
34461
34544
34605
34637
34745
34795
34861
34975
35105
35325
35386
35390
35395
35403
35426
35439
35449
35482
35599
35602
35611
35614
35639
35679
35728
35895
35937
35979
35989
35997
36009
36016
36030
36099
36206
36224
36238
36276
36369
36373
36457
36728
36759
36816
36876
36889
36945
36961
37184
37302
37437
37505
37651
37653
37684
37694
37716
37732
37807
37827
37831
38030
38295
38300
38307
38322
38376
38387
38404
38489
38632
38678
38699
38704
38738
38745
38799
38892
39002
39028
39124
39249
39257
39351
39424
39703
39716
39752
39808
39942
39953
39998
40026
40202
40230
40257
40301
40351
40438
40448
40600
40748
40779
40783
40788
40846
40854
40901
40996
41027
41062
41170
41309
41362
41396
41400
41492
41579
41608
41650
41656
41823
41827
41868
42053
42251
42287
42507
42606
42619
42649
42677
42712
42733
42749
42788
42789
42796
42800
42839
43073
43104
43149
43181
43444
43466
43737
43834
43862
43865
43893
44073
44225
44252
44302
44309
44318
44332
44384
44427
44478
44479
44500
44600
44612
44633
44748
44842
44847
44890
44913
44914
44990
45172
45266
45278
45336
45404
45488
45579
45616
45789
45806
45860
45877
45919
45960
45964
45969
46078
46572
46613
46872
46888
46945
47032
47041
47066
47145
47169
47206
47357
47363
47432
47440
47452
47474
47498
47584
47629
47673
47681
47760
47810
47870
48118
48188
48214
48298
48345
48351
48361
48783
48865
48898
48958
48995
49106
49189
49276
49422
49455
49462
49482
49514
49531
49638
49664
49835
49880
49896
49951
50071
50085
50116
50122
50148
50225
50226
50305
50318
50340
50431
50484
50504
50506
50586
50635
50661
50788
50802
50805
50901
50959
50998
51211
51233
51283
51320
51364
51373
51395
51415
51476
51679
51722
51749
51815
51850
52117
52188
52189
52198
52209
52246
52251
52370
52417
52423
52432
52736
52808
52841
52856
52909
52968
52979
53038
53182
53301
53302
53593
53793
53795
53825
53934
53941
53988
54048
54051
54064
54108
54178
54205
54217
54218
54244
54271
54287
54328
54343
54420
54453
54467
54574
54600
54695
54761
54812
54870
54982
55018
55045
55219
55224
55234
55316
55457
55466
55493
55599
55661
55709
55726
55809
55844
55943
55970
56126
56138
56160
56185
56205
56298
56458
56573
56652
56675
56750
56786
56811
56901
56904
56931
57045
57057
57064
57144
57145
57197
57226
57256
57424
57425
57462
57510
57625
57634
57654
57794
57851
57875
57926
57938
57979
58087
58096
58154
58236
58245
58254
58272
58281
58340
58341
58347
58356
58366
58395
58494
58509
58578
58654
58670
58767
58863
58943
58992
59017
59205
59307
59440
59477
59517
59537
59569
59628
59653
59842
59858
59894
59952
59955
59985
60006
60008
60040
60041
60045
60183
60233
60264
60369
60450
60550
60577
60595
60622
60636
60648
60700
60723
60790
60827
60845
60852
60994
61030
61073
61132
61141
61252
61302
61344
61431
61449
61464
61500
61569
61658
61694
61847
61906
61914
61994
62047
62141
62329
62368
62388
62411
62419
62483
62493
62542
62556
62574
62645
62696
62756
62762
62935
62940
63111
63162
63218
63219
63233
63428
63465
63551
63563
63618
63640
63750
63858
63860
63991
64032
64094
64131
64158
64171
64218
64226
64269
64351
64474
64542
64549
64594
64616
64799
64819
64913
64979
64983
64994
65098
65169
65248
65278
65304
65352
65617
65730
65748
65835
65895
65899
65984
66014
66198
66249
66408
66618
66671
66744
66869
67022
67126
67159
67242
67284
67375
67408
67418
67464
67521
67535
67646
67732
67791
67797
67812
67903
67920
67991
68050
68066
68177
68229
68244
68331
68360
68367
68398
68634
68793
68824
68936
68940
69038
69140
69227
69259
69261
69336
69337
69391
69469
69541
69569
69601
69609
69667
69880
69889
69935
70138
70177
70196
70226
70238
70356
70421
70525
70575
70583
70611
70667
70728
70740
70761
70830
70831
70947
70960
70983
71205
71253
71283
71307
71372
71472
71782
71954
72133
72148
72185
72271
72348
72413
72446
72460
72600
72615
72625
72641
72653
72696
72854
72872
72963
72972
73027
73063
73173
73175
73192
73235
73267
73403
73448
73602
73603
73716
73730
73852
73877
73896
73949
73991
74129
74145
74150
74157
74311
74356
74515
74546
74547
74566
74617
74687
74836
74885
74945
74982
75005
75011
75031
75079
75097
75221
75317
75383
75439
75486
75515
75517
75591
75598
75612
75648
75652
75699
75726
75730
75852
75948
75982
76007
76191
76327
76381
76424
76560
76635
77094
77100
77278
77297
77398
77452
77649
77650
77686
77692
77721
77799
77951
77979
77996
78015
78068
78225
78235
78241
78335
78419
78428
78441
78474
78476
78519
78521
78528
78560
78621
78622
78960
79049
79100
79117
79294
79399
79406
79408
79424
79510
79540
79580
79600
79717
79761
79851
79901
79985
80045
80053
80071
80091
80149
80259
80372
80411
80444
80448
80637
80690
80732
80778
80786
80834
80944
81008
81220
81244
81303
81342
81485
81496
81503
81538
81542
81610
81638
81860
81914
81957
81987
82004
82059
82281
82308
82324
82361
82493
82519
82527
82538
82577
82590
82602
82695
82858
82883
82902
82913
82932
82960
82963
82972
83051
83073
83083
83195
83208
83223
83228
83298
83326
83351
83389
83416
83437
83443
83467
83618
83688
83778
84176
84196
84307
84332
84387
84421
84464
84619
84643
84781
84813
84839
84841
84954
84966
84980
84991
85123
85268
85326
85351
85381
85391
85441
85486
85606
85635
85789
86003
86043
86061
86112
86165
86246
86347
86401
86411
86438
86469
86564
86667
86776
86972
86992
87144
87182
87192
87213
87220
87244
87358
87429
87544
87583
87595
87662
87690
87724
87882
87920
87961
88227
88415
88424
88447
88513
88568
88727
88960
89089
89189
89259
89395
89420
89454
89480
89514
89550
89596
89675
89733
89833
89901
89905
90074
90160
90271
90350
90448
90584
90659
90711
90746
90783
90824
90828
90834
90863
91120
91171
91179
91240
91308
91433
91447
91515
91542
91671
91755
91815
91828
91966
92187
92188
92319
92347
92352
92367
92405
92513
92576
92642
92807
92901
93031
93253
93268
93340
93388
93395
93473
93842
93947
94007
94026
94038
94076
94147
94162
94269
94436
94443
94454
94462
94470
94596
94621
94734
94755
94872
94925
95021
95098
95135
95151
95251
95254
95334
95371
95420
95430
95452
95467
95471
95503
95517
95521
95605
95635
95655
95721
95837
95888
95898
95903
95927
95955
96094
96152
96348
96374
96410
96427
96598
96644
96698
96735
96945
96992
97034
97146
97201
97374
97576
97653
97659
97666
97682
97717
97803
97886
97896
97991
98007
98084
98187
98201
98221
98243
98258
98262
98299
98324
98366
98483
98532
98638
98673
98682
98717
98758
98781
98844
98890
98933
98959
98996
99048
99064
99068
99078
99081
99085
99101
99206
99247
99394
99511
99564
99614
99620
99655
99707
99785
99833
99884
99974
100036
100111
100349
100358
100399
100446
100597
100607
100664
100677
100795
100816
100973
101134
101141
101326
101328
101340
101341
101582
101602
101609
101617
101677
101697
101739
101760
102000
102075
102091
102097
102238
102245
102378
102425
102442
102443
102493
102557
102610
102615
102707
102783
102810
102824
102902
103008
103059
103071
103072
103089
103126
103322
103367
103562
103599
103647
103677
103699
103732
103781
103792
103829
103929
104028
104167
104237
104283
104291
104298
104321
104344
104345
104360
104387
104414
104547
104716
104727
104764
104768
104772
104782
104787
104805
104823
104949
105032
105193
105200
105225
105253
105255
105318
105370
105476
105511
105638
105673
105748
105851
105971
105993
106343
106346
106367
106374
106536
106585
106650
106784
106806
106969
106971
106988
107106
107130
107168
107173
107198
107210
107296
107313
107351
107384
107398
107439
107490
107637
107701
107802
107970
108109
108121
108149
108338
108622
108635
108642
108666
108677
108774
108861
108901
108927
108959
108979
109007
109173
109206
109515
109524
109676
109708
109954
109984
110102
110148
110171
110399
110447
110543
110671
110745
110790
110852
110941
111123
111156
111262
111287
111454
111494
111678
111721
111784
111844
111885
111903
111949
112263
112277
112288
112295
112407
112448
112679
112773
112825
112837
112949
113064
113070
113131
113184
113235
113263
113310
113377
113577
113618
113687
113698
113714
113740
113870
113939
113997
114027
114133
114146
114184
114194
114221
114232
114342
114381
114395
114424
114469
114497
114508
114603
114711
114713
114736
114744
114808
114887
115030
115058
115078
115088
115209
115226
115299
115415
115504
115508
115563
115573
115662
115704
115722
115790
115834
115856
115948
116078
116090
116121
116123
116130
116150
116182
116195
116369
116401
116514
116604
116635
116649
116684
116696
116706
116780
116876
116943
117034
117069
117103
117310
117327
117337
117347
117356
117386
117525
117582
117666
117670
117697
117705
117778
117785
117998
118176
118223
118477
118498
118687
118882
118894
118927
118986
119070
119090
119189
119201
119304
119329
119344
119371
119375
119397
119435
119485
119540
119543
119552
119663
119671
119737
119766
119910
119949
119995
120048
120068
120228
120316
120335
120343
120429
120446
120458
120466
120468
120489
120576
120624
120765
120840
120870
120914
120950
120968
120977
120985
121149
121161
121219
121220
121234
121264
121316
121431
121466
121478
121517
121568
121580
121605
121717
121816
121821
121823
121864
121923
121980
122061
122123
122147
122154
122238
122239
122249
122263
122401
122421
122579
122581
122637
122739
122777
122802
122828
122830
122898
123032
123034
123092
123096
123131
123166
123167
123310
123335
123375
123527
123705
123725
123954
123962
123993
123994
124017
124025
124090
124386
124399
124413
124477
124513
124576
124676
124823
124863
124876
124930
125001
125132
125146
125235
125269
125281
125283
125453
125458
125459
125540
125563
125634
125752
125840
125910
125978
126010
126254
126381
126382
126443
126453
126644
126666
126710
126815
126859
126912
126928
127025
127037
127060
127126
127144
127217
127342
127437
127449
127450
127495
127514
127579
127595
127606
127651
127663
127719
127761
127900
128026
128048
128067
128073
128074
128114
128122
128181
128274
128337
128340
128366
128445
128462
128473
128478
128520
128539
128572
128586
128632
128719
128726
128780
128799
128821
128849
128974
128995
128998
129080
129179
129202
129311
129362
129498
129614
129641
129714
129759
129825
129882
129905
129952
129958
129989
130052
130059
130142
130220
130365
130444
130457
130749
130823
130837
130838
130917
130932
131006
131106
131147
131159
131165
131216
131414
131466
131700
131704
131706
131790
132012
132021
132098
132136
132149
132178
132220
132236
132354
132390
132442
132504
132628
132745
132764
132776
132833
132857
132926
133143
133178
133179
133318
133354
133364
133593
134107
134156
134168
134197
134211
134216
134240
134294
134299
134313
134323
134483
134507
134515
134516
134771
134876
135002
135029
135170
135196
135199
135269
135315
135329
135346
135385
135405
135426
135434
135435
135462
135561
135577
135615
135665
135684
135771
135818
135838
135942
136000
136011
136012
136083
136101
136157
136172
136180
136332
136359
136538
136669
136685
136748
136776
136778
136798
137048
137067
137105
137134
137174
137176
137365
137463
137506
137531
137618
137678
137712
137724
137728
137768
137820
137908
138022
138040
138069
138102
138115
138248
138274
138316
138318
138341
138351
138388
138405
138406
138481
138488
138521
138531
138619
138694
138750
138837
138931
138980
139040
139055
139089
139233
139250
139366
139527
139533
139561
139599
139606
139653
139688
139689
139703
139727
139762
139845
139867
139941
139984
140098
140149
140206
140257
140383
140528
140621
140630
140845
140959
141199
141213
141218
141273
141315
141390
141600
141646
141799
141803
141918
141960
142051
142107
142114
142138
142167
142187
142270
142293
142380
142420
142489
142501
142531
142599
142812
142865
142986
143108
143155
143337
143364
143514
143611
143641
143657
143678
143689
143800
143901
143928
144052
144079
144112
144166
144262
144360
144500
144540
144635
144649
144716
144795
144804
145081
145116
145139
145167
145321
145330
145391
145440
145471
145541
145549
145630
145669
145798
145874
145888
145954
145955
145984
146020
146111
146124
146130
146142
146171
146226
146227
146254
146264
146287
146309
146318
146376
146408
146431
146466
146487
146507
146634
146767
146987
147019
147051
147142
147194
147216
147260
147346
147427
147446
147455
147477
147582
147660
147797
147837
147869
147942
148043
148059
148220
148432
148778
148888
148890
148926
148978
149070
149110
149114
149120
149146
149178
149331
149373
149380
149391
149409
149441
149451
149458
149475
149505
149572
149605
149609
149654
149861
149968
149997
150055
150143
150287
150293
150333
150341
150417
150487
150519
150586
150599
150941
150964
150994
151134
151162
151195
151220
151390
151433
151532
151545
151742
151852
151875
151912
151937
152112
152156
152207
152247
152262
152428
152445
152467
152476
152510
152519
152569
152591
152601
152814
152851
152865
152902
152953
152987
153074
153078
153159
153197
153308
153327
153583
153623
153651
153661
153733
153750
153766
153896
153943
153980
154067
154104
154148
154217
154277
154295
154452
154483
154656
154760
154762
154770
154778
154824
154895
154933
154941
154949
154951
154954
155011
155019
155125
155141
155144
155407
155433
155446
155450
155536
155622
155678
155699
155701
155755
155788
155961
156025
156046
156048
156191
156196
156314
156340
156427
156433
156586
156746
156759
156822
156851
156863
156906
156924
157096
157125
157290
157291
157366
157521
157545
157569
157761
157812
157840
157911
157925
157980
157981
158062
158109
158228
158291
158473
158486
158501
158523
158530
158602
158645
158705
158714
158781
158782
158830
158832
158884
158885
159003
159073
159197
159209
159295
159366
159415
159516
159520
159539
159545
159628
159668
159679
159684
159835
159986
160049
160122
160133
160157
160307
160407
160424
160438
160496
160703
160816
160826
160860
160993
160998
161000
161093
161139
161256
161329
161344
161385
161410
161429
161458
161478
161495
161540
161648
161766
161784
161888
162066
162087
162157
162260
162300
162383
162562
162565
162616
162620
162646
162682
162709
162721
162831
162836
162913
162957
163039
163094
163172
163174
163234
163424
163442
163443
163511
163633
163641
163647
163811
163984
164013
164087
164117
164187
164198
164304
164417
164423
164425
164428
164430
164455
164524
164604
164627
164689
164748
164777
164788
164800
164843
164872
164879
164974
165056
165060
165174
165182
165225
165234
165271
165317
165343
165381
165412
165448
165482
165510
165737
165754
165782
165787
165858
165920
165960
166010
166094
166115
166191
166201
166204
166211
166246
166264
166288
166322
166326
166407
166409
166417
166438
166616
166658
166731
166833
166836
166861
166895
167000
167043
167049
167081
167126
167142
167180
167185
167225
167481
167497
167520
167522
167530
167557
167887
167955
168066
168161
168162
168194
168195
168341
168485
168500
168564
168587
168598
168607
168659
168755
168758
168773
168815
168848
168850
168932
168988
169019
169039
169062
169167
169205
169242
169272
169274
169283
169309
169351
169420
169538
169562
169646
169776
169780
169836
169872
169990
170120
170168
170265
170289
170360
170420
170448
170472
170552
170576
170601
170636
170644
170710
170934
171069
171104
171177
171316
171329
171420
171446
171574
171648
171682
171707
171752
171766
171773
171872
171939
172010
172034
172173
172227
172230
172379
172636
172705
172772
172900
172937
172938
173039
173090
173102
173134
173151
173267
173269
173400
173443
173458
173465
173503
173535
173670
173778
173786
173821
173852
173912
173987
174024
174086
174137
174161
174315
174338
174345
174354
174515
174516
174617
174755
174779
174900
174992
175067
175105
175108
175226
175306
175355
175359
175408
175492
175520
175585
175683
175728
175762
175777
175853
175911
175922
176009
176023
176064
176266
176557
176564
176592
176758
176846
176854
176924
176992
176997
177016
177085
177152
177268
177283
177316
177378
177391
177495
177516
177566
177612
177778
177791
177871
178069
178129
178166
178206
178211
178230
178232
178564
178571
178607
178689
178709
178720
178766
178821
178833
178887
178948
179018
179036
179094
179106
179114
179153
179154
179187
179220
179284
179366
179437
179440
179643
179652
179670
179701
179703
179766
179851
179900
179902
179957
180037
180107
180168
180243
180326
180414
180451
180473
180474
180583
180600
180606
180655
180657
180717
180805
180961
180989
181035
181064
181066
181195
181205
181299
181349
181356
181405
181466
181492
181523
181526
181562
181636
181660
181686
181697
181704
181832
181853
181978
181984
182037
182065
182166
182199
182221
182290
182343
182400
182404
182431
182453
182551
182560
182562
182758
182946
182961
183101
183145
183175
183421
183590
183619
183682
183772
183903
183914
183946
183978
184004
184088
184174
184190
184261
184273
184336
184340
184413
184447
184617
184636
184651
184671
184930
184994
185029
185039
185059
185109
185120
185200
185299
185328
185421
185474
185497
185725
185748
185750
185783
185816
185932
185952
185958
185962
186012
186039
186134
186140
186148
186180
186192
186210
186290
186330
186340
186427
186462
186520
186526
186630
186697
186898
186903
186915
186999
187056
187094
187124
187142
187155
187156
187185
187214
187294
187324
187404
187527
187536
187707
187767
187784
187880
187919
187933
188097
188107
188132
188239
188357
188358
188382
188391
188410
188483
188523
188524
188590
188600
188631
188804
188941
188947
188968
189038
189064
189074
189090
189143
189251
189262
189478
189482
189513
189544
189615
189689
189693
189735
189737
189769
189881
189965
190085
190315
190361
190396
190454
190508
190618
190645
190702
190799
190801
190851
190853
190903
190950
190971
191054
191301
191325
191343
191443
191449
191491
191571
191719
191782
191787
191871
191897
191898
191957
191959
192024
192058
192135
192139
192152
192197
192243
192272
192274
192390
192420
192469
192483
192547
192563
192571
192661
192686
192721
192807
192820
192884
192926
192944
192955
192991
192996
193036
193057
193096
193109
193127
193138
193199
193207
193235
193284
193335
193389
193499
193512
193524
193600
193797
193825
193852
193881
193924
193942
194113
194178
194319
194325
194350
194428
194456
194465
194503
194965
195076
195083
195115
195140
195185
195277
195296
195374
195508
195541
195660
195667
195817
195820
195872
195908
195983
196020
196034
196046
196048
196084
196100
196139
196245
196305
196323
196327
196408
196409
196480
196528
196543
196560
196570
196577
196592
196624
196634
196678
196682
196696
196727
196806
196808
196829
196837
196838
196850
196953
196963
196965
196968
196973
196982
196987
197010
197039
197059
197281
197282
197326
197331
197395
197425
197436
197448
197453
197495
197524
197626
197661
197701
197740
197748
197757
197773
197826
197838
197864
197897
197948
198051
198077
198081
198091
198168
198199
198224
198229
198244
198251
198278
198298
198344
198356
198426
198483
198565
198648
198755
198843
198845
198893
198904
198944
199004
199029
199082
199272
199301
199373
199380
199402
199458
199472
199481
199504
199528
199590
199651
199675
199693
199800
199828
199850
199859
199892
200093
200281
200295
200432
200470
200514
200534
200535
200573
200605
200704
200758
200815
200945
200965
200967
200969
201076
201086
201101
201162
201263
201304
201327
201408
201515
201522
201652
201801
201859
201920
201950
202000
202044
202060
202149
202254
202505
202515
202543
202669
202694
202756
202831
202861
202877
202968
202983
203046
203109
203126
203157
203173
203181
203269
203276
203360
203385
203512
203564
203646
203647
203795
203987
204057
204174
204187
204204
204208
204285
204314
204472
204519
204604
204612
204634
204661
204709
204756
205121
205149
205185
205352
205379
205466
205503
205590
205711
205871
205872
205927
206062
206095
206134
206136
206140
206184
206195
206206
206209
206221
206311
206450
206519
206546
206622
206651
206750
206756
206768
206788
206824
206880
206987
206992
207002
207116
207134
207154
207155
207195
207299
207332
207340
207535
207632
207738
207794
207812
207825
207887
207905
207952
207991
207997
208090
208101
208113
208123
208126
208205
208237
208242
208344
208514
208522
208722
208776
208799
208857
208866
208939
209015
209134
209136
209271
209431
209436
209537
209607
209618
209652
209733
209758
209760
209854
210002
210018
210032
210079
210086
210189
210226
210256
210301
210353
210385
210443
210562
210609
210610
210661
210664
210665
210857
210934
210962
211013
211024
211071
211135
211159
211180
211343
211513
211654
211739
211779
211802
211814
212003
212027
212171
212198
212234
212293
212312
212318
212356
212379
212381
212419
212464
212529
212622
212623
212663
212669
212701
212754
212768
212812
212877
212917
213015
213076
213133
213137
213189
213227
213260
213359
213494
213512
213522
213575
213632
213634
213643
213717
213732
213734
213749
213782
213788
213847
213909
214092
214101
214126
214199
214246
214252
214279
214398
214752
214756
214896
214998
215004
215016
215026
215108
215177
215228
215248
215339
215386
215410
215422
215460
215506
215607
215662
215665
215689
215693
215745
215747
215749
215761
215846
215994
216049
216070
216091
216104
216166
216355
216462
216482
216548
216574
216615
216687
216710
216824
216874
216891
216914
217013
217121
217248
217266
217305
217452
217479
217559
217636
217646
217674
217706
217771
217794
217799
217805
217828
217880
217891
217904
217908
217933
217954
217976
217991
218079
218095
218165
218219
218225
218310
218315
218319
218345
218385
218424
218556
218589
218629
218634
218932
218941
218970
219035
219043
219114
219115
219158
219178
219231
219237
219278
219310
219333
219345
219462
219471
219524
219538
219627
219812
219867
219909
219920
219937
219958
220019
220131
220132
220185
220212
220216
220218
220225
220232
220338
220391
220430
220432
220438
220483
220548
220683
220700
220779
220807
220823
220917
220990
221004
221075
221201
221223
221262
221293
221305
221349
221396
221417
221433
221487
221548
221563
221635
221641
221697
221800
221828
221845
221874
222048
222093
222133
222174
222214
222218
222222
222299
222313
222326
222337
222361
222417
222419
222421
222517
222594
222624
222649
222651
222744
222810
222961
222970
223041
223171
223214
223243
223331
223401
223506
223558
223609
223714
223780
223820
223825
223926
224031
224069
224087
224175
224203
224210
224268
224399
224451
224461
224498
224608
224629
224632
224635
224669
224671
224684
224738
224788
224848
224854
224934
224961
224982
224993
225006
225013
225029
225031
225107
225142
225216
225248
225250
225275
225310
225319
225348
225572
225596
225675
225715
225722
225765
225813
225987
225995
226017
226053
226136
226168
226193
226310
226339
226483
226504
226533
226539
226645
226672
226703
226722
226745
226823
226964
227032
227037
227069
227096
227161
227268
227405
227406
227445
227478
227504
227560
227566
227592
227609
227617
227625
227688
227768
227888
227957
227971
227988
228012
228096
228100
228102
228158
228202
228431
228444
228568
228597
228642
228666
228687
228708
228765
228811
228905
229031
229057
229062
229063
229111
229136
229215
229243
229260
229367
229492
229589
229624
229724
229808
229846
229849
229968
230076
230108
230109
230349
230355
230365
230411
230434
230456
230522
230557
230625
230642
230722
230906
230941
231004
231043
231067
231098
231200
231211
231373
231566
231581
231662
231852
231855
231920
232002
232049
232082
232160
232173
232217
232346
232489
232525
232559
232560
232587
232694
232728
232792
232821
232840
232844
232879
232919
232980
233158
233274
233284
233306
233390
233400
233544
233565
233567
233630
233634
233642
233781
233880
233884
234149
234311
234331
234350
234431
234439
234531
234546
234620
234708
234863
235239
235262
235265
235267
235276
235294
235317
235377
235396
235405
235450
235463
235477
235524
235712
235713
235756
235792
235826
235862
235864
235875
235882
235929
235936
236018
236112
236114
236140
236162
236189
236190
236248
236329
236366
236373
236421
236464
236480
236485
236587
236659
236698
236704
236709
236714
236773
236786
236828
236893
237025
237063
237367
237411
237454
237471
237569
237613
237643
237739
237796
237836
237980
238001
238014
238072
238123
238158
238261
238263
238416
238520
238601
238606
238626
238655
238685
238731
238869
238931
238950
239008
239041
239119
239222
239315
239492
239508
239572
239600
239607
239670
239743
239878
239900
239911
239935
239973
240033
240065
240066
240067
240080
240188
240200
240238
240255
240304
240342
240344
240376
240403
240412
240425
240497
240512
240517
240549
240606
240696
240750
240855
240903
240933
241032
241158
241318
241344
241406
241498
241522
241742
241759
241785
242022
242023
242052
242091
242098
242100
242116
242182
242197
242199
242268
242334
242335
242363
242405
242425
242675
242814
242871
242985
243018
243101
243136
243174
243182
243216
243283
243298
243329
243359
243442
243456
243521
243615
243648
243718
243837
243867
243879
243930
243934
243962
244024
244031
244083
244093
244122
244145
244171
244202
244252
244298
244354
244358
244380
244382
244440
244482
244489
244524
244729
244792
244879
244935
244948
244954
244962
245004
245026
245027
245082
245122
245130
245134
245151
245162
245217
245263
245290
245345
245384
245539
245692
245795
245888
245899
245956
245958
246024
246058
246064
246126
246171
246180
246243
246326
246365
246461
246463
246473
246519
246707
246738
246757
246761
246869
246902
246988
247015
247052
247421
247438
247486
247512
247522
247551
247552
247680
247697
247727
247748
247838
247885
247955
247960
248128
248144
248273
248346
248419
248528
248565
248726
248732
248786
248803
248810
248825
248857
248866
248877
249008
249068
249113
249157
249160
249199
249296
249317
249326
249401
249517
249569
249585
249646
249702
249723
249729
249759
249761
249787
249884
249897
249958
250082
250171
250178
250394
250414
250434
250446
250462
250482
250513
250536
250562
250609
250850
250852
250964
251019
251043
251059
251161
251240
251291
251299
251479
251534
251813
251852
251945
252001
252145
252152
252195
252253
252345
252370
252380
252415
252482
252517
252575
252577
252591
252595
252622
252732
252802
252813
252836
252857
252900
253026
253101
253104
253119
253165
253188
253324
253357
253391
253408
253452
253520
253570
253754
253801
253812
253824
253931
253968
254006
254093
254115
254176
254305
254447
254495
254569
254647
254707
254719
254782
254814
254878
254886
254923
255047
255063
255078
255113
255183
255222
255376
255458
255501
255517
255521
255586
255636
255682
255810
255857
255883
255898
256038
256063
256066
256121
256133
256168
256169
256287
256289
256299
256314
256337
256384
256444
256525
256564
256567
256568
256608
256617
256701
256706
256776
256807
256845
256847
256886
256898
256907
256923
256950
256988
257268
257346
257407
257464
257466
257480
257540
257546
257565
257695
257768
257805
257848
257857
257874
257948
258014
258095
258242
258284
258333
258343
258620
258661
258664
258671
258764
258798
258840
258850
258900
258982
258986
259015
259070
259107
259113
259195
259241
259246
259301
259329
259371
259403
259437
259463
259511
259516
259720
259734
259871
259875
259887
259913
259961
259964
260064
260117
260170
260177
260224
260324
260420
260487
260500
260552
260561
260630
260637
260641
260650
260666
260687
260696
260698
260729
260765
260767
260930
260937
260954
260980
260986
260997
261042
261125
261129
261173
261186
261204
261252
261326
261384
261444
261573
261592
261644
261700
261706
261715
261748
261859
261930
262062
262237
262240
262252
262256
262314
262394
262450
262503
262648
262719
262752
262761
262779
262839
262879
262892
262928
262953
262999
263001
263011
263025
263041
263058
263090
263092
263094
263105
263159
263193
263241
263250
263351
263449
263451
263459
263461
263529
263536
263537
263618
263619
263729
263785
263811
263818
263825
263847
263856
263883
263898
263923
263950
263958
264039
264056
264089
264097
264119
264143
264178
264181
264214
264254
264258
264300
264303
264349
264380
264426
264440
264481
264503
264565
264581
264594
264622
264638
264778
264825
264832
264839
264984
265032
265196
265208
265258
265417
265473
265534
265552
265572
265586
265611
265623
265643
265682
265722
265770
265784
265811
265816
265841
265844
265867
265871
265906
265989
266020
266102
266198
266223
266235
266260
266360
266385
266473
266475
266508
266539
266563
266599
266644
266679
266707
266715
266747
266780
266795
266871
266876
266978
266994
267000
267005
267017
267036
267041
267072
267103
267105
267129
267135
267147
267165
267238
267244
267347
267483
267495
267496
267579
267627
267722
267804
267815
267867
267881
267892
267960
268037
268184
268199
268266
268358
268395
268398
268477
268529
268558
268655
268658
268734
268926
268983
269024
269159
269217
269234
269323
269365
269404
269413
269421
269491
269503
269604
269650
269688
269753
269766
269813
269926
270045
270058
270064
270145
270150
270188
270207
270268
270347
270352
270367
270384
270386
270423
270429
270455
270497
270531
270605
270641
270653
270657
270726
270816
270854
270875
271004
271063
271072
271101
271120
271141
271198
271228
271259
271366
271429
271444
271496
271498
271523
271549
271556
271719
271739
271789
271805
271846
271852
271912
271944
272016
272026
272080
272081
272104
272165
272243
272249
272257
272287
272295
272384
272391
272454
272467
272571
272580
272624
272697
272714
272717
272761
272855
272931
272936
272970
273164
273176
273294
273418
273532
273588
273590
273701
273705
273745
273754
273809
273870
273888
273958
274039
274106
274218
274251
274286
274309
274375
274460
274524
274549
274553
274600
274650
274679
274692
274710
274725
274810
274817
274845
274876
274882
274962
275030
275055
275136
275155
275161
275165
275235
275255
275318
275376
275377
275402
275417
275443
275499
275689
275795
275855
275876
275892
276000
276010
276071
276073
276120
276147
276153
276163
276309
276407
276483
276538
276594
276596
276609
276726
276797
276818
276876
276962
276988
277007
277045
277054
277112
277142
277154
277481
277513
277565
277598
277731
277761
277767
277786
277859
277914
277921
277948
277954
277963
277968
278062
278098
278160
278220
278252
278257
278272
278275
278363
278461
278470
278471
278484
278490
278526
278572
278577
278618
278650
