70
106
113
118
129
174
323
362
560
611
718
793
795
931
939
1022
1060
1110
1184
1249
1624
1684
1689
1938
1983
2006
2040
2043
2157
2181
2184
2381
2449
2624
2688
2731
2735
2791
2890
3027
3028
3080
3094
3215
3286
3658
3673
3798
3862
4019
4031
4181
4183
4195
4229
4231
4243
4246
4247
4289
4361
4459
4523
4573
4680
4691
4713
5201
5498
5558
5757
5841
5871
5879
5926
5990
6049
6051
6107
6148
6165
6252
6465
6603
6673
6700
6830
6976
6999
7137
7230
7262
7348
7366
7422
7612
7630
7654
7707
7727
7802
7881
7922
7950
8005
8016
8052
8239
8347
8421
8516
8547
8639
8748
8790
8792
8825
8863
8919
8923
9100
9325
9645
9870
9957
9978
9996
10079
10171
10330
10448
10450
10601
10615
10700
10808
10877
10902
10929
11029
11082
11124
11379
11425
11483
11491
11616
11665
11886
12066
12070
12283
12400
12416
12445
12465
12469
12491
12537
12635
12647
12678
12760
12761
12777
12820
12826
12887
12978
13073
13166
13279
13564
13929
14291
14345
14366
14410
14430
14483
14564
14671
14742
14784
14960
15048
15067
15124
15138
15143
15256
15599
15653
15680
15728
15774
16104
16161
16327
16339
16441
16451
16578
16646
16688
16745
16873
16894
17181
17314
17386
17496
17590
17600
17655
17712
17872
17877
17946
17978
18084
18142
18329
18712
18717
18722
18731
19031
19037
19040
19258
19308
19313
19492
19912
19913
20619
20669
20670
20764
20862
20884
20898
20903
20962
21113
21260
21405
21442
21510
21685
21731
21740
21757
21811
21855
21944
21971
21980
22175
22354
22467
22586
22684
22688
22862
23072
23139
23146
23159
23369
23474
23484
23488
23658
23791
23920
24103
24235
24258
24500
24561
24697
24726
24733
24799
24828
24866
25087
25149
25358
25518
25523
25590
25679
25694
25706
26159
26161
26188
26259
26261
26297
26330
26522
26743
26747
26829
27066
27166
27240
27287
27366
27590
27689
27693
27751
28124
28143
28195
28303
28305
28422
28452
28486
28550
28573
28623
28627
28741
28758
28793
29096
29203
29239
29288
29588
29612
29673
29797
29971
30019
30221
30248
30372
30390
30759
30851
30937
30939
30944
30948
30962
30994
31003
31019
31197
31259
31301
31451
31468
31499
31510
31659
31661
31662
31690
31730
31742
31752
31784
32049
32051
32144
32462
32614
32625
32645
32715
32770
32838
32855
32904
32917
33015
33137
33283
33307
33333
33520
33661
33663
33801
33821
33838
34108
34115
34231
34254
34387
34392
34454
34613
34752
34756
34949
34960
35047
35412
35461
35502
35582
35685
35732
35857
35963
36078
36283
36359
36438
36556
36611
36672
37149
37270
37416
37440
37543
37572
37579
37598
37710
37762
37781
37835
37838
37894
37908
38004
38171
38367
38385
38403
38406
38410
38563
38565
38571
38647
38683
38823
38860
38911
38917
38953
38969
39447
39456
39501
39509
39835
39949
39987
40141
40181
40379
40598
40599
40630
40713
40777
40829
40899
40969
40970
41092
41202
41249
41255
41320
41427
41485
41605
41610
41629
41794
41799
41896
41974
42060
42061
42068
42359
42430
42460
42603
42700
42767
42825
43004
43080
43118
43160
43165
43257
43259
43306
43334
43342
43502
43569
43576
43580
43658
43700
43774
43789
43873
43918
43964
44042
44083
44136
44328
44354
44424
44474
44524
44613
44696
44775
44888
44963
44975
44978
45026
45034
45125
45167
45185
45255
45274
45285
45352
45414
45446
45460
45482
45550
45620
45627
45678
45725
45954
46036
46130
46223
46365
46452
46597
46603
46717
46930
47093
47159
47174
47443
47713
47789
47806
47876
47923
47980
48044
48047
48083
48336
48468
48557
48609
48684
48822
48980
48992
49194
49451
49505
49668
49713
49762
49784
49883
49990
50075
50288
50399
50423
50629
50634
50680
51054
51057
51134
51139
51260
51399
51462
51471
51531
51583
51684
51735
51748
51776
51788
51830
51858
51883
51914
52039
52052
52070
52076
52094
52192
52194
52205
52253
52568
52575
52831
53136
53169
53324
53377
53384
53401
53647
53729
53815
54013
54111
54113
54270
54300
54329
54392
54421
54463
54655
54678
54688
54723
54899
54921
54963
54997
55024
55057
55093
55097
55243
55295
55329
55365
55430
55441
55592
55838
56046
56047
56088
56280
56337
56416
56423
56455
56560
56595
56628
56637
56751
56752
56883
57024
57092
57111
57149
57178
57237
57374
57484
57503
57532
57555
57606
57608
57615
57638
57680
57694
57734
57743
57747
57811
57936
57958
58000
58017
58023
58110
58129
58253
58426
58446
58459
58520
58662
58712
58903
59014
59187
59203
59298
59315
59499
59534
59769
59786
59827
60181
60463
60488
60607
60709
60727
60732
60825
60905
60939
61230
61419
61641
61669
61828
61996
62159
62204
62317
62360
62362
62390
62478
62694
62738
62768
63008
63042
63166
63167
63558
63593
63937
64011
64175
64281
64311
64584
64692
64939
65160
65220
65268
65465
65576
65578
65706
65709
65801
65845
65986
66002
66311
66333
66468
66597
66848
66928
66960
67018
67060
67140
67167
67288
67321
67354
67372
67461
67482
67502
67506
67527
67536
67649
67758
67901
68030
68047
68073
68076
68215
68257
68470
68584
68742
68771
68967
68987
69020
69096
69342
69588
69858
69955
70004
70181
70236
70243
70274
70440
70476
70523
70541
70639
70673
70757
70789
70868
70952
70965
71179
71369
71393
71406
71448
71544
71566
71714
71738
71903
71953
72012
72016
72116
72154
72186
72308
72316
72429
72487
72552
72614
72639
72688
72763
72764
73069
73073
73225
73236
73327
73347
73546
73692
73846
73862
73919
74092
74197
74308
74413
74545
74671
74678
75491
75576
75636
75752
75843
75901
75912
75913
76055
76562
76648
76811
76812
76987
77079
77081
77224
77326
77653
77697
77845
78050
78065
78287
78322
78389
78414
78432
78447
78452
78579
78935
79102
79136
79213
79224
79346
79429
79541
79571
79573
79669
79917
80036
80323
80589
80590
80592
80608
80618
80646
80769
80807
80887
80900
80902
80958
81172
81202
81540
81830
81907
81985
82043
82161
82360
82416
82857
83157
83158
83164
83166
83288
83498
83681
83728
83960
84088
84150
84156
84158
84178
84471
84770
84892
84945
84977
85032
85200
85204
85216
85320
85334
85378
85489
85494
85500
85626
85671
85706
85759
85780
85892
85907
86057
86260
86476
86570
86610
86636
86720
86832
86974
87024
87219
87292
87554
87589
87614
87807
88030
88213
88226
88237
88525
88540
88550
88638
88681
88785
88828
88899
88903
89095
89221
89313
89339
89372
89408
89413
89443
89677
89925
89991
90175
90178
90241
90248
90259
90274
90391
90435
90556
90658
90764
90813
90950
90954
90969
90979
90998
91029
91346
91463
91479
91556
91780
91787
91895
92189
92190
92279
92330
92335
92463
92509
92558
92563
92569
92588
92854
93096
93140
93176
93218
93250
93381
93427
93628
93813
93888
93954
93956
94012
94027
94041
94070
94210
94223
94224
94268
94423
94444
94477
94674
94757
94879
94947
95170
95190
95282
95421
95480
95576
95760
95785
95935
95978
96097
96138
96171
96509
96514
96704
96885
96928
96963
96977
96997
97060
97145
97168
97244
97246
97263
97470
97617
97773
97795
97866
97870
97872
97946
98012
98071
98088
98209
98361
98388
98626
98627
98744
98749
98765
99012
99045
99053
99069
99171
99237
99362
99398
99416
99431
99501
99623
99762
99870
99984
99993
100133
100310
100311
100426
100553
100603
100753
100846
100864
100877
101033
101036
101230
101657
101668
101874
101885
102043
102177
102441
102457
102608
102721
102749
102761
102797
102856
102888
102899
102923
102926
103044
103082
103223
103349
103365
103433
103440
103458
103606
103626
103713
103832
103905
103972
104144
104209
104286
104411
104436
104520
104553
104607
104611
104767
104818
105049
105119
105131
105133
105246
105362
105393
105486
105580
105583
105732
105832
105931
106088
106098
106163
106183
106288
106304
106306
106504
106603
106670
106687
106703
106814
106843
106869
106872
106943
107031
107050
107065
107124
107125
107126
107147
107259
107445
107545
107647
107710
107769
107951
107963
108037
108179
108217
108342
108431
108498
108563
108614
108636
108667
108679
108703
108709
108724
108725
108765
108851
108997
109040
109088
109126
109219
109280
109305
109462
109467
109469
109625
109763
109874
110108
110211
110333
110346
110418
110431
110461
110480
110595
110715
110963
111218
111225
111386
111418
111521
111680
111737
111782
111982
111985
111991
111997
112006
112051
112145
112182
112224
112291
112304
112481
112504
112530
112638
112667
112759
112835
112877
112894
113025
113115
113128
113164
113465
113474
113509
113644
113667
113672
113769
113786
113807
113835
113865
113914
114106
114145
114171
114470
114609
114937
115059
115085
115175
115293
115303
115572
115646
115700
115935
116004
116061
116069
116073
116099
116179
116229
116346
116357
116579
116618
116860
117045
117073
117236
117319
117368
117453
117839
118084
118096
118111
118244
118348
118382
118455
118574
118739
118789
118861
118975
119106
119212
119257
119306
119337
119400
119403
119404
119422
119578
119730
119781
119858
119872
119907
119915
119948
120061
120116
120183
120348
120504
120548
120568
120929
121140
121150
121312
121334
121338
121384
121413
121579
121928
122039
122091
122178
122181
122406
122436
122546
122704
122730
122747
122844
122982
123019
123043
123074
123121
123381
123396
123500
123562
123602
123615
123654
123720
123724
123837
123887
123896
123924
124608
124640
124646
124814
124952
124975
125033
125046
125057
125241
125284
125321
125455
125572
125574
125674
125792
125980
126036
126134
126252
126315
126388
126639
126763
126936
127059
127175
127180
127268
127356
127421
127619
127622
127624
127698
127747
127801
127973
127986
128076
128101
128141
128343
128347
128359
128425
128469
128490
128689
128749
128765
128794
129093
129280
129281
129376
129608
129705
129734
129818
129873
129974
129987
130063
130127
130131
130403
130442
130629
130733
130782
130852
131096
131130
131225
131271
131273
131283
131370
131598
131898
132074
132109
132129
132147
132153
132200
132408
132541
132822
132925
132927
133008
133185
133195
133226
133588
133644
133981
134021
134062
134067
134245
134263
134327
134467
134474
134545
134617
134642
134825
134836
134863
134976
135033
135049
135114
135270
135609
135634
135855
135863
135913
135932
135950
135978
136033
136044
136055
136075
136077
136159
136226
136410
136415
136430
136620
136697
136771
136843
136848
136851
136853
137064
137143
137175
137204
137242
137288
137331
137439
137440
137502
137517
137570
137617
137680
137691
137710
137822
137861
137890
137946
138020
138130
138272
138417
138610
138668
138839
138965
139105
139141
139314
139410
139437
139659
139816
139821
139928
139964
140093
140155
140188
140245
140249
140353
140358
140360
140370
140439
140443
140516
140553
140566
140598
140622
140674
140758
140772
140775
140817
141173
141184
141290
141625
141692
141695
141725
141747
141762
141768
141811
141816
141831
141848
141920
141977
141982
141998
142044
142071
142090
142160
142164
142205
142209
142264
142366
142384
142385
142471
142493
142495
142540
142544
142607
142650
142669
142689
142705
142851
142863
143311
143327
143372
143417
143473
143691
143808
144026
144065
144125
144226
144291
144319
144381
144547
144611
144631
144663
144682
144731
144789
144872
145220
145231
145234
145317
145345
145458
145495
145570
145853
145997
146016
146059
146080
146103
146199
146220
146298
146325
146364
146475
146549
146565
146576
146577
146883
146952
147168
147237
147262
147391
147409
147414
147468
147503
147534
147554
147581
147720
147796
147852
147886
148002
148003
148037
148058
148135
148137
148208
148231
148238
148288
148314
148316
148365
148367
148482
148592
148637
148643
148648
148966
149023
149194
149216
149262
149358
149361
149493
149641
149856
149869
149900
149975
150133
150317
150659
150670
150805
150812
150944
151107
151172
151180
151372
151375
151420
151604
151634
151715
151746
151877
151886
152014
152076
152164
152211
152539
152669
152706
152857
153050
153161
153244
153324
153414
153494
153574
153760
153764
153785
153884
153891
153895
153932
153967
154034
154116
154155
154258
154275
154341
154364
154391
154634
154894
155083
155151
155189
155264
155324
155440
155442
155460
155470
155541
155564
155633
155705
155748
155883
155914
155962
156041
156316
156467
156662
156808
156815
156987
157041
157117
157287
157313
157389
157410
157413
157478
157549
157551
157575
157594
157758
157792
157895
157912
157951
157996
158048
158080
158364
158669
158735
158786
158796
158843
159016
159216
159234
159243
159250
159279
159309
159369
159428
159434
159438
159549
159751
159753
159825
159831
159960
160042
160123
160308
160342
160345
160370
160391
160409
160564
160601
160633
160657
160691
160693
160719
160771
160818
160825
160834
160838
161122
161134
161141
161196
161415
161520
161541
161569
161618
161714
161738
161780
161794
161806
161984
162050
162263
162297
162409
162514
162642
162716
162722
162889
162896
162985
162991
162994
163170
163199
163409
163414
163729
163802
163855
163908
163950
163964
163967
163999
164037
164057
164070
164172
164221
164240
164247
164273
164281
164387
164501
164657
164686
164728
165179
165197
165292
165385
165449
165454
165460
165495
165503
165541
165568
165592
165605
165651
165667
165676
165745
165778
165807
165876
165896
165907
165971
166148
166271
166366
166382
166387
166426
166469
166705
166721
166856
166904
166907
166982
167124
167168
167215
167238
167338
167382
167412
167576
167612
167686
167750
167833
167879
167947
167993
168038
168075
168199
168239
168372
168395
168470
168487
168495
168518
168529
168830
168836
168942
169027
169263
169363
169520
169616
169686
169698
169755
169762
169861
169909
170169
170241
170311
170357
170559
170765
170775
170879
170894
171189
171272
171409
171482
171590
171631
171750
171784
172044
172060
172266
172311
172372
172373
172426
172508
172533
172617
172657
172700
172768
172854
172864
172920
172921
173356
173371
173496
173629
173952
174010
174064
174246
174275
174519
174544
174578
174740
174785
174819
174852
174995
175015
175027
175177
175235
175255
175308
175357
175511
175606
175615
175673
175774
175990
176000
176029
176036
176100
176356
176466
176480
176567
176611
176627
176717
176727
176897
176909
176918
176948
176979
177029
177055
177329
177455
177520
177522
177614
177636
177699
177708
177767
177843
178041
178090
178159
178208
178261
178300
178386
178397
178477
178565
178575
178729
178824
178837
178866
178881
178957
179031
179141
179144
179221
179433
179438
179456
179494
179502
179617
179709
179714
179756
179801
179846
179908
179962
180027
180129
180135
180146
180254
180310
180403
180431
180669
180709
180751
180784
180851
180931
180971
181076
181085
181103
181163
181209
181342
181351
181505
181717
181740
181780
181785
181849
182010
182055
182056
182091
182100
182106
182148
182207
182212
182250
182262
182351
182623
182906
182944
183032
183121
183127
183135
183186
183298
183506
183514
183529
183538
183543
183544
183553
183747
183838
183969
183996
184103
184287
184320
184335
184491
184647
184650
184652
184893
184945
185027
185289
185363
185439
185470
185791
185793
185798
185819
185873
185900
185908
185979
186026
186053
186094
186306
186547
186548
186581
186863
186972
187078
187149
187242
187288
187317
187321
187351
187357
187359
187374
187406
187547
187564
187639
187650
187769
187788
188064
188125
188143
188225
188308
188677
188681
188787
188916
188926
188953
189023
189048
189054
189094
189114
189131
189228
189237
189294
189318
189414
189477
189505
189514
189552
189581
189588
189635
189717
189844
189848
189959
190058
190302
190378
190399
190412
190435
190436
190450
190468
190473
190495
190505
190511
190573
190636
190661
190700
190776
190889
191019
191032
191104
191130
191158
191316
191329
191359
191428
191433
191441
191458
191559
191625
191794
191815
191968
192037
192172
192199
192252
192273
192281
192524
192565
192582
192693
192730
192780
193367
193422
193429
193500
193507
193563
193594
193638
193679
193723
193834
193856
193931
193947
193956
193959
193971
193990
194097
194228
194245
194377
194413
194414
194415
194486
194487
194634
194737
194740
194747
195120
195139
195224
195228
195263
195435
195526
195542
195735
195865
195901
195955
196017
196142
196175
196183
196185
196356
196364
196402
196438
196440
196515
196537
196655
196662
196672
196708
196771
196885
196942
196966
196988
196991
197050
197239
197250
197387
197433
197452
197489
197545
197550
197597
197643
197680
197706
197753
197754
197790
197812
197878
197959
198092
198197
198271
198401
198454
198561
198574
198717
199000
199153
199207
199276
199296
199368
199376
199398
199459
199666
199862
199863
199890
199925
199941
200312
200320
200330
200331
200351
200497
200508
200662
200663
200852
200869
200972
201016
201049
201154
201173
201580
201614
201618
201748
201840
201868
202148
202162
202363
202402
202471
202532
202726
202765
202844
202912
202923
202944
203005
203083
203116
203136
203137
203279
203377
203476
203724
203775
203784
203846
203915
203985
204007
204100
204171
204231
204304
204340
204412
204467
204618
204644
204708
204924
204958
205014
205074
205451
205491
205614
205725
205867
205959
205968
206080
206147
206189
206198
206375
206493
206523
206653
206819
206838
206843
206859
206908
206915
206925
207004
207102
207206
207217
207415
207436
207469
207543
207560
207736
207857
207909
208112
208143
208241
208302
208423
208621
208728
208797
208810
208891
208916
208943
209108
209126
209148
209161
209207
209563
209623
209700
209775
209800
209889
209905
209941
210075
210119
210166
210201
210305
210309
210379
210392
210483
210505
210540
210551
210735
210794
210800
210815
210827
211049
211221
211289
211291
211357
211370
211382
211391
211523
211558
211580
211640
211714
211897
212088
212252
212342
212396
212470
212559
212851
212857
212928
213003
213059
213134
213153
213154
213156
213211
213282
213285
213383
213400
213458
213477
213504
213511
213544
213664
213674
213684
213696
213733
213857
214144
214198
214216
214306
214510
214884
214932
214976
214989
215200
215210
215218
215517
215677
215725
215736
215767
215772
215869
215982
216059
216141
216288
216309
216327
216496
216498
216506
216550
216592
216618
216844
216954
217024
217053
217180
217360
217389
217549
217561
217611
217641
218130
218169
218485
218497
218759
218798
218814
218817
218910
218963
219027
219121
219142
219154
219181
219221
219258
219349
219509
219510
219690
219781
219893
220103
220145
220235
220297
220332
220343
220436
220445
220650
220675
220816
220817
220855
220927
220941
220993
221068
221219
221263
221274
221477
221500
221537
221841
222017
222042
222068
222074
222095
222136
222290
222355
222382
222442
222480
222503
222514
222520
222555
222562
222622
222642
222705
222755
222807
222814
222922
222986
223063
223094
223207
223251
223252
223265
223286
223318
223486
223495
223534
223586
223814
223826
224071
224173
224199
224273
224279
224380
224444
224524
224613
224643
224739
224801
224835
224936
224986
225030
225104
225197
225277
225387
225389
225522
225592
225629
225653
225696
225775
226203
226246
226373
226394
226503
226681
226750
226922
226986
226987
227007
227197
227324
227332
227416
227421
227452
227513
227523
227744
227767
227948
227968
228050
228142
228199
228204
228243
228306
228337
228426
228742
228753
228754
228868
228930
229049
229060
229068
229135
229242
229244
229293
229312
229486
229514
229515
229729
229841
229996
230086
230150
230196
230346
230402
230438
230447
230685
230848
230883
230891
230894
230924
231036
231097
231134
231137
231140
231225
231233
231271
231395
231580
231584
231671
231784
231866
231965
232100
232237
232345
232354
232650
232721
232898
233046
233348
233379
233692
233747
233863
233953
234073
234157
234230
234298
234299
234301
234319
234327
234378
234652
234658
234666
234705
234713
234787
234942
235087
235179
235249
235257
235271
235278
235379
235382
235465
235481
235562
235587
235608
235717
235728
235831
235978
236200
236310
236320
236410
236434
236524
236566
236585
236701
236734
236746
236919
236952
237120
237188
237251
237295
237312
237459
237567
237640
237695
237710
237736
237747
237752
237763
237810
237968
238027
238081
238375
238396
238469
238501
238566
238575
238615
238640
238642
238651
238659
238681
238688
238710
238743
238794
238865
238901
239082
239261
239370
239379
239433
239527
239560
239638
239683
239952
240044
240084
240118
240128
240145
240441
240483
240526
240642
240679
240703
240756
240827
241179
241352
241471
241511
241513
241606
241661
241709
241863
241978
242040
242054
242142
242267
242279
242389
242402
242560
242573
242943
242982
243036
243065
243094
243252
243277
243304
243312
243368
243401
243471
243558
243620
243753
244278
244318
244343
244393
244434
244736
244741
244771
244881
244898
244941
245012
245040
245057
245224
245257
245316
245376
245413
245524
245529
245536
245543
245621
245664
245672
245855
245857
245896
245941
245944
246021
246071
246099
246116
246188
246235
246258
246313
246416
246429
246535
246680
246688
246694
246730
246746
246773
246804
246847
246927
247019
247042
247064
247074
247240
247280
247305
247441
247498
247574
247665
247786
247884
247928
247946
248020
248136
248143
248337
248443
248461
248467
248632
248649
248697
248758
248783
248983
249055
249085
249114
249156
249209
249267
249305
249476
249491
249570
249607
249688
249993
250003
250006
250012
250039
250045
250093
250098
250189
250191
250412
250430
250448
250556
250593
250597
250598
250677
250940
251048
251091
251105
251114
251138
251263
251302
251305
251310
251318
251464
251542
251549
251559
251605
251632
251709
251746
251748
251761
251928
251930
251948
252048
252071
252298
252318
252597
252604
252784
252786
252796
252817
252908
252978
253000
253036
253054
253083
253287
253312
253314
253342
253406
253427
253457
253584
253645
253787
253811
253849
253885
254025
254042
254071
254073
254132
254134
254187
254343
254457
254460
254756
254768
254823
254827
254844
254939
254996
255009
255051
255092
255140
255219
255225
255290
255291
255395
255513
255550
255643
255644
255673
255677
255711
255729
255809
255866
255881
256046
256267
256319
256329
256333
256380
256438
256511
256583
256607
256655
256710
256723
256836
256861
256913
256948
256971
256974
256982
257090
257096
257127
257163
257167
257248
257380
257382
257446
257451
257489
257634
257639
257659
257666
257868
257990
258065
258132
258137
258221
258306
258395
258464
258546
258570
258630
258657
258688
258702
258809
258811
258889
258913
258915
258937
258994
259101
259181
259288
259452
259525
259564
259625
259698
259727
259786
259809
259837
259877
259882
259900
259918
259945
259957
260122
260155
260227
260328
260492
260502
260516
260563
260578
260579
260752
260874
260973
260985
261119
261150
261157
261189
261313
261482
261485
261552
261625
261857
261858
262077
262263
262601
262632
262633
262705
262770
262774
262786
262791
262826
262840
262954
263057
263070
263088
263089
263091
263401
263497
263499
263514
263547
263562
263722
263738
263745
263920
263983
264017
264046
264148
264151
264154
264273
264504
264522
264537
264551
264554
264577
264611
264644
264652
264725
264761
264794
264799
264827
264831
264879
264885
264916
264918
265253
265262
265281
265317
265343
265382
265486
265553
265602
265635
265730
265876
265904
265915
265990
265992
266030
266039
266080
266454
266504
266665
266787
266826
266831
267116
267227
267279
267348
267465
267599
267630
267734
267744
267828
267887
267982
268108
268129
268218
268277
268326
268355
268366
268375
268381
268387
268393
268403
268408
268416
268481
268626
268648
268681
268907
268995
268997
269171
269179
269190
269207
269218
269331
269351
269408
269510
269516
269713
269790
269810
269817
269818
269826
269854
269916
269922
270124
270220
270257
270353
270362
270373
270412
270435
270581
270639
270651
270788
270858
270905
270978
271194
271219
271224
271245
271396
271454
271469
271522
271576
271615
272139
272358
272398
272504
272523
272625
272801
272832
272844
272889
272917
272973
272985
273069
273186
273238
273333
273381
273419
273441
273455
273468
273550
273572
273573
273687
273787
273862
273864
273866
273950
273974
273992
274055
274159
274207
274222
274232
274244
274364
274519
274542
274609
274613
274665
274714
274760
274793
274834
274921
274979
275064
275108
275176
275258
275302
275501
275514
275678
275734
275754
275774
275809
275820
275830
275833
275836
275851
275852
275873
276013
276041
276113
276140
276156
276302
276318
276421
276465
276556
276787
276801
276820
276943
276957
276994
277073
277158
277309
277428
277503
277515
277577
277730
277775
277777
277810
277849
277928
277976
278072
278104
278148
278161
278231
278235
278256
278279
278354
278408
278442
278579
278623
