79
101
131
288
321
382
491
506
625
755
782
861
896
964
983
988
998
1017
1024
1040
1057
1086
1116
1124
1156
1192
1239
1260
1319
1321
1332
1407
1411
1416
1423
1460
1472
1558
1575
1581
1582
1589
1608
1619
1635
1728
1770
1771
1798
1828
1865
1870
1883
1886
1922
1923
1929
1943
1994
2086
2113
2122
2136
2231
2242
2307
2429
2432
2458
2483
2557
2605
2620
2648
2694
2845
2852
2914
2987
3102
3118
3158
3161
3189
3299
3419
3463
3469
3494
3549
3596
3616
3690
3725
3757
3807
3848
3930
4022
4095
4100
4184
4210
4441
4443
4463
4465
4526
4607
4666
4865
4927
4945
5059
5119
5133
5135
5153
5181
5216
5254
5273
5396
5400
5402
5428
5525
5698
5706
5746
5758
5761
5766
5770
5789
5857
5870
5955
5995
6014
6029
6316
6355
6453
6469
6537
6607
6625
6659
6663
6668
6740
6821
6899
7000
7112
7275
7319
7361
7455
7487
7570
7591
7613
7635
7641
7698
7742
7746
7796
7815
7845
7972
8205
8260
8302
8365
8409
8415
8420
8427
8430
8441
8464
8488
8551
8559
8581
8709
8715
8774
8807
8836
8856
8860
8925
8935
8950
9002
9061
9194
9197
9242
9252
9255
9357
9410
9522
9535
9590
9654
9700
9712
9731
9784
9794
9809
9836
9883
9976
9994
9998
10000
10058
10066
10151
10169
10182
10188
10201
10206
10264
10308
10324
10351
10362
10438
10444
10471
10482
10550
10598
10656
10667
10692
10697
10703
10752
10825
10923
10941
10948
10972
10978
11033
11035
11052
11066
11335
11443
11449
11505
11572
11587
11607
11689
11720
11815
11947
11976
12007
12018
12047
12075
12089
12106
12153
12156
12161
12169
12178
12212
12216
12327
12345
12346
12361
12443
12475
12592
12680
12732
12733
12747
12748
12774
12796
12868
12903
12924
12931
12979
12992
13131
13141
13291
13458
13508
13577
13605
13655
13664
13666
13722
13741
13761
13797
13833
13870
13939
13947
14019
14079
14121
14133
14168
14186
14217
14231
14240
14259
14273
14285
14334
14340
14370
14381
14457
14531
14575
14643
14682
14728
14804
14830
14881
14931
14972
14973
15025
15041
15047
15054
15055
15061
15062
15140
15165
15184
15186
15199
15236
15248
15267
15283
15288
15424
15429
15495
15527
15585
15596
15621
15635
15645
15671
15697
15737
15755
15756
15764
16021
16078
16240
16241
16268
16306
16373
16383
16412
16585
16600
16611
16628
16653
16700
16826
16831
16890
16901
16937
17024
17081
17088
17187
17196
17282
17299
17443
17468
17477
17533
17566
17587
17627
17741
17785
17815
17899
17912
17917
17980
17991
18040
18072
18081
18246
18272
18312
18382
18446
18455
18515
18579
18596
18723
18762
18786
18801
18816
18838
18844
18848
18869
18906
18978
19017
19087
19101
19109
19125
19149
19213
19221
19233
19306
19368
19424
19453
19454
19487
19554
19572
19618
19670
19681
19701
19794
19802
19859
19881
19905
19998
20068
20081
20111
20131
20190
20206
20212
20219
20224
20238
20330
20415
20437
20475
20524
20542
20578
20583
20610
20692
20755
20807
20820
20854
20894
20910
20947
21059
21085
21117
21315
21317
21537
21609
21672
21725
21726
21812
21890
21899
21950
22048
22131
22143
22191
22214
22272
22287
22301
22330
22333
22410
22426
22518
22802
22807
22872
22891
22964
22966
22993
23006
23063
23240
23297
23305
23334
23356
23443
23455
23456
23486
23637
23640
23682
23701
23702
23724
23745
23749
23820
23841
23912
23943
23952
23966
23993
24018
24020
24021
24049
24059
24092
24100
24111
24140
24161
24187
24226
24289
24382
24420
24462
24499
24512
24515
24572
24582
24679
24854
24906
24919
25000
25004
25011
25026
25206
25214
25219
25255
25275
25380
25405
25455
25660
25671
25684
25718
25799
25803
25876
25912
25953
26100
26151
26177
26226
26229
26288
26322
26355
26394
26399
26400
26416
26439
26448
26492
26506
26516
26604
26721
26753
26838
26897
26908
26976
27061
27075
27143
27145
27170
27247
27295
27343
27363
27600
27644
27688
27700
27725
27726
27735
27761
27787
27811
27838
27854
27879
28043
28044
28126
28192
28224
28379
28382
28393
28405
28430
28451
28490
28501
28510
28561
28582
28591
28621
28743
28802
28817
28925
28962
29024
29070
29099
29163
29317
29498
29516
29556
29593
29639
29724
29745
29866
29875
29939
29970
29993
30045
30123
30124
30142
30241
30242
30304
30334
30358
30362
30381
30430
30566
30594
30610
30673
30686
30712
30778
30811
30857
30863
30866
30870
30908
30931
31006
31016
31067
31193
31248
31372
31376
31423
31459
31504
31506
31512
31534
31537
31569
31574
31590
31607
31684
31692
31726
31741
31767
31851
31887
31917
31923
32005
32046
32072
32163
32170
32177
32180
32181
32220
32246
32247
32266
32296
32299
32361
32365
32435
32476
32486
32525
32530
32578
32587
32659
32674
32762
32859
32889
32939
32989
33018
33023
33097
33163
33241
33251
33278
33356
33460
33490
33522
33560
33626
33649
33656
33776
33916
33930
33961
34011
34020
34255
34290
34301
34319
34323
34336
34355
34361
34373
34413
34458
34494
34557
34625
34729
34748
34762
34770
34823
34836
34848
34854
34882
34885
34905
34921
34957
34959
35000
35012
35036
35068
35144
35160
35175
35250
35365
35418
35448
35456
35488
35490
35598
35753
35758
35769
35943
35962
36065
36083
36092
36198
36203
36263
36334
36361
36543
36567
36608
36640
36716
36748
36750
36753
36770
36776
36781
36810
36885
36895
36904
36952
36962
36971
37036
37044
37055
37144
37155
37186
37396
37399
37453
37513
37526
37605
37721
37752
37767
37837
37898
37935
37968
37977
38015
38016
38027
38029
38085
38169
38172
38198
38204
38223
38271
38276
38318
38330
38425
38434
38453
38470
38473
38483
38504
38606
38722
38772
38775
38781
38843
38863
39014
39020
39078
39144
39175
39179
39183
39224
39326
39374
39432
39450
39463
39470
39474
39490
39506
39575
39583
39610
39643
39677
39688
39823
39844
39863
39950
40018
40040
40054
40063
40067
40076
40112
40125
40148
40203
40219
40240
40264
40332
40371
40415
40505
40521
40530
40550
40554
40561
40589
40688
40719
40773
40798
40802
40824
40843
40859
40897
40951
40987
41002
41079
41105
41137
41186
41211
41227
41246
41297
41338
41350
41391
41417
41440
41491
41501
41535
41552
41588
41634
41639
41653
41700
41726
41759
41861
41884
41894
41895
41910
41911
41955
41972
42441
42526
42539
42547
42791
42879
42922
42930
43069
43114
43136
43225
43254
43353
43414
43445
43462
43550
43587
43599
43645
43693
43710
43828
43859
43861
43975
43992
44058
44079
44120
44128
44145
44289
44345
44359
44374
44395
44419
44446
44611
44654
44705
44715
44719
44734
44768
44820
44849
44853
44856
44892
44947
44969
44986
45035
45069
45171
45198
45265
45305
45368
45387
45416
45443
45444
45455
45473
45525
45563
45589
45593
45673
45723
45734
45741
45779
45781
45889
45917
45921
45937
46110
46119
46120
46269
46309
46332
46423
46430
46470
46483
46559
46615
46621
46646
46658
46831
46833
46874
46878
46997
47019
47058
47075
47137
47161
47170
47177
47273
47334
47414
47475
47496
47503
47551
47552
47620
47691
47726
47793
47826
47884
47932
47959
47983
48090
48092
48097
48154
48173
48234
48250
48307
48319
48374
48409
48436
48569
48633
48643
48660
48663
48681
48682
48824
48959
48969
49049
49058
49090
49125
49320
49490
49525
49575
49583
49590
49653
49658
49694
49722
49826
49970
50024
50043
50084
50096
50102
50115
50131
50180
50196
50252
50253
50307
50349
50392
50426
50443
50446
50452
50477
50480
50620
50631
50695
50718
50725
50745
50787
50823
50829
51028
51030
51076
51114
51147
51201
51247
51248
51303
51314
51390
51397
51410
51432
51513
51548
51561
51609
51619
51676
51732
51752
51796
51817
51848
51849
51859
51895
51949
51967
52041
52157
52295
52308
52359
52361
52415
52418
52422
52431
52471
52553
52574
52578
52636
52686
52834
52866
53003
53066
53079
53129
53248
53291
53450
53615
53713
53714
53751
53837
53891
53923
54008
54011
54027
54105
54122
54161
54202
54228
54257
54263
54275
54280
54304
54314
54355
54401
54485
54539
54545
54606
54610
54637
54657
54744
54772
54773
54774
54802
54863
54880
54903
54995
55010
55032
55044
55064
55068
55072
55073
55080
55108
55148
55176
55218
55238
55248
55265
55281
55391
55397
55412
55424
55436
55452
55539
55548
55594
55703
55712
55775
55778
55791
55793
55893
55902
55975
55981
56002
56051
56078
56082
56090
56149
56177
56360
56382
56388
56478
56490
56537
56568
56609
56613
56631
56647
56711
56802
56906
56943
56956
56971
56991
57019
57051
57075
57089
57249
57258
57340
57399
57416
57449
57452
57463
57506
57530
57531
57628
57664
57719
57857
57884
57887
58027
58170
58264
58344
58409
58436
58602
58607
58608
58631
58649
58657
58683
58762
58800
58841
58909
59054
59067
59084
59095
59170
59396
59416
59433
59443
59492
59545
59743
59758
59822
59932
59934
59967
59988
60082
60121
60189
60217
60249
60340
60397
60408
60426
60462
60470
60502
60509
60523
60529
60602
60646
60710
60767
60788
60886
60935
61078
61112
61225
61447
61498
61522
61593
61648
61668
61683
61697
61698
61707
61743
61781
61783
61823
61835
61860
61901
61920
62035
62043
62081
62147
62161
62190
62291
62314
62334
62366
62443
62472
62484
62533
62552
62554
62567
62608
62677
62709
62749
62772
62859
62911
62978
63034
63108
63145
63187
63199
63226
63346
63410
63500
63570
63611
63648
63676
63681
63693
63752
63771
63893
63929
63995
64001
64106
64113
64148
64250
64306
64315
64322
64331
64378
64438
64484
64488
64491
64494
64511
64516
64534
64586
64601
64659
64686
64823
64912
64952
65001
65034
65176
65219
65221
65247
65253
65442
65448
65468
65473
65477
65508
65523
65535
65571
65595
65707
65717
65798
65818
65870
65927
65931
65998
66052
66061
66175
66209
66248
66380
66409
66453
66478
66532
66682
66687
66692
66725
66969
67061
67098
67115
67157
67158
67210
67225
67231
67233
67237
67335
67385
67475
67539
67554
67565
67572
67598
67667
67675
67816
67823
67838
67846
67929
67940
67941
68029
68043
68048
68072
68132
68170
68183
68184
68221
68291
68298
68380
68390
68392
68424
68612
68632
68700
68719
68736
68780
68813
68815
68827
68859
68876
68877
68890
68997
69026
69035
69115
69215
69250
69269
69288
69379
69410
69411
69418
69435
69646
69652
69663
69666
69677
69757
69816
69959
69971
69995
70096
70114
70120
70149
70239
70354
70432
70497
70569
70598
70604
70666
70755
70792
70881
70892
70912
70918
71085
71277
71279
71313
71329
71418
71476
71508
71546
71606
71638
71684
71771
71788
71825
71869
71873
71886
71891
71902
71927
71951
72027
72058
72179
72229
72268
72282
72299
72334
72467
72539
72540
72609
72655
72770
72925
72967
72985
73007
73021
73037
73060
73093
73116
73145
73163
73219
73229
73272
73378
73486
73504
73544
73667
73754
73758
73777
73884
73890
74015
74066
74094
74095
74121
74124
74135
74153
74203
74317
74375
74381
74428
74431
74459
74498
74591
74594
74596
74597
74672
74702
74703
74716
74756
74780
74830
74868
74928
74964
74972
75001
75098
75180
75200
75218
75219
75374
75402
75429
75456
75467
75485
75518
75533
75552
75555
75676
75693
75792
75797
75801
75826
75929
75935
75979
76160
76195
76299
76302
76486
76538
76669
76707
76774
76828
76923
76988
77030
77031
77033
77108
77110
77118
77187
77192
77231
77233
77291
77343
77382
77406
77421
77423
77430
77431
77439
77446
77493
77581
77586
77675
77883
77884
77888
77953
78003
78016
78088
78120
78123
78164
78264
78266
78276
78326
78456
78503
78534
78538
78552
78556
78653
78835
78838
78926
78943
78982
78989
79012
79052
79084
79144
79160
79266
79269
79358
79365
79431
79483
79501
79537
79539
79612
79727
79728
79748
79751
79759
79995
80070
80187
80190
80252
80304
80395
80434
80443
80447
80451
80479
80596
80654
80694
80862
80867
80895
80904
80949
80955
80959
80966
81006
81125
81161
81165
81181
81436
81444
81450
81644
81659
82033
82034
82258
82263
82318
82352
82388
82400
82414
82472
82633
82658
82814
82831
82918
83024
83044
83105
83163
83215
83225
83234
83250
83301
83343
83407
83492
83522
83553
83614
83782
83811
83831
83864
84016
84048
84060
84206
84211
84233
84290
84429
84503
84510
84642
84740
84795
84818
84874
84901
84904
84988
84994
85013
85073
85168
85241
85289
85303
85355
85451
85452
85459
85462
85495
85586
85605
85644
85645
85664
85792
85866
85963
86031
86180
86181
86220
86250
86289
86350
86461
86573
86654
86682
86697
86701
86758
86836
86932
86937
86949
86981
87001
87023
87027
87044
87061
87083
87090
87106
87187
87277
87538
87568
87604
87706
87708
87716
87730
87735
87755
87758
87847
87884
87935
88010
88033
88037
88056
88192
88228
88275
88298
88300
88389
88426
88446
88462
88473
88555
88686
88732
88739
88749
88751
88772
88884
88885
88947
88954
89003
89004
89013
89029
89034
89058
89105
89255
89277
89278
89297
89323
89351
89409
89427
89442
89584
89602
89640
89662
89719
89722
89732
89746
89953
90076
90081
90104
90119
90161
90173
90213
90227
90261
90309
90314
90331
90418
90465
90549
90742
90761
90778
90903
90908
90916
90940
90957
90961
90984
91010
91032
91121
91202
91315
91358
91382
91394
91422
91507
91690
91872
91879
91955
92111
92120
92220
92232
92248
92308
92392
92395
92490
92521
92577
92599
92608
92648
92649
92655
92658
92709
92713
92721
92730
92735
92779
92797
92815
92818
92841
92882
92894
92946
93000
93013
93018
93108
93141
93166
93168
93169
93201
93280
93412
93419
93460
93612
93680
93795
93799
93845
93847
93895
93921
93958
94025
94039
94080
94088
94132
94293
94298
94411
94433
94519
94537
94637
94706
94770
94780
94823
94878
94894
94909
95030
95054
95060
95086
95138
95156
95172
95370
95393
95407
95492
95500
95508
95537
95538
95566
95656
95722
95739
95746
95811
95907
95931
96024
96461
96530
96560
96612
96657
96687
96807
96814
96876
96887
96932
96965
97050
97088
97106
97172
97182
97349
97434
97499
97502
97598
97611
97622
97629
97647
97672
97700
97716
97774
97854
97911
97923
97926
97938
97996
98078
98105
98147
98149
98174
98246
98260
98329
98337
98369
98429
98443
98507
98522
98565
98612
98628
98674
98734
98785
98795
98807
98833
98870
98889
98928
98961
99021
99113
99131
99136
99153
99224
99266
99308
99356
99374
99455
99516
99532
99541
99617
99640
99682
99708
99784
99787
99848
99882
99886
100007
100059
100073
100076
100125
100171
100189
100191
100259
100379
100381
100395
100443
100538
100579
100605
100648
100668
100701
100721
100739
100780
100803
100852
100858
100861
100926
100938
100943
101009
101031
101109
101178
101238
101255
101269
101281
101334
101385
101386
101388
101406
101519
101597
101605
101665
101720
101789
101823
101886
101913
101918
101947
101981
101992
102084
102183
102227
102286
102414
102418
102434
102463
102467
102480
102550
102665
102680
102688
102728
102792
102861
102965
102991
103003
103017
103050
103078
103081
103096
103149
103189
103206
103214
103222
103243
103248
103260
103282
103319
103435
103470
103503
103517
103571
103628
103650
103673
103680
103688
103867
103881
103884
103888
103909
104043
104055
104077
104098
104154
104157
104224
104267
104293
104307
104327
104373
104397
104409
104449
104483
104525
104571
104595
104690
104691
104978
105179
105199
105236
105244
105316
105354
105361
105545
105597
105598
105608
105623
105630
105671
105675
105714
105758
105785
105855
105865
105873
105926
105966
105968
106018
106046
106077
106245
106273
106286
106300
106378
106426
106482
106503
106509
106510
106574
106580
106674
106793
106802
106805
106817
106830
106958
106983
107035
107115
107238
107269
107299
107332
107379
107401
107414
107434
107463
107483
107485
107559
107567
107577
107635
107692
107699
107783
107869
107870
107959
107990
108143
108156
108235
108383
108444
108465
108570
108629
108655
108678
108694
108749
108854
109004
109034
109048
109061
109070
109193
109307
109333
109341
109399
109402
109441
109476
109564
109630
109639
109750
109802
109831
109866
109901
109944
110015
110055
110077
110112
110136
110157
110237
110278
110297
110387
110395
110408
110470
110473
110477
110688
110735
110871
110938
110939
110968
111005
111008
111018
111040
111047
111083
111089
111104
111114
111148
111168
111176
111207
111211
111232
111237
111244
111246
111254
111280
111380
111410
111412
111457
111478
111519
111520
111522
111536
111537
111586
111636
111697
111717
111753
111794
111874
111910
111953
111996
112037
112078
112086
112091
112128
112153
112164
112183
112197
112213
112274
112279
112367
112417
112468
112516
112534
112659
112662
112739
112748
112770
112771
112805
112868
112910
112974
112982
112984
112996
113046
113336
113345
113402
113427
113433
113434
113497
113510
113520
113629
113692
113718
113719
113730
113750
113753
113762
113830
113934
113999
114083
114086
114097
114199
114213
114336
114357
114378
114475
114484
114542
114591
114606
114628
114630
114683
114837
114905
114974
114980
114983
114984
114986
115001
115036
115106
115191
115205
115247
115262
115275
115291
115312
115326
115380
115384
115388
115540
115570
115616
115696
115739
115841
115863
115878
115978
115992
116040
116065
116103
116175
116202
116244
116318
116328
116333
116353
116358
116374
116433
116464
116634
116692
116899
116913
116975
116995
117013
117040
117043
117187
117293
117320
117332
117353
117373
117375
117420
117449
117457
117474
117534
117588
117673
117688
117693
117761
117843
117900
117901
117905
117918
117941
117945
117947
117950
117969
117981
118057
118059
118075
118087
118097
118200
118289
118331
118418
118467
118468
118486
118689
118773
118775
118803
118830
118851
118856
118869
118908
118930
119027
119032
119100
119224
119402
119444
119463
119514
119596
119598
119603
119609
119613
119836
119860
119903
119950
119997
120052
120055
120130
120236
120311
120366
120369
120373
120375
120461
120479
120520
120532
120559
120582
120693
120770
120912
120982
120999
121006
121027
121093
121100
121111
121122
121174
121198
121259
121283
121381
121536
121564
121574
121616
121617
121627
121633
121643
121658
121802
121812
121814
121836
121855
121882
121885
121944
121960
121965
121970
122018
122031
122038
122044
122059
122124
122208
122228
122284
122310
122394
122399
122450
122543
122559
122563
122676
122681
122877
122889
122893
122973
123075
123081
123259
123294
123348
123424
123461
123471
123681
123709
123783
123792
123846
123867
123932
124022
124173
124183
124204
124222
124254
124256
124298
124308
124325
124450
124512
124545
124577
124652
124673
124723
124727
124752
124849
124853
124856
124897
124950
124957
124965
124980
125073
125087
125109
125178
125187
125202
125237
125318
125322
125331
125365
125402
125423
125435
125481
125521
125531
125544
125583
125648
125656
125691
125869
125884
125950
125960
126074
126137
126139
126168
126204
126246
126271
126280
126286
126320
126335
126360
126400
126428
126448
126509
126511
126611
126636
126649
126707
126722
126737
126768
126790
126867
126873
126899
126916
126922
127038
127078
127094
127124
127176
127186
127235
127241
127332
127338
127379
127396
127469
127471
127474
127590
127591
127613
127706
127788
127800
127818
127829
127856
127881
127888
127908
127952
127965
127968
127970
127994
128011
128055
128124
128226
128234
128333
128437
128494
128534
128561
128563
128591
128604
128620
128646
128690
128813
128817
128829
128851
128858
128894
128903
128942
128980
129039
129077
129111
129346
129430
129445
129535
129566
129616
129629
129673
129757
129787
129809
129838
129843
129910
129949
129983
130021
130099
130139
130158
130254
130286
130296
130385
130415
130418
130505
130570
130580
130608
130616
130650
130743
130793
130858
130910
130979
131169
131176
131205
131211
131252
131253
131348
131372
131397
131457
131540
131619
131620
131659
131693
131902
131908
131977
132112
132114
132204
132215
132295
132303
132451
132537
132570
132576
132592
132680
132712
132790
132796
132813
132849
132896
133123
133165
133169
133171
133191
133193
133208
133370
133433
133453
133455
133545
133560
133594
133616
133654
133750
133868
133965
133973
134112
134119
134125
134316
134318
134345
134397
134426
134427
134462
134464
134555
134581
134671
134686
134727
134740
134758
134798
134839
134858
134968
134982
135028
135209
135234
135268
135297
135304
135478
135482
135512
135584
135591
135624
135626
135650
135663
135726
135729
135764
135768
135781
135808
135809
135857
135867
135918
135981
135985
136032
136087
136141
136142
136222
136283
136295
136304
136389
136396
136462
136473
136580
136585
136609
136660
136766
136792
136799
136813
136889
136903
136924
136946
136950
137071
137131
137154
137168
137170
137172
137177
137269
137275
137299
137306
137309
137316
137321
137358
137461
137486
137543
137545
137553
137563
137578
137582
137595
137623
137674
137692
137896
138042
138065
138129
138157
138164
138187
138191
138193
138284
138323
138378
138434
138515
138533
138539
138573
138614
138835
138854
138869
138891
139029
139032
139071
139100
139157
139164
139211
139289
139292
139329
139364
139394
139406
139439
139481
139492
139514
139679
139756
139768
139835
139838
139880
139960
140008
140023
140094
140161
140169
140212
140224
140300
140320
140354
140369
140377
140384
140419
140442
140502
140550
140595
140611
140731
140781
140843
140866
140876
140900
140990
141077
141100
141179
141236
141267
141441
141481
141579
141601
141627
141748
141765
141871
141889
141895
141927
141957
142058
142143
142323
142325
142399
142510
142533
142547
142640
142642
142644
142671
142688
142716
142738
142805
142846
142892
142904
142917
143143
143147
143253
143305
143375
143384
143390
143422
143428
143504
143548
143593
143596
143625
143643
143675
143690
143711
143742
143756
143803
143969
143980
144003
144020
144041
144044
144074
144110
144115
144123
144155
144159
144173
144202
144300
144310
144388
144397
144442
144509
144562
144614
144692
144701
144706
144801
144870
144914
144984
145068
145097
145155
145180
145202
145235
145266
145303
145425
145447
145516
145533
145678
145736
145756
145815
145849
145852
145872
145970
145998
146005
146041
146120
146195
146207
146208
146483
146530
146534
146536
146546
146554
146592
146613
146666
146680
146801
146868
146892
146900
146913
146931
147111
147151
147192
147335
147336
147491
147570
147571
147601
147616
147633
147656
147679
147742
147747
147787
147794
147967
148052
148094
148142
148196
148235
148241
148266
148270
148277
148380
148393
148425
148445
148480
148508
148558
148589
148617
148628
148663
148666
148668
148740
148753
148879
148976
148995
149025
149074
149222
149249
149257
149264
149290
149319
149337
149340
149386
149472
149532
149570
149615
149622
149627
149672
149808
149843
149870
149880
149910
149918
149929
150072
150075
150092
150139
150162
150233
150325
150622
150648
150766
150830
150861
151010
151045
151051
151142
151217
151242
151276
151314
151353
151371
151387
151399
151406
151447
151465
151515
151531
151537
151593
151613
151618
151661
151691
151766
151777
151800
151824
151915
151984
152005
152025
152139
152163
152343
152368
152410
152421
152572
152574
152584
152609
152675
152678
152680
152743
152745
152792
152808
152949
152974
152984
153049
153083
153131
153174
153247
153250
153261
153342
153376
153517
153521
153595
153613
153616
153630
153636
153730
153772
153773
153852
153875
153894
153915
153970
153994
154051
154201
154313
154327
154340
154371
154373
154378
154379
154459
154503
154520
154521
154545
154613
154659
154670
154679
154806
154817
154916
154940
154943
155034
155057
155081
155124
155292
155335
155386
155437
155463
155552
155577
155602
155680
155694
155948
155987
156024
156069
156087
156117
156128
156159
156165
156286
156395
156402
156403
156477
156479
156500
156641
156652
156802
156809
156830
156856
156860
156864
156874
156921
156949
157076
157095
157163
157264
157272
157340
157390
157399
157464
157494
157519
157546
157556
157622
157655
157670
157679
157719
157724
157769
157805
157806
157903
157947
157988
158017
158023
158067
158068
158104
158113
158119
158130
158156
158255
158269
158333
158370
158382
158401
158410
158560
158595
158696
158709
158719
158800
158859
158921
159014
159044
159096
159123
159148
159240
159281
159336
159418
159453
159488
159542
159559
159633
159728
159729
159804
159874
160070
160192
160194
160209
160291
160295
160318
160418
160505
160577
160625
160686
160722
160742
160798
160828
160830
160933
161007
161021
161032
161088
161102
161103
161168
161237
161306
161359
161428
161462
161465
161469
161505
161516
161652
161703
161732
161759
161785
161861
161915
162014
162027
162061
162075
162089
162104
162119
162306
162314
162344
162426
162429
162438
162465
162498
162519
162629
162706
162747
162763
162785
162792
162828
162850
162873
162937
163010
163016
163021
163040
163058
163059
163129
163169
163231
163313
163325
163426
163486
163487
163507
163521
163653
163662
163891
163896
163912
163921
163953
163994
164115
164143
164148
164157
164214
164224
164234
164305
164314
164388
164419
164438
164463
164472
164550
164576
164640
164652
164660
164675
164705
164710
164731
164736
164761
164851
164991
165018
165125
165137
165220
165386
165389
165417
165435
165473
165502
165569
165609
165616
165620
165632
165642
165695
165701
165708
165740
165866
165929
165951
165974
165984
166025
166059
166068
166075
166102
166187
166210
166275
166347
166357
166423
166430
166483
166496
166513
166530
166557
166559
166586
166600
166740
166765
166789
166905
166915
166945
167026
167057
167095
167137
167138
167145
167226
167237
167281
167291
167326
167353
167470
167479
167577
167622
167648
167694
167748
167774
167786
167804
167810
167857
167873
167944
167976
168002
168020
168043
168131
168135
168279
168293
168296
168300
168364
168366
168400
168490
168499
168590
168621
168667
168669
168672
168742
168811
168873
168895
169012
169063
169102
169118
169288
169336
169349
169376
169399
169430
169436
169448
169463
169472
169515
169529
169615
169621
169795
169815
169867
169873
169890
169914
170015
170033
170041
170086
170139
170173
170178
170183
170232
170267
170297
170306
170320
170339
170346
170403
170411
170429
170501
170572
170586
170603
170695
170705
170737
170744
170823
170874
170966
171048
171117
171131
171132
171173
171182
171248
171267
171300
171314
171315
171364
171419
171588
171665
171669
171790
171864
171876
171880
172024
172128
172129
172168
172189
172267
172293
172460
172491
172540
172567
172701
172706
172739
172796
172807
172915
172932
172953
173041
173108
173116
173235
173268
173294
173300
173358
173361
173365
173516
173534
173536
173554
173591
173638
173644
173654
173665
173673
173694
173780
173910
173989
174058
174071
174082
174138
174163
174193
174209
174222
174362
174367
174375
174551
174554
174590
174674
174677
174684
174699
174728
174763
174789
174791
174868
174912
174921
174951
174982
174997
175064
175094
175109
175143
175200
175222
175262
175264
175284
175296
175305
175444
175461
175488
175642
175645
175651
175682
175704
175713
175789
175803
175866
175871
175905
175927
175938
176052
176439
176441
176560
176607
176638
176702
176730
176771
176873
176916
177004
177009
177133
177209
177215
177328
177368
177381
177553
177555
177635
177649
177650
177662
177666
177710
177732
177740
177890
177935
177979
178016
178022
178053
178222
178236
178275
178288
178293
178383
178416
178419
178467
178504
178505
178507
178522
178618
178641
178643
178649
178739
178832
178839
178868
178915
178925
178950
179053
179165
179179
179198
179212
179213
179223
179228
179312
179379
179389
179416
179418
179533
179537
179590
179591
179680
179683
179691
179748
179754
179759
179823
179824
179909
179919
179964
179977
179994
180010
180054
180143
180144
180184
180252
180285
180538
180549
180578
180612
180641
180725
180755
180758
180788
180790
180814
180817
180856
180892
180958
181050
181073
181112
181135
181186
181223
181310
181313
181325
181632
181642
181658
181719
181720
181747
181787
181896
181903
181905
181914
181949
181982
181988
182013
182022
182035
182082
182146
182196
182265
182300
182312
182324
182330
182428
182494
182507
182512
182518
182592
182664
182681
182683
182698
182827
182912
183014
183213
183237
183243
183249
183278
183312
183397
183476
183485
183579
183605
183628
183629
183659
183663
183722
183806
183973
184010
184016
184079
184110
184176
184269
184310
184333
184358
184390
184452
184472
184479
184495
184584
184586
184645
184656
184686
184696
184747
184801
184808
184850
184963
185049
185114
185233
185286
185310
185365
185375
185442
185601
185627
185810
185866
185869
185923
185927
186033
186047
186064
186102
186161
186162
186177
186220
186260
186262
186274
186320
186353
186364
186410
186457
186471
186604
186727
186789
186839
186920
186958
187069
187080
187170
187199
187238
187246
187249
187301
187338
187360
187372
187456
187551
187565
187570
187613
187638
187640
187641
187725
187762
187845
187893
188015
188026
188034
188073
188102
188131
188135
188144
188148
188162
188165
188209
188275
188402
188479
188510
188518
188553
188596
188598
188602
188608
188625
188648
188668
188747
188800
188880
188975
188982
188988
189035
189056
189071
189078
189102
189168
189198
189204
189221
189280
189282
189296
189304
189368
189427
189457
189463
189543
189569
189600
189616
189623
189700
189755
189756
189760
189776
189832
189833
189914
189983
190042
190082
190143
190149
190278
190355
190400
190446
190483
190504
190507
190513
190565
190667
190673
190692
190825
190857
190936
190976
191047
191074
191166
191237
191363
191411
191470
191476
191555
191641
191665
191687
191805
191887
191939
191946
192028
192056
192073
192131
192229
192256
192378
192402
192431
192445
192452
192580
192615
192623
192690
192736
192783
192801
192808
192826
192834
192883
192984
193011
193085
193102
193128
193162
193165
193196
193214
193229
193304
193326
193355
193397
193414
193423
193519
193528
193530
193555
193558
193668
193673
193678
193681
193685
193809
193846
193848
193858
193866
193870
193917
194057
194063
194071
194121
194130
194184
194287
194288
194349
194380
194429
194458
194461
194462
194507
194514
194524
194572
194660
194753
194805
194935
194991
195035
195063
195112
195156
195167
195319
195366
195397
195421
195429
195472
195482
195565
195572
195608
195674
195711
195719
195728
195793
195898
195925
195940
195945
196023
196040
196060
196077
196144
196146
196155
196160
196177
196192
196230
196290
196296
196311
196325
196371
196418
196452
196466
196473
196479
196494
196534
196546
196617
196639
196660
196695
196705
196878
196888
196895
196904
196970
196993
197038
197041
197047
197055
197107
197110
197147
197169
197196
197220
197287
197312
197334
197336
197364
197375
197393
197396
197409
197429
197434
197471
197574
197581
197613
197628
197660
197663
197673
197720
197724
197752
197797
197868
197985
198043
198058
198062
198073
198119
198215
198218
198219
198324
198338
198399
198474
198494
198510
198514
198523
198526
198658
198684
198692
198703
198772
198776
198826
198900
198908
198919
198979
198986
199053
199134
199150
199235
199311
199388
199417
199434
199448
199501
199510
199630
199642
199716
199735
199749
199777
200030
200035
200049
200085
200094
200162
200193
200212
200217
200249
200273
200327
200375
200406
200442
200444
200455
200516
200547
200635
200643
200689
200718
200794
200799
200863
200864
200870
200917
200960
200978
200989
201038
201046
201073
201074
201155
201372
201402
201426
201458
201479
201511
201574
201583
201609
201622
201627
201678
201714
201753
201775
201841
201879
201922
201955
201964
201976
202050
202055
202100
202131
202137
202154
202200
202220
202232
202246
202324
202394
202410
202455
202462
202512
202558
202588
202641
202695
202731
202749
202759
202969
202970
202986
203027
203028
203055
203108
203153
203165
203166
203169
203236
203259
203289
203355
203391
203395
203405
203409
203415
203458
203469
203547
203589
203683
203768
203791
203813
203849
203857
203895
203902
203957
203965
203986
204244
204254
204260
204281
204338
204351
204429
204469
204555
204591
204594
204626
204643
204679
204724
204751
204779
204810
204897
204931
204954
205019
205098
205110
205111
205147
205168
205172
205308
205430
205578
205608
205616
205623
205663
205689
205824
205899
205935
205943
205960
205999
206020
206097
206098
206156
206157
206214
206253
206338
206628
206637
206661
206781
206850
206862
206879
206919
206926
206934
206986
207076
207077
207084
207127
207186
207205
207263
207321
207333
207347
207362
207445
207456
207511
207616
207648
207666
207875
207920
207949
208053
208080
208089
208149
208256
208290
208336
208400
208426
208487
208600
208614
208615
208665
208676
208683
208741
209021
209084
209121
209135
209186
209188
209195
209198
209280
209303
209334
209422
209450
209469
209509
209544
209559
209577
209587
209602
209604
209638
209669
209694
209713
209765
209808
209857
209876
209899
209983
210011
210106
210110
210151
210153
210180
210273
210354
210423
210516
210589
210631
210693
210715
210749
210754
210762
210789
210797
210847
210876
210910
210923
210972
211012
211104
211105
211200
211217
211226
211249
211271
211272
211324
211366
211411
211437
211441
211457
211466
211478
211479
211526
211533
211584
211661
211713
211745
211786
211798
211850
211902
212046
212047
212054
212132
212172
212221
212254
212290
212317
212387
212392
212440
212481
212516
212542
212595
212597
212617
212643
212648
212673
212739
212847
212862
212887
212994
213006
213024
213106
213107
213108
213117
213181
213196
213243
213390
213478
213716
213758
213761
213764
213772
213938
213940
213998
214049
214203
214233
214277
214291
214325
214369
214451
214465
214567
214661
214666
214716
214746
214781
214815
214861
214931
214938
215075
215076
215082
215118
215157
215274
215318
215326
215337
215411
215444
215542
215550
215585
215627
215666
215804
215872
215951
215985
215998
216086
216087
216093
216251
216303
216366
216403
216412
216438
216478
216489
216490
216499
216517
216565
216605
216647
216699
216807
216817
216847
216920
216928
216932
216946
216958
216963
217009
217096
217100
217131
217177
217179
217336
217362
217363
217374
217382
217494
217543
217609
217628
217643
217655
217683
217692
217728
217739
217750
217756
217785
217812
217823
217992
218045
218108
218112
218197
218217
218272
218277
218282
218321
218349
218355
218361
218395
218402
218706
218725
218727
218749
218757
218767
218799
218837
218862
218874
218901
218927
218937
218940
218945
218995
219007
219010
219018
219080
219093
219104
219165
219172
219211
219214
219217
219268
219270
219327
219359
219385
219409
219416
219452
219487
219495
219567
219607
219677
219767
219951
220016
220085
220088
220097
220104
220118
220149
220151
220158
220198
220211
220226
220281
220284
220300
220340
220455
220479
220532
220574
220575
220600
220610
220613
220633
220648
220658
220673
220749
220773
220791
220830
220878
220883
220895
220939
220964
220969
220996
221019
221020
221076
221087
221093
221161
221167
221229
221231
221331
221333
221353
221384
221397
221425
221463
221506
221553
221570
221622
221627
221706
221739
221752
221762
221782
221791
221906
221918
221941
222005
222025
222059
222160
222184
222189
222229
222233
222252
222255
222288
222298
222435
222443
222446
222487
222575
222650
222673
222703
222707
222781
222842
222931
222949
222963
223007
223132
223141
223228
223235
223256
223307
223313
223351
223386
223433
223435
223467
223487
223496
223604
223612
223623
223631
223633
223640
223675
223699
223782
223822
223843
223863
223890
223929
223955
223990
224066
224070
224116
224177
224185
224262
224283
224286
224302
224305
224382
224391
224403
224482
224567
224599
224721
224752
224759
224852
224893
224931
224941
225060
225110
225123
225136
225198
225232
225289
225297
225330
225397
225403
225422
225515
225527
225532
225564
225626
225671
225787
225827
225851
225905
225914
225923
226047
226065
226081
226150
226169
226187
226499
226522
226581
226619
226701
226716
226735
226740
226813
226878
226913
226933
226968
226996
227094
227124
227136
227192
227251
227301
227330
227346
227353
227354
227380
227438
227463
227512
227531
227624
227682
227743
227801
227820
227986
227994
228040
228103
228133
228258
228293
228295
228298
228351
228358
228380
228416
228494
228525
228560
228572
228619
228626
228680
228681
228741
228758
228775
228784
228814
228827
228940
229017
229075
229153
229165
229227
229236
229252
229264
229269
229281
229314
229329
229345
229429
229435
229453
229493
229563
229576
229588
229710
229723
229727
229833
229847
229911
229917
229950
229961
229980
229988
230053
230110
230157
230239
230253
230260
230320
230342
230357
230387
230400
230415
230437
230459
230513
230530
230578
230643
230666
230670
230695
230797
230806
230808
230825
230865
230875
230877
230878
230910
230925
231008
231061
231112
231183
231187
231217
231251
231283
231328
231340
231342
231345
231346
231454
231508
231522
231530
231536
231542
231716
231747
231830
231896
231906
231908
231978
232012
232027
232056
232065
232251
232333
232373
232384
232456
232507
232554
232638
232699
232703
232716
232753
232784
232799
232823
232835
232860
232965
232982
232984
233056
233058
233095
233106
233207
233210
233221
233254
233292
233347
233382
233466
233476
233590
233609
233637
233695
233700
233724
233774
233785
233955
234015
234022
234028
234037
234082
234115
234126
234128
234133
234159
234184
234217
234227
234271
234272
234296
234323
234354
234362
234405
234423
234451
234542
234688
234793
234804
234984
235094
235169
235223
235320
235341
235369
235370
235391
235395
235401
235412
235492
235540
235545
235567
235578
235594
235622
235639
235645
235649
235676
235696
235740
235765
235786
235802
235947
235980
236032
236052
236061
236169
236212
236213
236214
236242
236262
236283
236407
236456
236460
236461
236553
236577
236612
236629
236633
236652
236666
236780
236819
236823
236845
236870
236897
236906
236914
236998
237052
237055
237108
237180
237211
237248
237257
237272
237279
237284
237328
237389
237597
237622
237679
237699
237827
237832
237843
237959
237988
238091
238127
238157
238209
238237
238289
238328
238370
238379
238526
238568
238570
238591
238605
238704
238712
238741
238754
238777
238803
238832
238874
238926
239174
239209
239253
239327
239334
239477
239482
239517
239574
239618
239653
239682
239692
239709
239750
239751
239767
239795
239836
239870
239879
239954
239972
240063
240087
240213
240284
240353
240362
240419
240479
240506
240527
240543
240545
240572
240745
240809
240826
240886
240976
241016
241037
241070
241080
241113
241137
241183
241185
241220
241269
241328
241357
241402
241468
241519
241533
241581
241594
241708
241711
241748
241946
241995
242036
242047
242061
242095
242106
242120
242121
242309
242383
242391
242522
242524
242549
242596
242611
242618
242629
242683
242755
242784
242792
242837
242842
242858
242978
243048
243058
243114
243129
243177
243237
243240
243273
243279
243289
243369
243397
243418
243450
243468
243501
243505
243528
243540
243577
243579
243614
243649
243715
243842
243904
243910
243937
243995
244013
244043
244064
244111
244147
244173
244206
244229
244244
244249
244340
244442
244456
244475
244585
244602
244607
244779
244806
244814
244824
244979
245006
245104
245111
245158
245168
245203
245246
245249
245329
245331
245344
245371
245395
245455
245553
245609
245760
245794
245839
245881
245898
246047
246079
246087
246122
246127
246132
246221
246286
246411
246418
246433
246437
246474
246504
246594
246600
246601
246683
246722
246836
246901
246912
246946
246960
246987
247000
247004
247021
247173
247191
247254
247314
247315
247350
247352
247357
247373
247442
247460
247483
247537
247550
247599
247664
247687
247717
247732
247759
247801
247815
247830
247846
247939
247962
247966
248006
248059
248103
248122
248138
248186
248254
248317
248324
248330
248404
248406
248440
248444
248481
248486
248493
248498
248556
248578
248588
248640
248651
248658
248727
248770
248795
248819
248889
248915
248988
249039
249123
249285
249293
249302
249308
249313
249423
249466
249472
249480
249550
249552
249583
249603
249622
249639
249674
249732
249790
249798
249837
249858
249869
249979
249981
250062
250112
250161
250198
250261
250273
250313
250316
250352
250402
250406
250510
250549
250612
250615
250640
250646
250720
250772
250788
250810
250847
250878
250891
251032
251097
251098
251102
251107
251111
251129
251223
251228
251239
251262
251269
251277
251316
251338
251380
251472
251475
251531
251579
251606
251638
251669
251698
251716
251733
251803
251812
251821
251879
251891
251944
252023
252204
252208
252254
252330
252344
252390
252400
252443
252492
252501
252550
252574
252605
252664
252720
252745
252768
252861
252958
252986
252995
253009
253051
253060
253106
253118
253136
253166
253208
253215
253300
253344
253372
253466
253481
253534
253551
253614
253736
253757
253857
253864
253875
253990
254044
254048
254070
254072
254085
254101
254107
254145
254150
254177
254293
254407
254456
254485
254558
254765
254802
254818
254835
254884
254887
254893
254973
254975
255084
255105
255123
255124
255130
255151
255176
255194
255248
255334
255349
255363
255366
255433
255508
255542
255655
255724
255779
255784
255885
255917
255918
255934
256023
256042
256052
256062
256118
256186
256208
256225
256240
256298
256315
256324
256328
256355
256363
256365
256379
256451
256467
256491
256522
256526
256592
256611
256657
256671
256741
256801
256823
256902
257056
257072
257141
257147
257148
257297
257316
257373
257490
257494
257585
257595
257603
257629
257677
257679
257686
257694
257707
257724
257810
257852
257854
257879
257980
257981
258029
258049
258073
258112
258181
258262
258271
258277
258305
258325
258330
258391
258397
258452
258504
258545
258612
258615
258665
258695
258711
258721
258746
258828
258836
258891
258893
258898
258936
258948
258954
259008
259016
259036
259075
259100
259193
259242
259244
259269
259274
259324
259373
259423
259429
259430
259451
259507
259594
259657
259676
259714
259756
259825
259855
259864
259917
259943
259946
259972
260118
260190
260234
260257
260274
260299
260306
260331
260372
260452
260476
260555
260574
260629
260679
260701
260714
260722
260773
260846
260917
260990
261002
261107
261160
261197
261279
261291
261361
261416
261480
261499
261518
261527
261546
261559
261574
261679
261732
261768
261834
261843
261845
261856
261874
261885
262023
262185
262228
262232
262275
262287
262293
262345
262373
262377
262385
262386
262396
262408
262415
262483
262514
262557
262673
262674
262700
262743
262804
262850
262853
262883
262961
262969
262975
263012
263033
263046
263061
263064
263079
263110
263111
263133
263142
263226
263252
263290
263307
263360
263397
263496
263502
263518
263597
263601
263612
263647
263666
263684
263715
263776
263786
263829
263857
263866
263899
263919
263989
263995
263997
264067
264094
264147
264160
264174
264204
264221
264227
264244
264255
264257
264287
264312
264390
264409
264425
264476
264520
264564
264614
264651
264664
264714
264742
264770
264800
264823
264942
264956
264957
264976
264980
265019
265041
265072
265105
265234
265305
265337
265341
265347
265353
265358
265363
265364
265373
265437
265469
265543
265626
265690
265723
265761
265903
265922
265952
265978
266021
266038
266061
266083
266089
266136
266141
266146
266162
266184
266192
266199
266302
266304
266311
266438
266559
266669
266677
266680
266690
266742
266767
266803
266806
266862
266870
266893
266984
266988
267088
267089
267090
267111
267118
267344
267385
267406
267475
267523
267594
267634
267772
267788
267817
267831
267832
267852
267932
267992
268136
268147
268202
268474
268518
268541
268565
268628
268685
268714
268719
268740
268757
268770
268877
268880
268932
268994
269012
269048
269067
269108
269154
269168
269187
269192
269204
269276
269284
269336
269389
269400
269420
269422
269440
269468
269484
269534
269559
269561
269607
269611
269627
269633
269661
269733
269886
269914
269917
269952
269986
270010
270080
270276
270303
270320
270324
270333
270422
270522
270544
270604
270614
270659
270678
270902
270955
270996
271023
271049
271078
271087
271112
271133
271159
271170
271192
271229
271247
271268
271341
271354
271370
271382
271448
271461
271476
271492
271664
271666
271674
271675
271742
271798
271815
271853
271881
271939
272008
272012
272024
272035
272094
272121
272138
272213
272314
272323
272412
272428
272468
272513
272514
272591
272611
272616
272650
272655
272758
272785
272811
272813
272820
272822
272826
272845
272848
272896
272901
272926
272930
272966
272998
273113
273155
273157
273201
273204
273257
273270
273277
273287
273288
273411
273420
273520
273622
273663
273686
273852
273886
273966
274029
274113
274132
274149
274168
274196
274242
274278
274325
274331
274396
274409
274426
274447
274487
274493
274579
274603
274620
274626
274642
274667
274673
274685
274703
274721
274749
274800
274931
274948
274988
274997
275028
275124
275174
275240
275263
275272
275290
275298
275308
275340
275352
275416
275429
275447
275453
275608
275700
275762
275789
275797
275882
275989
276036
276047
276057
276183
276190
276192
276197
276222
276229
276324
276353
276428
276461
276501
276530
276536
276568
276611
276623
276768
276771
276839
276894
276930
276984
277048
277051
277070
277097
277119
277199
277237
277243
277249
277267
277272
277284
277304
277346
277360
277369
277370
277387
277396
277398
277490
277524
277556
277559
277606
277607
277634
277658
277700
277709
277714
277720
277778
277785
277792
277857
277926
277949
277952
277957
277987
278008
278009
278010
278045
278056
278060
278120
278154
278157
278183
278208
278238
278283
278403
278412
278416
278421
278451
278493
278534
278546
