282
621
720
925
1036
1193
1277
1300
1592
1901
1999
2102
2344
2842
3151
3254
3556
3876
3912
3915
3983
4021
4167
4169
4316
4421
5145
5315
5445
5627
5670
5858
6085
6345
6370
6528
6855
6907
7251
7554
7702
7726
8443
8557
8750
8775
8931
8939
9111
9131
9208
9253
9293
9378
9520
9631
9769
10163
10334
10422
10624
10625
11027
11162
12257
12290
13201
13212
13379
13426
13462
13732
13811
13864
13912
14333
14383
14510
14731
14776
14845
15440
15615
16137
16319
16564
17182
17420
17768
17977
18388
18512
18757
18829
18920
19145
19662
19830
20087
20129
20491
20766
21344
21370
21452
21872
22480
23055
23677
23796
23994
24132
24169
24195
24385
24450
24504
24899
24925
25514
25737
25866
25941
26555
26642
27105
27125
27917
28308
28327
28750
28895
29046
29370
29380
29485
29774
29839
29996
30023
30147
30354
30484
30625
30703
30734
30821
30952
31223
31393
31464
31524
31693
31694
31707
31737
31746
32440
32526
32642
33042
33571
33731
33827
34003
34035
34605
34795
35023
35044
35336
35440
35599
35611
35645
35966
36220
36276
36537
36752
36816
36944
37032
37567
37651
37789
37807
37825
37973
38017
38295
38387
38524
38632
38870
38892
38944
38978
39503
39581
40026
40249
40618
40779
40783
40793
40957
41268
41288
41362
41600
41764
42053
42096
42587
42601
42606
42677
43038
43109
43425
43466
43571
43683
44074
44218
44252
44396
44427
44478
44607
44748
45039
45121
45247
45282
45349
45555
45556
45997
46171
46613
46763
46888
47146
47363
47760
47810
48034
48118
48298
48995
49047
49078
49265
49458
49627
49664
49886
50085
50148
50192
50484
50518
50788
50802
50805
50998
51200
51326
51364
51423
51430
51675
51685
51740
51850
52106
52183
52491
52611
52617
52736
52979
53146
53499
53777
53834
53934
54269
54365
54674
54955
55018
55106
55675
55726
55758
55819
55821
55894
56008
56081
56465
56474
56532
56675
56695
56923
57070
57145
57400
57597
57637
57750
57794
57938
58013
58153
58394
58509
58690
59438
59517
59842
59894
60143
60782
60808
60847
60902
61020
61030
61141
61252
61433
61464
61546
61569
62020
62474
62898
63162
63582
63585
63860
63992
64268
64542
64549
64749
64913
64934
64979
64983
65748
66027
66161
66163
66252
66312
66508
66716
66731
66744
67151
67430
67439
67517
67521
67812
67903
67920
68262
68272
68307
68629
68634
68658
68893
69259
69337
69391
69592
70036
70758
70960
71049
71183
71198
71472
71782
71849
72139
72148
72165
72183
73085
73317
73411
73592
73593
73594
73646
73877
74515
74566
74834
75136
75138
75726
75852
76191
76475
76534
76686
77019
77023
77100
77278
77398
77407
77721
77738
77889
78067
78153
78384
78428
78441
78542
79750
80053
80071
80594
80732
80757
81008
81018
81485
82294
82308
82407
82479
82602
82822
83228
83351
83355
83416
83435
83490
84301
84531
85123
85356
85441
85486
85635
86003
86061
86279
86667
86757
86772
86781
86997
86999
87192
87215
87375
87544
87724
87910
88243
88368
88513
88986
89165
89259
89454
89466
89475
89512
89629
89681
89901
90157
90176
90357
90377
90649
90711
90712
90746
90857
91030
91166
91298
91308
91638
92371
92513
92553
92559
92579
92878
92982
93031
93316
93319
93337
93395
93604
93866
93891
94007
94443
94454
94896
94931
95073
95185
95430
95467
95488
95503
95770
95898
96007
96374
96410
96463
96475
96710
96736
97603
97657
97803
98454
98490
98495
98532
98673
98678
98729
98988
99048
99101
99261
99511
99512
99865
100124
100371
101366
101619
101859
102097
102164
102218
102558
102698
103059
103071
103126
103531
103562
103647
103660
103777
103829
103929
103950
104054
104243
104298
104345
104362
104442
104727
104804
104970
105030
105191
105196
105255
105318
105436
105453
105575
105673
106016
106176
106275
106558
106585
106620
106636
106690
106774
107130
107296
107490
107561
107714
108324
108421
108623
108677
108699
108857
108916
108967
109547
109622
109757
109886
110028
110499
110505
110543
110726
111255
111309
111329
112277
112295
112307
112628
112828
112949
113371
113789
113818
113939
114007
114273
114545
114636
114808
114904
115104
115233
115486
115500
116078
116204
116495
116632
116645
117056
117089
117141
118223
118229
118693
118882
119029
119186
119265
119270
119305
119911
120044
120228
120468
120489
120893
121290
121454
121568
122061
122238
122239
122249
122421
122579
122581
122828
122839
123067
123166
123326
123605
123639
123683
124388
124477
124631
124633
125078
125269
125295
125448
125540
125978
126815
127143
127163
127226
127249
127453
127495
127546
127595
127853
127945
128026
128074
128126
128274
128319
128337
128366
128386
128421
128434
128473
128517
128586
128805
128967
128983
129003
129115
129432
129747
130033
130059
130220
130288
130391
130396
130459
130602
130702
130917
131159
131472
132101
132108
132136
132202
132207
132220
132914
133305
133406
133590
134051
134107
134211
134216
134463
134483
134507
134844
135060
135062
135140
135305
135471
135615
135653
136072
136101
136191
136326
136380
136394
137119
137132
137149
137259
137365
137402
137463
137506
137594
137732
137884
138102
138293
138387
138771
139034
139170
139421
139772
139825
139853
140065
140149
140208
140436
140959
141085
141218
141315
141390
141646
142051
142107
142115
142167
142168
142173
142187
142256
142270
142573
142831
143364
143385
143399
143476
143541
143571
143621
143641
143713
143940
144049
144409
144635
144664
145310
145321
145798
145840
145944
146264
146507
146708
146738
147069
147572
147843
148721
148890
149063
149146
149331
149380
149441
149572
149634
149800
150055
150341
150599
150792
150888
151066
151506
151730
151764
152044
152156
152264
152548
152641
152684
152851
152896
153075
153078
153159
153163
153333
153651
153661
153943
153981
154188
154247
154295
154402
154452
154562
154610
154763
155107
155109
155123
155168
155207
155255
155274
155298
155407
155622
155779
155872
156025
156040
156433
156759
156863
156938
157925
157939
157990
158122
158248
158291
158705
158714
158844
159003
159124
159231
159362
159400
159520
159679
159784
160199
160363
160413
160424
160496
161078
161148
161224
161410
161495
161784
162607
162842
163094
163442
163641
163750
163901
163934
163956
164013
164029
164253
164268
164417
164422
164595
164713
164740
164878
164879
164905
165225
165234
165271
165496
165542
165612
165648
165736
165782
165960
166191
166198
166264
166282
166322
166568
166660
166809
166953
167050
167104
167209
167262
167775
168101
168162
168194
168390
168565
168627
168659
168729
168773
168988
169001
169019
169283
169542
169562
169683
169700
169788
170478
170582
170644
170710
171316
171647
171707
172335
173147
173216
173447
173561
173796
173993
174173
174730
175060
175119
175597
175602
175728
175911
175928
176061
176244
176664
176770
177016
177094
177315
177486
177584
178230
178348
178420
178482
178569
178604
178607
178689
178747
178833
178980
179018
179089
179106
179120
179220
179695
179766
179900
180037
180107
180414
180595
180661
180711
180712
180805
181064
181083
181213
181278
181307
181660
181704
181987
182199
182343
182981
183101
183175
183233
183266
183302
183337
183590
183619
183946
184273
184336
184489
184563
185029
185061
185137
185498
185507
185952
185962
186148
186192
186672
187141
187229
187404
187880
187942
188068
188203
188345
188358
188361
188494
188849
189008
189042
189074
189251
189315
189574
189578
189601
189615
189768
190196
190210
190354
190404
190723
190971
191110
191310
191443
191532
191621
191865
191867
191871
192084
192152
192243
192274
192363
192390
192398
192507
192721
192807
192809
192955
193169
193235
193525
193597
193768
193852
193894
194254
194266
194351
194456
194511
194965
195051
195076
195667
195721
195744
195794
195973
196034
196267
196408
196528
196587
196682
196838
196953
196973
196987
197141
197360
197395
197448
197453
197618
197656
197734
197748
197773
197774
197778
197897
197914
198077
198244
198270
198274
198278
198422
198468
198677
198755
198797
198980
199129
199380
199411
199472
199528
199603
199828
199859
200048
200295
200704
200754
200763
200769
200815
201076
201644
201940
202000
202038
202194
202214
202350
202568
202613
202669
202733
202861
202862
203046
203189
203337
203341
203472
203562
203646
203779
203987
204292
204471
204472
204936
205394
205871
206024
206045
206113
206195
206221
206315
206326
206562
206650
207249
207618
207826
207874
207997
208079
208107
208386
208414
208424
208546
208968
209015
209023
209025
209051
209134
209431
209680
210037
210291
210313
210353
210356
210357
210449
210599
210610
210611
210659
210786
210934
210988
211241
211297
211571
211587
211800
211802
212101
212128
212171
212245
212419
212464
212812
212877
213076
213166
213189
213204
213550
213615
214101
214683
214950
215248
215533
215665
215693
215698
215745
215844
216018
216104
216254
216263
216410
217013
217706
217835
217908
218319
218385
218424
218493
218603
218634
218652
218794
218815
218928
219035
219158
219206
219290
219398
219548
219627
219715
219849
219860
219947
220099
220218
220438
220623
220778
220779
220823
221342
221459
221804
221851
221852
221987
222008
222055
222135
222187
222214
222218
222313
222421
222623
222649
222995
223214
223609
223643
223714
224069
224184
224289
224464
224542
224738
224894
224993
225029
225113
225171
225189
225272
225310
225549
225689
226310
226437
226642
226703
226964
227010
227096
227162
227164
227405
227466
227478
227625
227957
228041
228158
228303
228568
228597
228805
228811
228987
229031
229070
229219
229243
229260
229758
229846
230417
230625
230745
230874
231109
231248
231288
231566
231796
231855
232002
232059
232338
232657
232659
232923
233158
233278
233286
233585
233642
233652
233759
233880
233884
234334
234499
234647
234795
234831
235173
235230
235463
235756
235794
235817
235865
236189
236464
236480
236485
236528
236659
236720
237154
237575
237713
237744
237835
238626
238655
238668
238731
238817
239077
239108
239186
239508
239595
239606
239667
239802
239852
239873
239978
240031
240080
240206
240238
240287
240301
240421
240855
240933
241302
241460
241522
241680
241785
242023
242183
242197
242268
242426
242475
242507
242904
242937
243359
243384
243837
244093
244145
244202
244298
244341
244382
244421
244463
244729
244864
244879
245072
245151
245263
245303
245356
245406
246030
246126
246326
246338
246461
246544
246551
246772
246776
246904
246988
247052
247107
247421
247562
248128
248142
248204
248346
248393
248485
249199
249296
249317
249539
249569
249759
249761
249781
249787
249890
249891
250027
250178
250245
250353
250394
250599
250944
250964
251043
251130
251144
251301
251304
251534
251591
251618
251852
252167
252252
252345
252370
252380
252503
252575
253248
253605
253648
253676
253748
254223
254541
254545
254647
254651
254719
254886
254981
255063
255222
255331
255517
255682
255810
256066
256254
256287
256304
256567
256593
256617
256847
256886
256890
256988
257087
257407
257464
257540
257715
257856
258014
258238
258661
258664
258800
258840
258900
258950
259015
259164
259245
259270
259403
259474
259913
260067
260077
260088
260128
260269
260278
260374
260662
260857
260893
260954
260964
260980
261541
261735
262038
262213
262292
262314
262558
262605
262879
262892
263011
263025
263030
263041
263074
263102
263105
263449
263537
263673
263708
263719
263746
264039
264056
264143
264164
264242
264332
264349
264529
264581
264582
264650
264802
264832
264864
265208
265246
265270
265329
265615
265791
265815
265841
265987
266004
266015
266020
266198
266599
266780
267036
267044
267096
267103
267105
267129
267275
267305
267354
267386
267496
267637
267892
268128
268216
268249
268421
268457
268499
268736
268779
268814
269124
269159
269193
269588
269650
269838
269877
269903
269910
269926
270150
270268
270421
270455
270528
270726
270816
270911
271004
271101
271173
271496
271523
271846
272081
272287
272295
272374
272563
272855
272863
272970
273198
273413
273418
273487
273588
273590
273778
273902
274040
274246
274251
274255
274309
274604
274700
274933
275030
275161
275243
275443
275499
275704
275726
275854
275892
275894
275972
276098
276300
276339
276484
276726
276813
276818
276962
277063
277125
277154
277318
277353
277591
277669
277767
277784
277800
277805
277825
277859
278062
278132
278160
278201
278262
278275
278356
278363
278398
278413
278418
278437
278461
278488
278519
278583
278650
