119
391
577
811
926
1397
1595
1687
1727
2060
2328
2393
2432
2483
2717
2806
2868
2992
3050
3463
3526
4095
4099
4175
4217
4221
4256
4501
4607
4731
5766
5936
6019
6235
6262
6400
6479
6506
6689
6722
6806
6980
7141
7372
7923
8018
8114
8171
8205
8558
8598
8941
9163
9492
9976
10351
10406
10670
11394
11859
12297
12303
12346
12484
12509
12680
12748
12757
12817
12858
13022
13034
13040
13043
13463
13677
13722
13778
13921
14079
14209
14380
14569
14773
14818
14931
15248
15260
15293
15560
15601
15624
15642
15671
15742
16610
16612
16636
16884
16906
16926
17024
17369
18081
18755
18905
19125
19143
19236
19368
19376
19862
20430
20613
20811
20824
20972
21941
21950
21954
22001
22272
22636
22675
22747
22848
22992
23020
23923
23952
24033
24203
24593
24644
24788
25320
25401
25455
25686
25868
26400
26860
26879
26897
27060
27731
27815
27920
28113
28374
28467
28502
28559
28802
28828
29213
29547
29765
29815
30242
30629
30831
31094
31140
31177
31628
31939
32086
32102
32131
32177
32181
32365
32377
32386
33378
33492
33739
33954
33989
34193
34625
34784
34846
34957
35024
35124
35144
35156
35970
36488
36519
36642
36776
36879
37055
37561
37644
37979
38122
38136
38377
38530
38579
38773
38927
39010
39243
39506
39552
39556
39695
39743
39863
39982
40280
40337
40521
40530
40798
40864
41065
41373
42196
42419
42538
42550
42671
42897
42930
43364
43370
43530
43708
43728
43811
44300
44359
44446
44704
45032
45687
45804
46113
46342
46586
46621
47004
47225
47273
47324
47496
47659
47769
48135
48154
48413
48939
48968
49083
49583
49590
49661
50532
50651
50821
50991
51030
51249
51340
51578
51701
51837
52295
52422
52444
52636
52686
52737
53304
53313
53323
53713
53823
54204
54296
54308
54357
54539
55032
55238
55290
55467
55647
55992
56491
56956
57675
57693
57751
57757
57835
57917
57974
58386
58787
59058
59146
59297
59333
59540
59669
59670
59689
59864
59869
60029
60082
60202
61205
61222
61648
61654
61732
61777
62028
62400
62504
62675
62911
63026
63288
63662
63962
64389
64659
65172
65286
65798
65818
65956
65961
66078
66542
66568
66655
66711
66725
67109
67188
67280
67336
67377
67475
67633
68113
68183
68300
68799
68984
68997
69085
69113
69192
69273
69426
69470
69666
69984
70153
70485
70497
70896
70917
71219
71414
71434
71784
71906
71911
72272
72379
72495
72539
72943
72967
73117
73232
73252
73777
73831
73881
73974
74268
74393
74571
74588
74928
75041
75219
75521
75710
75722
75858
76122
76149
76306
76364
76480
76704
77030
77307
78003
78108
78390
79005
79084
79124
79135
79304
79986
80014
80230
80255
80328
80458
80607
80772
81000
81112
81114
81287
81358
81620
81639
81659
81686
82245
82388
82723
82934
83071
83163
83226
83246
83316
83590
83766
83770
83809
83864
84007
84480
84491
84979
85003
85289
85361
85589
85644
85945
86016
86060
86130
86517
86578
86721
87065
87151
87536
87911
88217
88228
88655
89035
89079
89193
89201
89331
89427
89719
89732
89906
90836
91103
91275
91415
91681
91805
92327
92521
92804
92913
93137
93162
93198
93325
93377
93412
93799
94065
94573
94862
95025
95300
95610
96248
96419
96578
96745
96807
96817
97349
97518
97531
97705
97765
97920
98107
98379
98447
98460
98476
98545
98656
98687
98833
99158
99255
99356
99846
99877
99932
100189
100248
100388
101346
101386
101601
101905
102001
102225
102349
102429
102461
102604
102631
102861
102965
103168
103525
104055
104101
104171
104185
104322
104327
104499
104503
104525
104538
104756
104973
105375
105524
106020
106166
106245
106382
106496
106590
106830
106896
107129
107217
107274
107612
107959
108105
108167
108465
108846
109016
109238
109307
109400
109802
110584
110688
111519
111536
111621
111908
111979
112015
112031
112091
112479
112609
112866
112984
113481
113497
113614
113934
113999
114536
114583
114645
114819
114941
115121
115268
115364
115617
115739
115956
115992
116025
116184
116316
116468
117087
117272
117346
117407
117579
117612
118154
118682
118709
119033
120115
120130
120311
120367
120464
120544
120849
120961
121002
121802
121899
122051
122153
122290
122454
122741
122933
123063
123191
123308
123679
123706
123744
124603
124936
124948
125325
125430
125586
125884
126255
126332
126438
126458
126671
127124
127570
127580
127908
127965
128487
128494
128611
128943
129111
129214
129292
129422
129621
130054
130161
130418
130419
130618
130716
130776
130915
131292
131413
132070
132071
133372
133585
133792
133816
133924
134122
134200
134666
134807
134877
134984
135268
135304
135441
135516
135566
135625
135930
135943
136166
136283
136473
136491
136790
136881
137145
137170
137257
137358
137658
138193
138451
138556
138603
138695
138835
139476
139520
139756
139919
139970
140023
140144
140165
140568
140646
141357
141955
141965
142715
142717
142904
143064
143167
143247
143756
143798
143803
143822
144077
144155
144377
144448
144614
144642
144692
144930
145143
145155
145160
145249
145258
145447
145582
146195
146204
146223
146276
146374
146707
146937
148065
148349
148596
148689
148715
148806
149442
149501
149513
150275
150332
150526
150893
151035
151176
151192
151696
151860
152493
152828
153105
153217
153342
153521
153719
153725
153846
153990
154312
154327
154464
155048
155053
155124
155778
155834
156019
156286
156423
156432
156436
156729
156949
156973
157095
157152
157237
157375
157852
157929
158052
158119
158126
158154
158286
158991
159342
159450
159556
160971
161176
161239
161405
161598
161652
162061
162164
162278
162384
162724
163022
163074
163486
163774
163845
163898
163978
164040
164136
164509
164536
164576
164597
164811
164882
164910
165245
165417
165509
165948
166145
166275
166384
166423
166581
166600
166871
166983
167255
167479
167810
168169
168481
168490
168574
168608
168895
169003
169250
169316
169450
169476
169515
169584
169657
169719
169846
169922
170060
170061
170093
170202
170215
170474
170568
171487
172012
172475
172521
172622
172719
172807
173117
173554
173967
174362
174622
174675
174718
175018
175139
175215
175374
175648
175742
175997
176030
176362
176424
176988
177104
177449
177553
177707
178006
178011
178016
178287
178778
178915
179051
179839
180172
180674
181238
181508
181577
181615
181632
181944
181985
182084
182163
182333
182576
182592
182739
182950
182995
183016
183173
183520
183827
183973
184230
184235
184351
184477
184499
186032
186102
186165
186187
186386
186430
186536
187195
187510
187638
187890
188075
188080
188126
188179
188778
188997
189026
189242
189440
189516
189863
190309
190312
190352
190374
190441
190500
190543
190627
190891
191854
192120
192241
192283
192445
192624
192690
192728
192871
192988
193189
193224
193382
193535
193555
193603
193887
194003
194462
194529
194919
194936
195158
195187
195247
195966
196001
196180
196242
196272
196304
196554
196572
196621
196888
197030
197047
197161
197393
197408
197434
197461
197718
197938
197984
198684
198687
199095
199189
199282
199448
199510
200089
200115
200375
201027
201176
201606
201635
201807
201841
201985
202191
202394
202594
202678
202706
203234
203241
203398
203414
203540
203881
204260
204419
204800
204833
204889
205626
205921
205935
206129
206193
206214
206244
206266
206584
207040
207084
207085
207140
207349
207816
207880
208188
208487
208604
208676
208861
209334
209617
209638
209801
209811
209984
210041
210127
210135
210184
210273
210384
210863
211388
211392
211410
211441
211466
211584
211736
212092
212221
212307
212308
212309
212643
212900
213136
213142
213308
213424
213471
213589
213656
213864
214248
214291
214451
214454
214505
214704
215076
215170
215254
215585
215753
215792
215912
216086
216354
216417
216489
216595
216963
216966
217009
217080
217120
217259
217270
217607
217609
217723
217785
217959
217962
218001
218005
218324
218394
218927
218985
219018
219036
219830
220080
220428
220546
220600
220648
220877
220954
220992
221011
221174
221288
221368
221395
221748
222081
222184
222233
222300
222319
222411
222504
222575
222676
222915
222962
222963
223072
223296
223312
223345
223421
223604
223673
223782
224051
224125
224286
224333
224359
224382
224475
224557
224931
225439
225796
226275
226282
226328
226432
226918
226931
227064
227380
227524
227552
227972
227994
228113
228681
228733
229073
229264
229345
230102
230260
230383
230459
231073
231531
232313
232576
233464
233623
233837
234015
234227
234278
234542
235064
235269
235366
235395
235455
235725
235751
235986
236288
236661
236749
237059
237352
237962
238103
238109
238129
238417
238431
238454
238760
238920
238970
239159
239195
239211
239427
239528
239671
240009
240225
240422
240919
240985
241051
241077
241257
241488
241841
241924
241980
242047
242410
242581
242835
243179
243195
243235
243524
243888
244043
244080
244456
245054
245081
245246
245480
245643
245687
245760
245846
245881
246221
246270
246994
247227
247328
247347
247718
247771
247840
247883
247988
248278
248582
248666
248867
248985
249036
249063
249208
249245
249412
249529
249555
249603
249665
249946
250026
250218
250261
250334
250397
250406
250413
250740
250886
250923
251086
251277
251279
251531
251669
251716
251855
251925
251939
252332
252344
252752
252824
252932
253013
253118
253313
253336
254010
254177
254407
254461
254708
254835
254896
255124
255151
255398
255400
255466
255474
255868
255904
255911
256477
256775
256808
257092
257101
257359
257490
257589
257668
257696
257746
257770
257997
258069
258325
258456
258476
258545
258605
258628
258898
259016
259077
259084
259191
259373
259579
259691
260462
260540
260814
261214
261478
261583
261836
261995
262029
262040
262396
262820
262920
263452
263476
263504
263647
263795
264018
264094
264137
264185
264205
264238
264354
264414
264604
264648
264938
264980
265386
265545
265557
265644
265830
265917
266327
266674
266690
266728
266729
266785
267113
267374
267634
267826
267832
268117
268299
268404
268689
268803
269006
269377
269418
269481
269733
269872
270129
270211
270299
270537
270565
270907
271078
271268
271330
271415
271466
271476
271586
271664
271798
271872
272024
272042
272054
272068
272232
272351
272353
272538
272575
272759
272916
272940
274261
274322
274499
274577
274608
274728
274913
274944
275208
275250
275252
275333
275487
275559
275755
275775
275842
275926
275989
276022
276257
276416
276502
276511
276554
276616
276781
276984
277237
277432
277556
277700
278154
278269
278326
278444
278472
278524
278602
