113
129
174
304
735
752
772
850
935
963
1070
1340
1445
1941
1983
2006
2043
2058
2157
2591
2616
2621
2624
2741
2780
3028
3064
3094
3215
3240
3289
3356
3442
3479
3506
3752
4009
4031
4037
4046
4093
4173
4181
4195
4231
4459
4559
4691
4703
5001
5061
5201
5498
5714
5841
5847
5877
5926
5985
6049
6051
6165
6252
6448
6519
6552
6882
7137
7348
7366
7524
7654
7707
7802
7950
8239
8362
8542
8748
8863
8923
8932
9166
9392
9394
9692
9796
9798
9957
9978
9996
10079
10171
10330
10450
10615
11082
11124
11462
11616
11805
11852
11886
12024
12066
12171
12378
12465
12536
12581
12593
12635
12678
12716
12760
12777
12813
12995
13037
13073
13279
13327
13402
13456
13564
13717
13929
14176
14291
14330
14345
14671
14689
14742
14960
15059
15113
15124
15196
15502
15602
15680
15728
15906
16353
16393
16441
16443
16451
16578
16646
16676
16701
16823
16873
16949
17426
17466
17590
17729
17978
18122
18142
18144
18381
18500
18526
18712
18731
19031
19037
19912
20534
20611
20759
20783
20862
20884
20903
21026
21113
21138
21328
21465
21561
21723
21729
21740
21782
21855
21938
22040
22586
22663
22688
23072
23146
23159
23300
23344
23369
23416
23488
23658
23698
23791
23920
24089
24133
24340
24561
24705
24786
24827
24828
24866
24894
25019
25087
25149
25332
25353
25358
25504
25518
25590
25838
26029
26259
26297
26330
26522
26570
26629
26638
26717
26829
26941
27193
27216
27240
27387
27576
27583
27590
27598
27649
27795
28158
28195
28303
28422
28623
28627
28741
28952
29127
29132
29203
29222
29226
29394
29787
29797
30002
30019
30160
30230
30601
30910
30917
30933
30944
30948
30994
31003
31019
31098
31175
31197
31259
31301
31447
31499
31525
31594
31605
31666
31690
31730
31784
31823
31889
32051
32349
32462
32541
32614
32645
32702
32772
32838
32958
33137
33145
33148
33171
33213
33225
33307
33453
33497
33801
33821
33825
33838
34451
34454
34488
34552
34613
34780
34948
35047
35099
35222
35253
35302
35461
35591
35681
35685
35732
35963
36269
36357
36370
36386
36541
36556
36560
36611
36663
36672
36737
37149
37241
37583
37760
37762
37790
37838
37867
38367
38403
38860
38945
39030
39245
39349
39431
39447
39456
39494
39501
39586
39827
39858
40120
40141
40181
40379
40389
40598
40630
40645
40652
40684
40713
40804
40899
40940
41202
41610
41659
41854
41896
41979
42060
42216
42267
42305
42359
42429
42463
42603
42785
43080
43094
43143
43165
43197
43212
43231
43248
43294
43580
43658
43670
43774
43838
43873
43964
44042
44208
44243
44256
44287
44328
44413
44496
44524
44526
44528
44888
45034
45125
45274
45285
45288
45324
45446
45460
45482
45620
45627
45725
45840
45954
45966
46052
46130
46223
46486
46592
46611
46724
46930
47026
47093
47278
47443
47504
47713
47789
47795
47862
47933
47965
47980
48131
48168
48209
48313
48336
48370
48468
48609
48665
48684
48936
48992
49024
49122
49405
49505
49553
49634
49713
49883
49982
50150
50288
50320
50598
50680
50692
50733
51057
51090
51163
51260
51339
51462
51583
51627
51708
51709
52070
52249
52253
52413
52416
52450
52575
52583
52642
52660
52831
53136
53169
53185
53324
53401
53647
53802
53818
53844
54081
54111
54113
54193
54200
54300
54421
54595
54597
54739
54899
54900
54983
55057
55071
55243
55254
55295
55686
55721
55838
56009
56047
56157
56192
56337
56423
56455
56595
56674
56741
56751
56983
57149
57184
57195
57206
57237
57374
57447
57471
57478
57484
57606
57636
57641
57734
57811
57936
57976
58167
58255
58337
58446
58580
58662
58930
59014
59203
59298
59372
59411
59499
59534
59713
59827
60072
60142
60181
60362
60398
60463
61230
61419
61435
61828
61863
61937
61996
62025
62158
62159
62256
62420
62442
62528
62694
62738
62838
62899
63054
63166
63167
63186
63559
63593
63641
63779
63873
63905
63943
64011
64035
64584
64665
64692
64939
65000
65015
65103
65104
65137
65160
65486
65578
65801
65845
65871
66456
66468
66595
66597
66784
66848
66851
66992
67018
67140
67273
67288
67380
67397
67506
67641
68076
68110
68118
68242
68329
68470
68513
68662
68921
68955
68987
69039
69096
69151
69278
69342
69930
69955
69970
70004
70059
70274
70450
70523
70538
70654
70673
70731
70733
71000
71273
71369
71393
71708
71768
71833
71870
72116
72421
72552
72569
72639
72730
72763
73225
73236
73256
73279
73846
73868
73919
74224
74394
74399
74486
74523
74656
74671
74686
74817
75107
75119
75235
75491
75576
75752
75843
75846
75913
76055
76076
76326
76562
76648
76824
77079
77120
77235
77397
77409
77459
77634
77683
77772
78065
78075
78228
78322
78389
78432
78452
78579
78953
79016
79149
79170
79429
79563
79571
79579
79611
79663
79669
79917
79929
80036
80213
80323
80348
80531
80590
80754
80769
80807
80883
80897
80900
80902
81172
81262
81540
81564
81729
81819
81984
81985
82019
82043
82161
82270
82290
82531
83079
83157
83164
83244
83288
83484
83498
83619
83638
83646
83666
83727
83728
83842
84112
84150
84154
84156
84178
84378
84471
84625
84734
84770
84892
85012
85032
85072
85204
85239
85320
85334
85382
85492
85626
85671
85706
85806
85892
86197
86260
86418
86476
86567
86570
86594
86610
86636
86720
86875
86968
86974
87024
87141
87292
87439
87474
87549
87554
87589
87615
87780
87807
88212
88226
88350
88357
88428
88429
88443
88638
88680
88681
88828
88848
88903
88937
88976
89001
89221
89235
89313
89372
89408
89443
89462
89572
89991
90144
90175
90205
90241
90248
90259
90391
90804
90844
90939
90979
91029
91193
91346
91423
91440
91500
91556
91775
91780
91804
91971
92190
92306
92378
92509
92558
92937
93096
93218
93283
93299
93327
93682
93790
93954
94012
94060
94207
94223
94268
94444
94477
94760
94857
94947
95107
95255
95282
95299
95421
95478
95480
95576
95676
95975
96005
96297
96306
96387
96506
96509
96514
96557
96561
96697
96704
96749
96848
96963
97217
97246
97263
97416
97684
97795
97870
97872
98070
98071
98080
98155
98157
98265
98423
98502
98530
98626
98720
98765
98837
98946
99069
99102
99135
99171
99211
99237
99362
99501
99762
99894
99959
100370
100426
100527
100659
100698
100707
100753
100757
100846
100989
101195
101230
101232
101657
101668
101749
101874
101949
102358
102370
102441
102749
102755
102856
102888
103044
103199
103223
103225
103430
103440
103458
103593
103597
103606
103657
103779
103832
103905
103926
103959
103972
104089
104209
104240
104365
104411
104735
104841
104938
105005
105079
105133
105246
105314
105320
105362
105384
105393
105490
105580
105615
105663
105670
105774
105816
105832
105837
105931
106002
106012
106027
106163
106504
106603
106635
106687
106703
106848
106925
107005
107124
107138
107260
107284
107391
107445
107647
107667
107710
107755
107817
107865
107973
107991
108217
108285
108341
108342
108362
108614
108636
108708
108713
108738
108765
108778
108830
108851
108975
108997
109040
109077
109126
109234
109253
109302
109469
109504
109624
109680
109871
109942
110029
110216
110457
110461
110480
110522
110595
110714
110963
111225
111386
111418
111521
111569
111691
111730
111932
111997
112051
112136
112145
112182
112224
112240
112297
112304
112481
112530
112632
112638
112663
112759
112835
112877
112889
113025
113106
113108
113128
113164
113334
113374
113376
113445
113465
113468
113470
113493
113501
113544
113643
113667
113679
113769
114106
114134
114145
114322
114470
114609
114848
115059
115085
115175
115303
115572
115621
115674
116061
116069
116179
116532
116657
117073
117243
117247
117453
117665
117731
118111
118157
118244
118293
118348
118492
118587
118739
118861
118863
118940
119105
119212
119300
119325
119337
119347
119400
119403
119622
119684
119858
119872
120183
120404
120450
120504
120568
120886
120929
121140
121150
121214
121306
121338
121418
121579
121749
121763
121902
121981
122133
122148
122178
122406
122873
123019
123095
123121
123148
123381
123407
123473
123479
123500
123562
123720
123724
123738
123767
123808
123837
123992
124091
124167
124266
124608
124666
124764
124841
125046
125112
125131
125284
125792
125926
125980
126134
126516
126763
126980
127193
127268
127361
127592
127698
127932
128083
128101
128166
128343
128359
128402
128418
128469
128490
128705
128717
128749
129093
129206
129281
129413
129800
129818
129873
130002
130063
130131
130442
130475
130629
130733
130767
130928
131146
131150
131201
131271
131273
131298
131370
131427
131503
131526
131548
131584
131656
131667
131898
131938
132074
132109
132153
132200
132554
132616
132822
132932
133080
133185
133377
133588
133628
133677
133775
133988
134009
134067
134642
134785
134947
134992
135033
135111
135114
135270
135609
135634
135696
135736
135742
135855
135863
135978
136055
136077
136284
136325
136410
136415
136437
136507
136620
136843
136890
137151
137204
137241
137242
137288
137412
137437
137439
137502
138422
138435
138452
138588
138839
138965
139105
139129
139532
139608
139739
139799
139826
139832
139859
139928
139945
139954
139955
140044
140071
140083
140093
140155
140188
140210
140245
140249
140278
140346
140443
140500
140508
140531
140553
140588
140598
140775
141119
141176
141232
141348
141692
141725
141740
141768
141816
141830
141831
141848
141856
141914
141920
141977
141979
142044
142090
142118
142142
142205
142265
142354
142365
142366
142386
142484
142544
142638
142689
142868
143348
143417
143520
143691
144026
144065
144164
144197
144215
144226
144333
144547
144596
144663
144682
144777
145427
145495
145509
145528
145570
145575
145767
145997
146047
146059
146199
146325
146364
146435
146475
146549
146589
146657
146806
147043
147168
147199
147237
147262
147272
147324
147391
147409
147413
147414
147440
147442
147468
147503
147756
147796
147900
148002
148003
148019
148037
148058
148205
148316
148365
148590
148645
148651
148756
148812
148818
148829
148841
148967
149012
149216
149230
149294
149624
149641
149719
149856
149900
149971
149975
149983
150191
150406
150495
151067
151107
151172
151173
151264
151375
151420
151518
151825
152014
152076
152192
152539
152669
152850
153052
153396
153482
153494
153574
153691
153760
153785
153828
153884
153967
154041
154116
154150
154155
154258
154305
154394
154505
154634
154920
154978
155004
155026
155083
155131
155151
155186
155324
155409
155442
155470
155541
155564
155705
155745
155809
155838
155883
155896
155914
155946
155962
156041
156051
156153
156169
156229
156316
156346
156467
156609
156700
156743
156744
156815
156901
156915
156947
157041
157413
157549
157551
157575
157792
157872
157927
157951
157996
158080
158216
158364
158786
158796
158843
158924
159040
159050
159053
159279
159310
159414
159434
159513
159549
159587
159758
160067
160261
160273
160342
160345
160387
160657
160667
160691
160790
160818
160831
160838
160888
160988
160996
161122
161141
161196
161415
161655
161714
161738
161780
161804
162050
162068
162129
162221
162303
162317
162342
162604
162613
162657
162722
162760
162985
163170
163372
163414
163523
163539
163800
163855
163940
163964
164058
164066
164133
164221
164240
164273
164449
164461
164585
164607
164781
165191
165495
165541
165576
165585
165597
165605
165687
165729
165745
165971
166026
166156
166165
166320
166355
166473
166579
166815
166838
166859
166907
166937
166960
166982
166984
167242
167338
167412
167514
167576
167617
167663
167686
167833
167837
167936
167947
168062
168075
168199
168372
168495
168609
168836
168942
168974
169084
169195
169394
169431
169519
169611
169762
169861
169875
169946
170357
170370
170541
170889
171232
171250
171272
171409
171482
171590
171702
171750
171784
172060
172249
172372
172410
172495
172512
172533
172617
172657
172828
172848
172921
172973
173081
173220
173250
173356
173386
173494
173582
173629
173719
173759
173771
173842
174010
174206
174232
174297
174382
174519
174544
174658
174740
174760
174785
174819
174995
175015
175027
175177
175255
175319
175357
175453
175511
175736
175774
176102
176165
176167
176200
176382
176567
176662
176695
176717
176775
176795
176856
176897
176937
176948
177397
177446
177455
177522
177614
177699
177708
177794
177843
178041
178090
178386
178397
178866
178984
179031
179141
179287
179433
179467
179673
179709
179756
179798
179801
179904
179908
180066
180089
180142
180146
180157
180254
180403
180408
180431
180520
180806
181103
181123
181163
181209
181236
181471
181708
181717
181740
181780
181784
181835
181940
182010
182056
182100
182190
182207
182250
182318
182353
182501
182580
182623
182649
182944
182964
183032
183093
183127
183186
183187
183338
183415
183497
183506
183538
183543
183558
183906
183969
183982
184181
184320
184487
184491
184652
184814
184893
185215
185232
185363
185439
185518
185752
185756
185791
185798
185804
185979
185994
186045
186053
186094
186096
186172
186306
186548
186606
186667
186677
186706
186725
186774
186863
186972
187066
187134
187169
187242
187317
187357
187359
187374
187406
187564
187603
187608
187649
187650
187769
188125
188222
188347
188554
188787
188865
188881
188913
188916
188953
188987
189027
189048
189094
189228
189294
189507
189521
189552
189581
189717
189801
189804
189844
189848
189989
189993
190182
190249
190378
190435
190436
190495
190499
190511
190573
190700
191019
191032
191158
191316
191433
191441
191456
191625
191728
191751
191980
192037
192199
192281
192299
192311
192524
192565
192582
192693
192730
192731
192778
192780
192805
192915
193078
193100
193285
193461
193477
193484
193518
193563
193577
193638
193723
193923
193931
193935
193971
194026
194205
194228
194241
194245
194374
194634
194640
194747
195059
195120
195228
195435
195526
195542
195653
195869
195901
195916
195955
196063
196082
196138
196142
196175
196183
196186
196244
196281
196364
196410
196515
196627
196637
196655
196672
196827
196872
196959
196966
197025
197315
197422
197424
197489
197499
197536
197545
197549
197550
197680
197705
197730
197790
197879
198108
198115
198326
198423
198473
198561
198810
199296
199459
199593
199606
199666
199677
199863
199920
200236
200330
200331
200508
200584
200663
200682
201016
201035
201043
201049
201314
201347
201396
201580
201618
201827
202080
202155
202363
202385
202483
202634
202754
202765
202859
203062
203116
203136
203137
203473
203505
203529
203724
203755
203781
203788
203798
203846
203923
203985
204003
204100
204158
204344
204467
204602
204908
204958
204980
205074
205319
205451
205614
205717
205937
205959
206175
206189
206198
206275
206493
206653
206859
206908
206923
206937
206942
207170
207206
207210
207217
207294
207453
207469
207543
207736
207909
207944
208105
208112
208241
208302
208423
208499
208516
208621
208685
208708
208714
208728
208898
208943
209100
209123
209148
209288
209336
209623
209626
209810
209905
210075
210132
210166
210283
210309
210311
210379
210392
210436
210505
210540
211195
211221
211251
211391
211523
211580
211582
211829
211897
212178
212302
212627
212857
212953
213071
213327
213458
213511
213684
213696
213731
213733
213755
213857
213894
214014
214144
214216
214324
214482
214705
214837
214884
214932
214976
214989
215218
215677
215736
215869
215915
216025
216213
216327
216350
216496
216551
216869
216954
217053
217066
217122
217197
217326
217392
217434
217451
217561
217879
217993
218130
218169
218485
218497
218759
218764
218788
218798
218910
218925
219011
219074
219121
219122
219134
219154
219181
219210
219258
219509
219893
219897
220145
220164
220186
220223
220308
220332
220436
220469
220520
220675
220727
220795
221300
221314
221477
222017
222068
222199
222239
222290
222325
222463
222480
222503
222520
222539
222601
222607
222776
222864
223094
223251
223266
223318
223368
223495
223767
223801
223832
223870
223883
224101
224173
224199
224248
224273
224279
224339
224380
224524
224545
224613
224643
224835
224900
224986
225005
225030
225036
225197
225327
225364
225474
225501
225696
225718
225775
226135
226358
226373
226394
226461
226495
226643
226677
226708
226987
227007
227026
227072
227187
227278
227324
227662
227672
227720
227744
227767
227860
227937
227968
228199
228254
228306
228426
228659
228742
228771
228787
228807
228896
228915
229060
229083
229135
229138
229211
229244
229315
229335
229454
229514
229610
229641
229729
229979
229994
230086
230220
230346
230451
230685
230873
230947
230976
231134
231180
231185
231225
231580
231671
231794
231866
231965
232126
232130
232354
232676
232898
232924
233046
233836
234033
234073
234102
234145
234299
234404
234652
234910
234934
234976
235087
235179
235257
235271
235389
235465
235481
235562
235587
235619
235728
235743
235912
236106
236141
236183
236292
236310
236320
236585
236610
236712
236734
236740
236919
236952
236996
237095
237120
237295
237459
237465
237640
237695
237719
237752
237775
237805
237810
237830
237968
238027
238033
238081
238189
238375
238501
238575
238583
238650
238656
238681
238710
238743
238865
239224
239261
239370
239612
239634
239638
239832
239868
239952
239955
240025
240077
240088
240145
240348
240493
240642
240675
240679
240724
240731
240755
240827
240873
240917
241178
241179
241352
241416
241500
241546
241709
241741
241754
241824
241863
242054
242104
242142
242144
242274
242355
242360
242362
242375
242389
242474
242648
242972
243065
243097
243144
243277
243312
243370
243401
243471
244343
244771
244949
244986
245040
245123
245206
245209
245257
245299
245413
245479
245529
245531
245536
245568
245672
245751
245781
246021
246066
246071
246075
246099
246188
246235
246313
246677
246688
246719
246730
246767
246927
246966
247012
247074
247196
247236
247574
247622
247786
248020
248064
248261
248282
248475
248517
248717
248783
249085
249114
249156
249482
249491
249570
249607
249688
249716
249758
249842
249899
249965
249993
250003
250045
250055
250098
250448
250597
250598
250617
250855
251288
251367
251535
251542
251549
251626
251632
251746
251761
251805
251848
251928
252298
252413
252672
252689
252756
252786
252893
252908
253000
253036
253040
253290
253312
253320
253406
253502
253584
253652
253749
253769
253849
253859
253866
253909
254134
254149
254188
254198
254343
254440
254457
254562
254714
254790
254823
254828
254844
254910
254971
255290
255358
255395
255480
255644
255649
255677
255729
255802
255805
255881
256244
256268
256269
256329
256333
256373
256380
256573
256583
256607
256655
256665
256723
256836
256838
256851
256861
256867
256891
256971
256982
257047
257096
257127
257167
257254
257420
257425
257427
257451
257489
257659
257738
257772
257868
257998
258016
258071
258081
258137
258464
258519
258546
258570
258657
258668
258673
258688
258889
258913
259003
259053
259129
259181
259308
259452
259518
259525
259564
259598
259674
259725
259727
259861
259918
259921
259945
259957
260156
260163
260254
260492
260516
260752
261049
261332
261485
261552
261585
261828
261858
261861
261870
261893
262089
262193
262211
262601
262633
262650
262702
262746
262775
262786
262791
262894
262931
262954
263036
263085
263204
263237
263238
263401
263524
263546
263562
263674
263711
263712
263745
263782
263828
263885
264017
264031
264091
264095
264115
264148
264151
264154
264161
264304
264408
264522
264542
264576
264644
264652
264667
264761
264847
264885
265262
265366
265553
265632
265646
265730
265891
265904
265992
266039
266254
266292
266596
266607
266614
266665
266675
266693
266700
266705
266826
266900
267023
267249
267279
267459
267693
267734
267744
267799
267850
267982
268129
268160
268277
268314
268326
268341
268355
268357
268381
268409
268416
268481
268489
268626
268648
268681
268756
268995
269100
269171
269179
269190
269207
269208
269331
269338
269408
269510
269511
269547
269596
269713
269790
269817
269818
269854
269922
270015
270021
270026
270106
270124
270126
270167
270362
270412
270644
270647
270751
270758
270858
270905
270950
271093
271245
271395
271407
271411
271511
271531
271615
271832
271862
271975
272062
272309
272504
272625
272889
272917
272961
272973
272984
273000
273057
273186
273238
273333
273401
273441
273466
273523
273563
273573
273592
273601
273647
273708
273709
273800
273913
273974
273992
274145
274159
274232
274609
274798
274837
274921
275064
275225
275302
275725
275774
275806
275830
275837
275853
275873
276021
276041
276140
276302
276356
276379
276421
276556
276582
276753
276801
276903
276941
277173
277200
277309
277330
277404
277503
277515
277593
277696
277775
277810
277849
277928
277976
278048
278179
278231
278235
278315
278330
278408
278442
278623
