4
24
79
103
107
124
164
262
270
288
302
308
329
361
406
417
423
452
473
494
573
577
634
657
668
669
704
731
755
788
847
875
884
898
900
926
936
949
954
983
988
990
998
1017
1045
1090
1101
1111
1156
1183
1205
1235
1274
1319
1349
1351
1356
1361
1382
1397
1411
1413
1446
1454
1480
1502
1534
1552
1554
1558
1564
1570
1575
1576
1582
1595
1608
1637
1645
1647
1648
1668
1682
1696
1728
1742
1749
1750
1765
1771
1798
1820
1850
1886
1895
1898
1909
1956
1962
1994
2010
2031
2071
2081
2083
2085
2122
2140
2174
2288
2300
2302
2303
2321
2327
2328
2343
2367
2374
2411
2417
2429
2463
2483
2494
2513
2571
2572
2605
2629
2648
2672
2680
2721
2739
2748
2778
2844
2847
2868
2889
2909
2941
2992
2997
2999
3016
3024
3059
3099
3102
3103
3118
3150
3158
3165
3207
3233
3238
3330
3418
3419
3426
3439
3456
3469
3560
3578
3579
3583
3595
3614
3617
3624
3630
3643
3646
3676
3711
3731
3737
3738
3757
3782
3924
3946
3951
3956
3963
3986
3994
4013
4016
4022
4027
4039
4052
4065
4086
4124
4129
4162
4175
4189
4210
4217
4221
4285
4313
4325
4332
4339
4345
4372
4463
4488
4526
4531
4540
4546
4560
4565
4568
4607
4609
4621
4653
4665
4666
4717
4732
4738
4739
4775
4813
4815
4848
4869
4884
4897
4927
4956
4981
5027
5090
5122
5131
5153
5181
5211
5216
5298
5314
5329
5355
5374
5380
5396
5404
5437
5477
5489
5525
5579
5617
5631
5637
5641
5659
5672
5684
5718
5739
5743
5756
5758
5761
5766
5789
5827
5849
5857
5870
5902
5950
5955
6002
6029
6046
6059
6070
6075
6080
6101
6117
6155
6254
6266
6274
6287
6339
6347
6349
6355
6363
6379
6418
6438
6453
6456
6469
6479
6501
6503
6512
6518
6537
6547
6583
6606
6659
6664
6668
6684
6695
6698
6702
6731
6733
6740
6750
6784
6806
6833
6875
6915
6945
6965
6980
6990
6995
6996
7000
7020
7104
7112
7132
7140
7144
7155
7158
7178
7195
7217
7225
7277
7290
7299
7301
7319
7321
7323
7329
7354
7384
7395
7398
7417
7423
7445
7458
7470
7483
7486
7503
7570
7588
7613
7640
7664
7715
7717
7763
7781
7816
7819
7854
7861
7923
7937
7972
7999
8010
8018
8049
8050
8105
8114
8171
8186
8197
8214
8215
8241
8260
8262
8317
8340
8342
8355
8415
8464
8479
8492
8503
8551
8660
8667
8672
8681
8687
8688
8709
8715
8719
8744
8774
8794
8804
8807
8818
8849
8850
8859
8887
8890
8925
8943
8994
9002
9016
9039
9049
9054
9057
9092
9102
9123
9140
9154
9155
9163
9180
9181
9188
9189
9193
9194
9203
9220
9242
9259
9269
9291
9314
9342
9357
9364
9381
9393
9411
9454
9490
9497
9506
9579
9585
9588
9600
9639
9658
9671
9683
9688
9696
9709
9714
9731
9786
9787
9830
9836
9882
9901
9914
9937
9945
9960
9961
9976
9988
10010
10016
10063
10064
10073
10075
10082
10084
10097
10118
10122
10151
10180
10196
10227
10229
10239
10293
10308
10341
10403
10414
10415
10444
10467
10571
10574
10576
10598
10605
10640
10654
10655
10666
10692
10697
10703
10717
10723
10750
10752
10783
10787
10822
10883
10901
10915
10923
10941
10948
10961
10972
10977
11006
11014
11053
11066
11071
11077
11122
11144
11153
11194
11199
11212
11245
11259
11277
11283
11322
11333
11335
11348
11402
11417
11434
11449
11458
11479
11500
11501
11525
11528
11546
11577
11587
11597
11599
11607
11668
11720
11777
11791
11833
11836
11846
11858
11866
11873
11898
11922
11953
11964
11976
11987
12007
12047
12075
12089
12139
12156
12162
12169
12178
12214
12218
12233
12254
12295
12308
12327
12346
12361
12412
12484
12486
12510
12540
12556
12578
12592
12599
12601
12619
12632
12723
12757
12796
12806
12824
12825
12829
12840
12885
12924
12925
12927
12964
12979
12992
13022
13096
13120
13131
13136
13141
13202
13215
13240
13263
13272
13307
13318
13342
13374
13378
13389
13398
13445
13463
13477
13497
13508
13571
13572
13577
13614
13620
13637
13655
13676
13677
13686
13694
13711
13722
13741
13797
13817
13838
13851
13858
13865
13867
13870
13903
13921
13931
13961
13969
13984
13990
13996
14000
14028
14031
14044
14079
14096
14112
14121
14154
14168
14203
14209
14221
14227
14238
14285
14326
14339
14340
14367
14381
14392
14448
14463
14491
14520
14542
14550
14571
14575
14583
14618
14632
14635
14637
14643
14729
14771
14791
14793
14797
14819
14830
14843
14867
14911
14913
14931
14956
14961
14998
15045
15055
15069
15127
15137
15177
15184
15202
15236
15239
15248
15267
15283
15293
15311
15319
15413
15424
15432
15443
15500
15514
15527
15579
15585
15591
15608
15617
15632
15725
15742
15755
15771
15779
15782
15786
15850
15866
15914
15925
15938
15967
15980
16032
16033
16039
16046
16103
16125
16131
16146
16152
16249
16265
16268
16287
16306
16307
16325
16373
16386
16420
16422
16505
16507
16520
16529
16536
16561
16593
16608
16613
16616
16624
16721
16754
16775
16780
16800
16831
16884
16890
16900
16901
16920
16937
16955
16960
17027
17054
17064
17082
17096
17170
17187
17196
17239
17245
17306
17333
17380
17383
17425
17443
17468
17476
17477
17560
17566
17583
17608
17609
17625
17638
17649
17658
17695
17735
17766
17794
17823
17828
17875
17899
17911
17967
17980
17991
17995
18015
18040
18066
18080
18081
18094
18118
18128
18136
18192
18229
18246
18247
18265
18298
18308
18312
18382
18397
18446
18450
18503
18504
18516
18596
18646
18668
18713
18723
18755
18765
18786
18795
18844
18846
18858
18869
18886
18906
18922
18947
18948
18952
18956
18967
18978
18985
19007
19017
19020
19051
19100
19127
19149
19152
19203
19213
19221
19233
19280
19282
19306
19310
19364
19376
19413
19424
19428
19457
19490
19520
19527
19554
19581
19599
19609
19614
19669
19670
19686
19687
19711
19714
19716
19756
19777
19794
19802
19823
19850
19865
19869
19875
19878
19904
19905
19926
19933
19952
19953
19955
20036
20068
20081
20088
20095
20097
20111
20142
20203
20212
20219
20222
20225
20231
20237
20244
20285
20294
20318
20326
20330
20336
20355
20361
20398
20415
20418
20430
20449
20468
20475
20485
20500
20516
20519
20542
20546
20547
20551
20583
20613
20667
20700
20775
20811
20830
20834
20837
20902
20910
20913
21005
21022
21039
21085
21128
21208
21252
21255
21317
21355
21361
21383
21386
21408
21448
21458
21467
21468
21507
21537
21606
21614
21620
21672
21699
21726
21759
21793
21817
21827
21828
21885
21899
21900
21908
21941
21954
21960
22019
22020
22021
22042
22048
22088
22117
22131
22136
22142
22162
22171
22173
22229
22232
22248
22268
22273
22301
22330
22341
22410
22443
22518
22543
22545
22548
22569
22588
22598
22643
22675
22683
22696
22723
22725
22780
22802
22807
22848
22877
22891
22904
22906
22929
22966
22993
23031
23069
23081
23102
23117
23127
23176
23179
23193
23208
23235
23246
23264
23269
23282
23287
23317
23351
23392
23435
23455
23470
23538
23622
23636
23661
23689
23692
23702
23724
23734
23748
23768
23841
23843
23852
23863
23864
23888
23896
23905
23952
23962
23979
23981
23993
24034
24057
24064
24092
24095
24096
24155
24186
24196
24227
24271
24277
24289
24302
24323
24327
24329
24356
24382
24418
24462
24470
24477
24480
24499
24510
24515
24522
24540
24542
24546
24547
24590
24593
24595
24603
24653
24671
24672
24684
24695
24736
24752
24775
24778
24784
24803
24822
24861
24882
24906
24950
24985
25000
25004
25016
25027
25043
25055
25100
25182
25183
25204
25215
25219
25228
25241
25246
25253
25255
25265
25275
25318
25320
25390
25405
25417
25442
25455
25480
25505
25510
25539
25546
25548
25555
25659
25660
25666
25671
25683
25686
25696
25717
25719
25748
25817
25841
25856
25876
25912
25915
25932
25948
26007
26027
26043
26052
26087
26100
26134
26148
26180
26193
26227
26229
26255
26276
26300
26320
26355
26369
26370
26372
26416
26446
26448
26454
26459
26463
26490
26492
26494
26498
26506
26524
26563
26581
26588
26590
26593
26596
26604
26625
26653
26715
26721
26739
26740
26772
26773
26774
26788
26825
26843
26854
26879
26889
26897
26901
26909
26983
27022
27031
27071
27085
27121
27136
27170
27194
27222
27232
27234
27253
27259
27263
27295
27301
27317
27352
27354
27363
27367
27411
27471
27485
27490
27533
27542
27547
27561
27572
27609
27656
27688
27703
27707
27725
27727
27744
27767
27787
27811
27814
27823
27826
27832
27874
27879
27882
27886
27896
27911
27923
27925
28055
28057
28075
28081
28100
28171
28172
28173
28177
28194
28227
28263
28286
28287
28313
28314
28323
28346
28392
28393
28423
28457
28494
28510
28551
28580
28614
28637
28706
28720
28744
28770
28774
28780
28802
28816
28823
28857
28877
28892
28915
28993
28999
29019
29024
29075
29120
29161
29175
29199
29202
29219
29245
29280
29299
29317
29337
29354
29388
29434
29435
29516
29542
29547
29549
29569
29593
29641
29667
29675
29684
29726
29745
29753
29755
29766
29798
29815
29857
29869
29875
29897
29900
29902
29918
30074
30095
30123
30125
30142
30171
30205
30228
30231
30234
30236
30258
30275
30284
30360
30376
30433
30456
30489
30495
30528
30546
30557
30594
30599
30600
30609
30611
30643
30687
30690
30699
30705
30709
30721
30757
30784
30792
30824
30843
30854
30863
30870
30890
30894
30908
30930
30942
30951
30966
31006
31047
31054
31065
31067
31091
31170
31177
31182
31211
31226
31239
31240
31279
31291
31332
31352
31360
31362
31376
31398
31399
31439
31456
31486
31506
31512
31513
31518
31540
31607
31643
31675
31680
31692
31717
31729
31759
31767
31777
31791
31805
31814
31838
31871
31891
31918
31923
31965
31997
32005
32009
32011
32046
32056
32072
32092
32094
32095
32122
32134
32181
32184
32210
32238
32246
32247
32285
32297
32298
32299
32318
32336
32351
32361
32365
32393
32461
32490
32505
32530
32540
32578
32579
32587
32615
32629
32636
32652
32659
32752
32762
32819
32865
32932
32960
33035
33037
33073
33081
33140
33160
33165
33166
33185
33237
33241
33255
33274
33278
33284
33297
33299
33369
33421
33431
33455
33460
33495
33524
33544
33552
33555
33560
33568
33569
33643
33670
33680
33682
33710
33765
33770
33820
33862
33869
33880
33916
33922
33947
33950
33954
33972
33979
33989
34015
34020
34040
34068
34073
34117
34147
34154
34167
34196
34201
34209
34233
34240
34242
34258
34317
34319
34323
34324
34327
34338
34416
34418
34426
34476
34513
34562
34586
34591
34606
34608
34674
34678
34695
34721
34729
34736
34741
34751
34762
34770
34771
34799
34810
34823
34836
34848
34863
34901
34921
34928
35008
35011
35012
35016
35035
35038
35046
35068
35101
35106
35111
35144
35160
35161
35164
35175
35197
35213
35220
35246
35250
35270
35272
35285
35317
35321
35340
35359
35376
35443
35460
35488
35522
35533
35542
35551
35553
35578
35593
35624
35630
35659
35684
35722
35730
35753
35779
35800
35827
35861
35889
35910
35913
35941
35952
35962
36004
36020
36033
36037
36092
36100
36172
36203
36211
36216
36239
36240
36255
36263
36274
36279
36281
36289
36291
36383
36387
36390
36443
36448
36488
36496
36501
36519
36543
36613
36620
36621
36632
36640
36642
36645
36658
36716
36745
36746
36770
36781
36833
36867
36885
36919
36931
36939
36957
36962
37015
37028
37038
37044
37050
37061
37072
37091
37176
37181
37186
37192
37205
37233
37240
37277
37281
37303
37317
37330
37359
37370
37414
37457
37460
37484
37522
37523
37561
37571
37605
37609
37612
37618
37695
37703
37744
37747
37750
37771
37785
37813
37823
37824
37837
37847
37910
37913
37922
37940
37955
37959
37977
37978
37999
38012
38029
38053
38058
38085
38116
38135
38153
38172
38194
38203
38204
38205
38207
38220
38223
38318
38330
38370
38384
38388
38432
38472
38505
38523
38530
38535
38538
38569
38573
38656
38657
38669
38722
38827
38842
38853
38855
38863
38883
38889
38905
38915
38943
38985
38987
39020
39033
39039
39052
39057
39076
39107
39134
39143
39144
39151
39157
39160
39180
39183
39203
39211
39223
39228
39243
39254
39280
39300
39311
39320
39326
39372
39394
39432
39470
39474
39476
39490
39506
39518
39527
39531
39546
39549
39560
39575
39671
39684
39700
39743
39783
39786
39803
39830
39831
39889
39909
39950
39973
40008
40018
40063
40082
40112
40125
40133
40146
40166
40182
40203
40337
40347
40350
40370
40384
40421
40432
40436
40485
40505
40517
40530
40534
40550
40551
40559
40572
40581
40601
40613
40651
40688
40705
40730
40732
40741
40766
40781
40864
40879
40886
40898
40930
40935
40944
40993
41020
41067
41074
41079
41082
41099
41137
41151
41201
41222
41224
41233
41300
41398
41431
41440
41443
41455
41460
41468
41484
41507
41511
41588
41589
41590
41624
41634
41636
41639
41660
41676
41696
41700
41709
41726
41734
41791
41802
41803
41891
41910
41911
41944
41960
41972
41980
42031
42038
42045
42058
42071
42084
42143
42228
42233
42240
42259
42261
42263
42270
42328
42348
42366
42367
42389
42390
42397
42403
42404
42419
42431
42444
42445
42450
42455
42457
42502
42504
42506
42526
42565
42631
42638
42743
42765
42780
42791
42814
42834
42835
42868
42879
42888
42901
42902
42915
42922
42964
42997
43017
43018
43040
43052
43059
43069
43071
43114
43151
43171
43173
43176
43206
43213
43225
43256
43276
43282
43287
43321
43339
43344
43353
43364
43384
43414
43445
43447
43496
43509
43515
43529
43546
43581
43587
43596
43599
43619
43645
43647
43666
43721
43783
43826
43828
43830
43832
43857
43859
43895
43949
43994
44027
44032
44059
44061
44075
44120
44128
44129
44137
44145
44160
44222
44250
44251
44271
44300
44314
44324
44341
44365
44371
44395
44419
44421
44444
44585
44586
44594
44611
44632
44644
44672
44676
44695
44710
44719
44721
44724
44734
44768
44771
44812
44818
44843
44848
44849
44860
44874
44904
44920
44937
44950
45011
45032
45035
45045
45049
45069
45089
45143
45145
45188
45189
45207
45211
45249
45276
45346
45348
45355
45443
45445
45524
45525
45535
45563
45565
45586
45593
45595
45612
45629
45657
45700
45734
45741
45745
45746
45776
45779
45795
45811
45815
45829
45916
45917
46030
46040
46070
46097
46112
46113
46122
46128
46179
46183
46230
46269
46279
46282
46289
46307
46376
46385
46389
46407
46430
46470
46483
46525
46570
46591
46658
46668
46672
46683
46691
46709
46731
46732
46742
46772
46793
46816
46821
46831
46835
46874
46884
46902
46926
46937
46949
46955
46961
46989
46997
47039
47069
47075
47118
47130
47154
47198
47199
47214
47297
47324
47334
47335
47433
47453
47454
47487
47496
47503
47543
47551
47560
47564
47603
47609
47649
47654
47661
47721
47729
47765
47784
47826
47835
47839
47843
47868
47902
47926
47945
47959
47983
47996
48021
48025
48057
48097
48117
48126
48143
48154
48173
48184
48195
48197
48206
48226
48234
48236
48237
48250
48288
48334
48340
48368
48421
48436
48438
48480
48514
48521
48524
48535
48569
48583
48593
48631
48643
48663
48710
48722
48727
48738
48759
48821
48824
48830
48849
48855
48860
48869
48890
48933
48969
49013
49023
49027
49029
49041
49049
49058
49073
49081
49102
49127
49138
49140
49143
49171
49197
49210
49237
49238
49298
49321
49397
49406
49414
49428
49435
49444
49479
49485
49495
49500
49538
49569
49576
49580
49590
49616
49622
49636
49681
49727
49742
49782
49846
49881
49888
49937
49955
49970
50011
50028
50042
50043
50057
50062
50076
50102
50145
50195
50196
50207
50227
50252
50254
50278
50307
50334
50348
50407
50415
50437
50485
50529
50532
50556
50639
50651
50672
50686
50695
50702
50708
50718
50725
50740
50745
50757
50850
50876
50890
50900
50925
50931
50934
50945
50987
51030
51062
51068
51157
51191
51206
51223
51307
51314
51333
51335
51346
51390
51397
51432
51481
51571
51577
51578
51585
51608
51609
51619
51646
51701
51726
51737
51752
51772
51795
51817
51837
51841
51849
51859
51895
51927
51941
51949
51984
52040
52056
52077
52090
52170
52182
52197
52261
52276
52295
52333
52342
52376
52380
52430
52444
52489
52531
52548
52553
52555
52561
52605
52628
52639
52646
52666
52676
52737
52765
52777
52851
52853
52866
52877
52880
52972
52993
53003
53005
53015
53049
53112
53118
53129
53135
53181
53200
53226
53244
53248
53265
53272
53299
53304
53306
53342
53376
53465
53538
53558
53635
53658
53717
53720
53740
53751
53764
53837
53840
53855
53858
53872
53881
53908
53914
53923
53924
53936
53946
53959
53975
54008
54027
54079
54121
54157
54179
54188
54202
54204
54208
54220
54228
54230
54243
54273
54275
54354
54357
54372
54403
54440
54468
54480
54519
54525
54531
54535
54540
54545
54610
54629
54657
54687
54730
54747
54753
54773
54774
54778
54793
54802
54815
54889
54913
54916
54937
54960
54975
54977
55010
55034
55047
55055
55068
55072
55073
55089
55126
55148
55167
55174
55175
55176
55216
55238
55248
55252
55263
55265
55290
55355
55363
55397
55436
55484
55497
55503
55539
55575
55594
55640
55654
55658
55682
55685
55703
55712
55736
55738
55775
55827
55846
55857
55888
55893
55896
55920
55925
55976
55992
56002
56016
56032
56061
56069
56073
56074
56076
56078
56082
56083
56124
56153
56180
56187
56194
56211
56250
56253
56272
56288
56319
56324
56336
56351
56377
56384
56388
56454
56478
56490
56509
56526
56535
56540
56556
56568
56593
56604
56609
56621
56631
56638
56640
56647
56650
56656
56761
56774
56798
56805
56809
56833
56836
56961
56971
56978
56979
56991
57033
57075
57116
57169
57209
57228
57233
57249
57274
57282
57319
57321
57328
57337
57340
57354
57358
57416
57449
57460
57463
57493
57499
57506
57519
57526
57531
57537
57542
57552
57567
57578
57591
57595
57612
57628
57650
57664
57666
57698
57712
57720
57765
57776
57798
57826
57835
57879
57882
57933
57946
57953
57975
57981
57982
58027
58055
58069
58078
58092
58094
58124
58128
58144
58170
58199
58211
58231
58237
58257
58290
58313
58325
58365
58367
58409
58428
58454
58469
58470
58482
58490
58500
58514
58516
58555
58592
58597
58602
58608
58618
58622
58657
58713
58731
58752
58768
58818
58841
58879
58885
58904
58953
58975
59023
59035
59071
59095
59147
59158
59320
59333
59364
59373
59445
59456
59460
59479
59501
59503
59511
59528
59540
59545
59555
59623
59651
59678
59685
59686
59697
59703
59742
59745
59772
59783
59784
59787
59865
59874
59968
59987
59988
60000
60020
60031
60066
60082
60119
60127
60141
60153
60200
60227
60243
60247
60248
60274
60311
60340
60365
60401
60408
60425
60458
60470
60473
60474
60507
60508
60522
60523
60529
60535
60540
60553
60602
60646
60673
60676
60678
60687
60702
60711
60726
60759
60763
60781
60829
60830
60834
60876
60890
60984
60998
61028
61101
61115
61174
61176
61191
61222
61224
61225
61228
61289
61352
61364
61425
61437
61440
61442
61447
61498
61499
61522
61527
61567
61582
61627
61646
61701
61740
61755
61781
61782
61783
61792
61834
61835
61867
61922
61956
61975
61983
61992
61995
62113
62139
62147
62173
62178
62190
62201
62220
62234
62243
62266
62282
62307
62312
62377
62392
62484
62518
62532
62554
62567
62608
62611
62636
62654
62689
62695
62736
62749
62791
62799
62802
62859
62895
63009
63034
63093
63231
63309
63314
63329
63336
63339
63349
63368
63439
63451
63454
63482
63487
63494
63513
63526
63569
63595
63602
63620
63630
63645
63663
63668
63681
63695
63700
63712
63749
63759
63766
63771
63773
63781
63809
63821
63893
63919
63931
63941
63955
64001
64013
64025
64045
64072
64113
64130
64141
64148
64163
64241
64250
64255
64257
64266
64267
64272
64298
64306
64312
64326
64331
64378
64382
64386
64437
64445
64452
64454
64473
64479
64488
64494
64506
64516
64522
64561
64574
64576
64620
64647
64674
64753
64826
64845
64848
64867
64878
64881
64912
64924
64935
64952
64954
64962
64974
64982
65008
65014
65034
65038
65041
65060
65070
65085
65090
65186
65205
65219
65247
65286
65298
65311
65316
65345
65400
65438
65440
65442
65451
65459
65468
65472
65476
65477
65483
65538
65558
65561
65593
65615
65622
65632
65647
65668
65675
65789
65825
65854
65870
65877
65883
65905
65909
65915
65930
65931
65943
65961
65981
65998
66034
66061
66075
66110
66118
66140
66173
66190
66204
66220
66240
66244
66248
66285
66298
66303
66350
66409
66432
66444
66453
66478
66488
66503
66510
66517
66540
66581
66585
66621
66627
66637
66645
66649
66651
66654
66672
66700
66703
66727
66753
66763
66915
66916
66925
66932
66943
66959
66993
67029
67069
67110
67115
67143
67164
67205
67210
67225
67237
67268
67280
67285
67304
67332
67349
67351
67385
67429
67447
67457
67475
67479
67485
67539
67565
67587
67594
67598
67604
67620
67625
67666
67667
67686
67691
67701
67717
67718
67729
67753
67767
67788
67833
67838
67846
67861
67972
67979
68043
68060
68064
68104
68132
68133
68138
68140
68156
68162
68179
68196
68220
68221
68250
68268
68300
68301
68321
68361
68390
68404
68407
68428
68454
68489
68505
68507
68532
68534
68540
68546
68560
68567
68579
68660
68680
68714
68719
68730
68736
68778
68785
68787
68789
68791
68805
68813
68814
68820
68876
68930
68950
68996
69012
69081
69085
69097
69113
69115
69116
69119
69150
69160
69161
69173
69217
69236
69238
69243
69244
69288
69289
69290
69359
69379
69380
69416
69418
69482
69485
69491
69499
69511
69532
69567
69623
69646
69651
69652
69660
69663
69689
69732
69746
69757
69763
69771
69816
69841
69845
69848
69857
69868
69886
69909
69926
69959
69971
69972
70005
70033
70067
70069
70085
70096
70116
70120
70124
70135
70137
70162
70171
70224
70234
70235
70239
70247
70273
70306
70307
70354
70366
70383
70420
70452
70468
70487
70526
70535
70567
70569
70587
70600
70609
70630
70684
70709
70726
70745
70759
70768
70770
70872
70881
70882
70884
70918
70922
70951
70964
70971
70987
70991
71005
71024
71059
71073
71104
71125
71192
71197
71204
71219
71275
71279
71290
71310
71313
71375
71395
71425
71452
71457
71464
71476
71482
71492
71517
71546
71595
71603
71638
71667
71671
71684
71696
71747
71763
71771
71784
71795
71804
71824
71825
71866
71878
71881
71883
71893
71897
71901
71920
71923
71938
71959
71964
71993
72066
72069
72074
72093
72115
72129
72137
72160
72193
72206
72229
72252
72272
72299
72334
72339
72350
72363
72385
72418
72420
72467
72495
72496
72521
72527
72540
72563
72591
72648
72667
72699
72704
72734
72736
72807
72839
72850
72859
72896
72904
72912
72915
72931
72945
72962
72967
72997
73007
73031
73033
73036
73038
73060
73093
73104
73142
73145
73161
73164
73189
73194
73214
73224
73229
73237
73245
73257
73270
73300
73305
73332
73377
73382
73389
73394
73413
73417
73433
73476
73487
73496
73504
73544
73576
73610
73668
73694
73707
73715
73721
73735
73754
73755
73758
73766
73777
73801
73816
73826
73842
73871
73983
73985
73999
74002
74028
74066
74074
74094
74095
74119
74124
74138
74139
74153
74193
74203
74209
74214
74245
74249
74281
74317
74327
74375
74378
74390
74402
74431
74446
74452
74467
74475
74532
74556
74557
74568
74583
74597
74610
74620
74621
74677
74739
74755
74756
74758
74780
74810
74859
74878
74887
74972
75001
75004
75013
75019
75020
75023
75033
75041
75061
75082
75088
75105
75160
75196
75199
75247
75284
75384
75393
75402
75421
75435
75456
75467
75474
75492
75518
75521
75533
75570
75580
75594
75657
75671
75693
75698
75700
75710
75722
75763
75792
75796
75801
75806
75808
75820
75853
75854
75858
75862
75892
75904
75989
76032
76044
76048
76090
76096
76107
76136
76160
76166
76171
76186
76203
76211
76235
76237
76272
76299
76302
76351
76366
76404
76431
76466
76503
76514
76538
76575
76634
76663
76677
76689
76692
76704
76707
76734
76772
76777
76782
76783
76796
76826
76835
76842
76857
76922
76923
76927
76931
76948
76953
77016
77030
77031
77075
77099
77102
77109
77110
77118
77187
77197
77217
77221
77233
77251
77307
77353
77375
77386
77390
77392
77399
77423
77424
77430
77431
77435
77479
77486
77502
77521
77523
77531
77586
77589
77591
77596
77679
77703
77708
77717
77732
77756
77757
77785
77787
77806
77808
77843
77849
77854
77884
77953
77958
78005
78028
78032
78081
78098
78162
78164
78171
78182
78194
78210
78227
78266
78270
78276
78302
78325
78362
78383
78388
78427
78438
78442
78456
78481
78500
78534
78556
78568
78581
78605
78666
78719
78729
78764
78778
78792
78805
78810
78814
78833
78835
78842
78846
78902
78910
78951
78967
78973
78977
78989
79005
79012
79020
79052
79055
79065
79084
79090
79122
79150
79151
79161
79172
79184
79195
79209
79270
79272
79277
79281
79303
79304
79321
79390
79402
79420
79431
79444
79455
79461
79467
79473
79508
79545
79565
79588
79598
79614
79647
79678
79713
79762
79801
79811
79816
79865
79871
79913
79930
79933
79939
79986
80023
80034
80070
80087
80092
80160
80190
80230
80264
80292
80304
80335
80363
80371
80377
80395
80422
80443
80447
80463
80465
80526
80546
80552
80601
80607
80658
80678
80716
80720
80735
80756
80762
80772
80774
80818
80855
80873
80885
80896
80942
80949
80955
80959
80965
80966
80973
81006
81055
81062
81066
81100
81111
81139
81158
81160
81165
81181
81236
81253
81275
81312
81336
81351
81368
81400
81408
81421
81448
81450
81457
81482
81561
81562
81591
81620
81644
81672
81679
81686
81753
81787
81802
81820
81885
81887
81922
81956
81994
82083
82130
82133
82144
82237
82247
82301
82318
82350
82400
82408
82414
82431
82438
82444
82472
82487
82501
82545
82560
82564
82566
82658
82672
82692
82769
82778
82831
82846
82869
82874
82875
82918
82919
82934
82966
82973
82976
83019
83103
83105
83130
83141
83154
83163
83175
83215
83227
83234
83246
83250
83279
83283
83285
83286
83311
83316
83333
83346
83381
83427
83440
83510
83569
83586
83589
83598
83614
83625
83631
83656
83675
83718
83720
83766
83786
83789
83819
83852
83863
83864
83869
83882
83893
83947
83958
83961
84016
84048
84060
84069
84081
84177
84214
84254
84278
84279
84290
84318
84324
84328
84334
84370
84379
84385
84427
84473
84480
84501
84507
84543
84556
84585
84587
84627
84633
84676
84746
84749
84795
84798
84803
84826
84828
84836
84865
84869
84904
84928
84958
84988
84994
85005
85011
85013
85052
85064
85079
85085
85092
85111
85117
85119
85126
85146
85177
85182
85196
85201
85203
85212
85231
85235
85242
85249
85252
85255
85286
85295
85309
85355
85361
85363
85371
85379
85433
85439
85451
85503
85511
85515
85522
85523
85552
85589
85604
85614
85624
85645
85664
85729
85730
85750
85831
85848
85860
85878
85896
85972
85988
86045
86060
86075
86127
86180
86181
86218
86220
86282
86303
86323
86333
86337
86350
86370
86402
86433
86455
86507
86512
86517
86536
86559
86573
86587
86595
86614
86620
86629
86641
86654
86666
86682
86692
86697
86710
86713
86714
86719
86738
86758
86761
86778
86788
86836
86845
86876
86890
86895
86922
86932
86947
86961
87012
87023
87044
87067
87072
87092
87096
87106
87124
87146
87176
87177
87241
87261
87264
87277
87282
87284
87314
87379
87398
87455
87462
87486
87511
87536
87537
87540
87553
87568
87577
87650
87666
87716
87722
87737
87755
87758
87767
87785
87845
87885
87905
87913
87924
87970
87997
88010
88026
88029
88033
88037
88053
88055
88086
88162
88172
88224
88230
88260
88270
88274
88275
88287
88300
88379
88389
88417
88451
88460
88462
88473
88515
88537
88539
88555
88558
88565
88576
88582
88587
88612
88689
88731
88736
88749
88750
88751
88772
88776
88789
88792
88822
88825
88831
88837
88846
88852
88856
88861
88889
88891
88920
88926
88928
88941
88947
88956
89004
89013
89017
89025
89055
89058
89061
89088
89105
89132
89193
89198
89202
89234
89275
89317
89331
89358
89382
89527
89564
89580
89584
89602
89626
89632
89636
89637
89640
89665
89669
89672
89709
89715
89722
89732
89741
89742
89746
89756
89760
89778
89804
89805
89885
89955
89980
89986
90017
90026
90039
90077
90081
90097
90104
90119
90131
90161
90201
90227
90232
90240
90261
90314
90322
90324
90331
90332
90340
90342
90349
90436
90447
90462
90542
90549
90562
90567
90593
90635
90639
90665
90667
90705
90724
90733
90735
90756
90761
90779
90836
90842
90865
90886
90916
90961
90995
91032
91035
91067
91111
91129
91163
91173
91215
91292
91319
91338
91391
91394
91400
91415
91421
91422
91431
91481
91506
91524
91527
91531
91552
91557
91562
91567
91576
91593
91650
91683
91690
91708
91750
91816
91821
91826
91839
91843
91846
91875
91879
91920
91955
91957
91963
91979
91981
92014
92016
92030
92070
92072
92073
92081
92097
92134
92158
92212
92218
92230
92244
92258
92308
92314
92329
92353
92354
92361
92381
92382
92386
92387
92446
92473
92474
92499
92501
92515
92532
92536
92545
92589
92595
92608
92617
92620
92624
92629
92649
92661
92707
92713
92717
92730
92735
92744
92763
92781
92782
92797
92882
92893
92924
92946
92960
92973
93016
93018
93026
93071
93076
93101
93108
93114
93128
93132
93157
93163
93194
93213
93214
93221
93222
93227
93228
93244
93260
93280
93294
93313
93328
93377
93380
93412
93460
93480
93483
93489
93498
93529
93537
93547
93551
93569
93576
93584
93704
93792
93795
93799
93811
93814
93845
93872
93887
93896
93905
93921
93946
93952
93996
94051
94080
94088
94089
94106
94109
94137
94174
94190
94255
94262
94273
94287
94298
94300
94324
94325
94335
94337
94352
94411
94415
94446
94457
94490
94507
94512
94544
94597
94603
94632
94636
94637
94659
94703
94706
94751
94761
94770
94780
94781
94811
94823
94851
94862
94878
94899
94942
94986
95008
95012
95025
95032
95037
95049
95056
95086
95102
95103
95127
95128
95154
95172
95211
95230
95242
95252
95351
95370
95375
95393
95410
95425
95451
95537
95546
95549
95555
95610
95656
95661
95664
95712
95722
95749
95773
95786
95804
95880
95907
95908
95950
96015
96024
96041
96072
96092
96107
96163
96184
96192
96223
96227
96252
96259
96290
96291
96295
96405
96434
96478
96490
96510
96532
96539
96563
96612
96618
96627
96650
96656
96657
96670
96732
96734
96759
96775
96781
96817
96830
96833
96835
96851
96869
96876
96926
96967
96972
96986
96989
97004
97050
97097
97162
97197
97233
97241
97265
97270
97271
97280
97283
97306
97349
97425
97452
97504
97512
97521
97524
97577
97578
97589
97598
97609
97622
97626
97629
97639
97645
97647
97652
97663
97683
97696
97700
97723
97727
97761
97774
97792
97834
97854
97862
97911
97912
97916
97926
97930
97961
97970
97981
97993
97995
97996
98005
98024
98031
98036
98078
98107
98109
98134
98150
98169
98230
98244
98246
98260
98278
98279
98280
98329
98335
98358
98396
98405
98419
98445
98459
98461
98465
98492
98507
98510
98536
98604
98612
98628
98674
98703
98731
98745
98785
98791
98796
98799
98833
98889
98942
98943
98953
99020
99033
99060
99084
99136
99150
99158
99210
99212
99224
99234
99274
99308
99340
99356
99408
99455
99484
99504
99516
99635
99646
99708
99712
99723
99741
99745
99787
99792
99800
99810
99818
99834
99836
99848
99861
99886
99903
99907
99944
100007
100028
100058
100059
100068
100076
100094
100112
100115
100125
100138
100171
100179
100181
100211
100237
100248
100261
100293
100301
100337
100366
100379
100381
100422
100442
100447
100472
100522
100533
100537
100538
100558
100560
100581
100610
100618
100620
100633
100648
100670
100673
100686
100710
100736
100739
100745
100769
100778
100801
100803
100851
100852
100856
100878
100939
100947
100987
100988
101014
101021
101026
101031
101088
101097
101113
101145
101149
101180
101199
101205
101217
101265
101269
101274
101281
101286
101292
101323
101324
101332
101334
101344
101375
101386
101406
101423
101430
101443
101473
101481
101504
101554
101559
101571
101585
101591
101597
101618
101637
101646
101689
101720
101759
101780
101789
101797
101823
101839
101849
101862
101871
101883
101886
101900
101915
101952
101954
101962
101966
101981
101992
102038
102079
102084
102088
102096
102098
102110
102168
102197
102204
102206
102246
102251
102254
102324
102428
102450
102480
102503
102504
102522
102526
102538
102550
102575
102595
102631
102665
102672
102680
102688
102691
102739
102766
102772
102785
102826
102838
102846
102847
102873
102910
102934
102939
102949
102957
102965
102983
103003
103029
103032
103085
103140
103179
103202
103207
103231
103243
103280
103281
103282
103291
103337
103341
103370
103383
103389
103393
103400
103437
103457
103470
103552
103554
103571
103617
103621
103628
103634
103642
103680
103687
103688
103692
103712
103743
103753
103769
103808
103834
103871
103876
103879
103888
103925
103946
103967
103999
104014
104043
104064
104098
104102
104183
104184
104185
104201
104232
104235
104246
104247
104252
104260
104293
104307
104318
104350
104453
104456
104469
104491
104498
104507
104523
104525
104538
104559
104580
104595
104597
104674
104679
104680
104691
104695
104714
104736
104745
104757
104763
104788
104801
104898
104908
104920
104924
104942
104958
104963
104975
104986
104991
105001
105007
105050
105064
105080
105083
105158
105163
105171
105174
105179
105184
105230
105236
105316
105335
105342
105344
105354
105361
105416
105421
105448
105455
105456
105553
105601
105606
105623
105630
105660
105681
105710
105749
105765
105770
105785
105788
105819
105833
105844
105855
105865
105882
105884
105966
105968
105989
106045
106077
106082
106087
106104
106152
106167
106179
106185
106247
106261
106281
106312
106361
106378
106386
106426
106472
106476
106482
106486
106498
106519
106552
106553
106580
106622
106713
106714
106715
106753
106755
106764
106799
106802
106816
106822
106882
106936
106958
106981
107035
107069
107074
107108
107135
107152
107159
107185
107217
107221
107238
107257
107269
107274
107333
107368
107372
107397
107401
107405
107422
107428
107463
107485
107503
107559
107566
107571
107580
107612
107635
107651
107672
107695
107703
107783
107805
107814
107833
107863
107875
107882
107888
107890
107901
107945
107952
107954
107959
107981
107990
108000
108006
108017
108096
108110
108124
108146
108193
108220
108252
108265
108276
108298
108309
108310
108311
108334
108366
108383
108419
108424
108439
108444
108458
108481
108503
108520
108570
108629
108648
108655
108678
108694
108736
108740
108753
108785
108799
108826
108849
108910
108921
108928
108961
109004
109013
109027
109034
109048
109051
109069
109116
109129
109175
109180
109270
109307
109326
109349
109351
109368
109377
109427
109431
109441
109442
109451
109458
109464
109476
109499
109507
109510
109534
109539
109563
109566
109589
109630
109639
109649
109672
109693
109705
109712
109742
109750
109773
109802
109815
109831
109843
109854
109866
109900
109994
110008
110021
110023
110033
110036
110112
110134
110157
110172
110173
110179
110193
110220
110229
110237
110242
110266
110271
110278
110285
110304
110305
110319
110320
110331
110358
110386
110395
110459
110470
110488
110513
110516
110519
110526
110529
110587
110598
110607
110611
110650
110674
110691
110728
110741
110755
110786
110808
110810
110905
110923
110939
110940
110943
110950
110968
110973
110985
111003
111016
111018
111024
111035
111047
111060
111075
111079
111085
111087
111104
111122
111134
111159
111168
111171
111172
111190
111194
111200
111207
111211
111237
111244
111254
111263
111268
111352
111363
111378
111390
111405
111437
111457
111484
111493
111512
111514
111520
111528
111536
111542
111563
111578
111584
111586
111588
111602
111609
111621
111648
111654
111690
111697
111698
111700
111750
111794
111796
111806
111852
111854
111859
111878
111886
111904
111910
111914
111926
111938
111945
111978
111987
111995
111996
112018
112025
112031
112037
112063
112153
112193
112226
112229
112250
112253
112267
112274
112279
112281
112371
112417
112456
112466
112468
112500
112518
112522
112534
112605
112608
112609
112654
112662
112687
112703
112709
112714
112737
112762
112790
112793
112811
112820
112868
112891
112953
112963
112974
112996
113039
113042
113046
113055
113088
113118
113138
113180
113182
113189
113210
113279
113297
113315
113321
113324
113336
113381
113399
113401
113410
113433
113454
113464
113486
113489
113586
113601
113602
113603
113629
113690
113705
113710
113718
113719
113720
113750
113753
113777
113778
113813
113859
113867
113896
113898
113970
113999
114077
114083
114097
114110
114117
114119
114142
114143
114149
114191
114198
114199
114202
114213
114231
114248
114269
114276
114278
114296
114334
114336
114357
114378
114387
114396
114422
114475
114495
114524
114551
114575
114591
114596
114612
114620
114639
114657
114664
114671
114679
114683
114697
114698
114699
114756
114806
114819
114855
114895
114905
114913
114934
114956
114984
115001
115022
115075
115082
115121
115125
115176
115195
115199
115216
115247
115257
115262
115275
115291
115297
115312
115314
115349
115358
115380
115384
115387
115388
115402
115421
115507
115534
115544
115555
115609
115620
115629
115641
115712
115723
115734
115779
115801
115808
115821
115853
115884
115890
115936
115968
115988
115994
116013
116015
116040
116045
116057
116063
116065
116094
116124
116139
116140
116166
116184
116187
116192
116202
116206
116221
116281
116289
116319
116333
116341
116372
116374
116384
116399
116413
116461
116463
116464
116468
116470
116477
116497
116516
116517
116525
116526
116537
116569
116578
116587
116608
116634
116683
116692
116695
116733
116754
116791
116793
116826
116846
116847
116900
116911
116913
116926
116973
116994
116995
117013
117019
117027
117040
117049
117058
117160
117187
117218
117227
117228
117232
117246
117320
117353
117366
117370
117373
117401
117407
117422
117444
117449
117462
117474
117479
117501
117529
117539
117542
117560
117579
117588
117591
117597
117624
117628
117638
117652
117688
117690
117693
117695
117738
117751
117757
117780
117793
117795
117846
117851
117901
117947
117962
117967
117971
117981
118001
118013
118017
118075
118083
118085
118100
118255
118289
118328
118335
118345
118351
118388
118390
118412
118415
118418
118449
118457
118468
118517
118596
118606
118620
118646
118660
118661
118682
118720
118726
118735
118736
118743
118752
118775
118783
118793
118798
118803
118823
118829
118869
118908
118924
118930
118932
118938
118943
118946
118948
119005
119108
119110
119175
119181
119213
119260
119281
119296
119338
119354
119395
119434
119439
119444
119463
119482
119495
119504
119532
119537
119546
119569
119584
119604
119605
119658
119676
119685
119697
119748
119760
119835
119836
119844
119846
119860
119906
120000
120009
120039
120053
120065
120121
120126
120130
120194
120197
120212
120248
120313
120319
120322
120332
120369
120387
120433
120490
120499
120508
120520
120530
120532
120544
120572
120588
120599
120641
120645
120656
120670
120689
120701
120746
120790
120845
120849
120851
120858
120892
120912
120924
120928
120941
120949
120951
120964
120982
120998
121016
121022
121023
121050
121052
121059
121072
121093
121095
121100
121111
121175
121179
121186
121198
121210
121259
121296
121322
121358
121360
121364
121368
121408
121453
121504
121513
121540
121555
121609
121613
121627
121640
121658
121675
121689
121709
121711
121768
121828
121830
121852
121855
121892
121903
121905
121906
121908
121920
121965
121984
121989
122059
122094
122124
122137
122190
122201
122222
122228
122290
122301
122310
122358
122361
122363
122392
122394
122457
122459
122460
122461
122490
122526
122529
122536
122590
122675
122679
122680
122681
122716
122724
122752
122760
122786
122816
122848
122858
122877
122889
122893
122899
122917
122932
122948
122963
122966
122973
122976
123025
123040
123057
123075
123137
123138
123147
123230
123232
123250
123260
123273
123276
123294
123348
123386
123406
123414
123424
123436
123457
123471
123488
123495
123514
123584
123586
123593
123628
123661
123677
123707
123709
123764
123792
123857
123867
123868
123875
123876
123916
123918
123920
123983
124022
124107
124122
124154
124176
124204
124222
124224
124256
124298
124308
124320
124325
124346
124363
124415
124428
124436
124472
124487
124499
124504
124577
124583
124603
124636
124652
124673
124702
124708
124709
124727
124733
124734
124757
124797
124799
124815
124830
124859
124880
124957
124980
124981
124989
125053
125087
125109
125142
125173
125178
125324
125333
125344
125403
125418
125430
125434
125436
125439
125464
125481
125521
125532
125542
125554
125583
125625
125630
125709
125712
125739
125763
125767
125778
125785
125819
125821
125869
125881
125884
125928
125944
125970
125974
125975
125979
125992
126120
126124
126139
126165
126168
126214
126248
126282
126286
126326
126329
126335
126339
126345
126352
126395
126397
126408
126416
126488
126507
126509
126511
126529
126536
126570
126609
126611
126642
126649
126668
126670
126671
126674
126715
126722
126725
126737
126761
126771
126778
126790
126797
126867
126870
126893
126906
126915
126981
126987
126991
126996
126999
127004
127006
127022
127078
127120
127130
127199
127207
127250
127282
127338
127352
127353
127363
127396
127405
127427
127469
127471
127555
127557
127613
127637
127662
127704
127730
127753
127788
127800
127815
127818
127829
127832
127849
127856
127863
127864
127869
127876
127886
127887
127893
127907
127908
127920
127937
127951
127952
127967
127989
127994
128004
128025
128055
128107
128110
128124
128135
128150
128172
128188
128210
128225
128234
128269
128285
128310
128333
128378
128384
128411
128414
128423
128437
128453
128455
128466
128488
128494
128534
128563
128588
128589
128591
128601
128602
128604
128621
128640
128662
128665
128762
128813
128817
128829
128894
128942
128962
128980
129010
129021
129033
129064
129077
129105
129111
129177
129190
129209
129214
129325
129334
129375
129390
129391
129393
129404
129423
129430
129445
129477
129481
129510
129527
129535
129565
129569
129570
129591
129601
129616
129626
129637
129643
129673
129684
129685
129710
129719
129720
129722
129726
129771
129786
129794
129820
129834
129853
129884
129915
129949
129951
129955
129978
130042
130054
130055
130083
130108
130139
130159
130164
130173
130181
130195
130198
130214
130237
130254
130260
130267
130285
130286
130287
130296
130326
130357
130362
130376
130385
130402
130405
130415
130420
130424
130425
130463
130474
130505
130534
130536
130573
130574
130575
130584
130599
130650
130659
130668
130673
130676
130681
130699
130724
130755
130761
130772
130780
130821
130855
130858
130859
130869
130880
130888
130907
130915
130938
130961
130979
131021
131103
131122
131134
131144
131176
131188
131193
131211
131221
131233
131252
131256
131270
131328
131343
131360
131365
131377
131397
131437
131481
131507
131519
131528
131540
131586
131612
131665
131693
131714
131804
131811
131812
131820
131847
131862
131864
131920
131927
131977
131982
132009
132015
132036
132045
132057
132071
132088
132090
132092
132281
132295
132342
132358
132397
132402
132403
132433
132498
132524
132576
132621
132655
132680
132709
132733
132743
132788
132790
132796
132809
132813
132836
132858
132864
132870
132878
132900
132936
132939
132940
132952
132958
132991
133013
133100
133105
133123
133139
133141
133163
133165
133175
133191
133198
133202
133204
133295
133328
133343
133352
133368
133370
133372
133433
133434
133453
133455
133458
133459
133460
133467
133476
133511
133517
133520
133545
133553
133560
133594
133598
133600
133601
133614
133633
133652
133664
133742
133769
133801
133817
133868
133871
133873
133892
133893
133895
133906
133936
133948
133951
133960
133967
133980
134001
134036
134110
134119
134121
134122
134125
134145
134148
134195
134200
134233
134246
134258
134283
134287
134304
134305
134337
134409
134461
134462
134490
134552
134565
134574
134580
134608
134616
134636
134653
134752
134754
134758
134760
134763
134781
134807
134818
134841
134871
134894
134899
134935
134968
134970
134978
135017
135028
135095
135135
135185
135207
135209
135215
135219
135234
135261
135268
135297
135304
135402
135424
135456
135459
135463
135485
135491
135506
135527
135539
135584
135600
135606
135624
135626
135631
135658
135683
135728
135729
135768
135781
135790
135808
135809
135814
135822
135857
135859
135867
135875
135936
135971
135985
136013
136038
136070
136078
136090
136141
136209
136228
136247
136271
136288
136290
136305
136351
136386
136387
136389
136466
136473
136498
136585
136609
136623
136625
136649
136667
136703
136713
136779
136790
136791
136792
136799
136884
136900
136908
136922
136980
136982
137001
137027
137032
137051
137052
137137
137156
137168
137184
137188
137249
137268
137299
137327
137332
137371
137375
137381
137387
137489
137512
137543
137549
137563
137574
137576
137590
137598
137600
137603
137613
137619
137620
137630
137633
137658
137688
137692
137730
137731
137748
137749
137797
137847
137878
137889
137904
137985
137992
138002
138044
138048
138065
138108
138153
138164
138188
138191
138218
138220
138228
138323
138378
138533
138534
138548
138567
138586
138591
138603
138630
138636
138646
138656
138680
138707
138710
138724
138732
138739
138743
138747
138773
138802
138807
138835
138891
138895
138900
138951
138984
138998
139032
139036
139042
139066
139070
139080
139100
139131
139135
139157
139158
139161
139171
139189
139219
139292
139342
139364
139389
139390
139394
139458
139470
139502
139509
139515
139520
139551
139553
139557
139564
139578
139580
139613
139624
139692
139698
139723
139726
139752
139756
139777
139811
139814
139838
139842
139966
139970
139989
140031
140125
140144
140158
140160
140169
140174
140181
140212
140218
140221
140227
140237
140269
140300
140325
140331
140340
140384
140440
140462
140463
140484
140488
140492
140502
140527
140561
140583
140592
140604
140615
140620
140646
140693
140703
140710
140715
140717
140762
140804
140843
140873
140876
140908
140957
140976
140988
140993
141040
141061
141094
141100
141136
141178
141188
141191
141206
141208
141250
141261
141264
141265
141317
141343
141372
141380
141395
141410
141415
141437
141453
141481
141535
141571
141576
141578
141579
141593
141681
141684
141703
141713
141742
141744
141751
141772
141773
141782
141787
141812
141838
141871
141887
141895
141897
141904
141907
141951
141957
141968
141999
142070
142112
142117
142206
142218
142219
142230
142244
142251
142271
142278
142291
142322
142389
142434
142497
142510
142542
142547
142642
142648
142652
142717
142738
142739
142765
142771
142796
142804
142817
142836
142853
142874
142886
142907
142918
142937
142994
142997
143014
143031
143049
143054
143106
143143
143145
143167
143173
143210
143215
143232
143247
143253
143281
143302
143377
143384
143390
143400
143437
143440
143441
143459
143485
143504
143522
143539
143556
143569
143593
143596
143598
143610
143616
143653
143664
143711
143739
143749
143751
143756
143765
143781
143980
144002
144020
144034
144041
144042
144043
144044
144050
144074
144095
144110
144124
144128
144159
144167
144203
144237
144252
144255
144300
144310
144316
144363
144389
144397
144399
144416
144431
144440
144489
144502
144509
144536
144541
144562
144564
144578
144585
144630
144639
144645
144667
144674
144684
144688
144701
144714
144724
144801
144842
144870
144874
144879
144888
144890
144908
144930
144950
144969
144980
144984
144994
145046
145095
145106
145127
145155
145160
145181
145198
145228
145249
145257
145325
145339
145340
145353
145368
145372
145390
145417
145472
145487
145493
145510
145519
145527
145557
145572
145582
145615
145616
145689
145703
145728
145736
145755
145815
145816
145852
145864
145873
145895
145914
145918
145923
145928
145947
145972
146002
146005
146021
146057
146058
146066
146078
146113
146120
146151
146194
146195
146204
146208
146223
146228
146260
146294
146303
146344
146368
146456
146484
146536
146558
146571
146578
146592
146630
146637
146643
146645
146650
146655
146690
146700
146707
146732
146749
146755
146758
146762
146808
146818
146829
146892
146897
146913
146931
146956
146958
146960
146975
147028
147061
147062
147080
147087
147123
147124
147132
147179
147190
147221
147243
147246
147252
147263
147332
147386
147415
147429
147459
147491
147492
147494
147570
147592
147593
147598
147601
147616
147649
147656
147658
147673
147679
147692
147695
147700
147705
147724
147742
147747
147757
147787
147790
147794
147799
147833
147838
147855
147872
147882
147911
147955
147961
147967
147970
148004
148031
148094
148103
148116
148130
148143
148149
148152
148169
148201
148206
148215
148225
148260
148263
148265
148275
148277
148281
148328
148331
148339
148340
148350
148380
148385
148425
148445
148493
148495
148508
148520
148539
148546
148560
148603
148609
148644
148670
148682
148687
148698
148740
148748
148753
148755
148792
148815
148846
148855
148879
148886
148976
148995
149015
149020
149025
149047
149050
149089
149100
149113
149136
149137
149161
149185
149195
149217
149226
149249
149264
149287
149290
149312
149319
149320
149340
149347
149386
149408
149421
149427
149442
149448
149496
149532
149551
149570
149580
149583
149622
149664
149684
149687
149731
149828
149870
149893
149903
149913
149925
149938
149940
149962
149999
150006
150010
150036
150040
150041
150048
150075
150077
150090
150103
150122
150127
150129
150138
150148
150162
150172
150178
150202
150278
150280
150289
150312
150363
150369
150384
150396
150400
150449
150490
150499
150537
150543
150590
150607
150615
150622
150709
150727
150744
150783
150801
150830
150867
150899
150908
150980
150982
150988
151010
151040
151058
151061
151080
151085
151089
151103
151112
151123
151142
151143
151145
151159
151169
151192
151276
151324
151338
151341
151353
151357
151399
151405
151406
151442
151447
151467
151471
151486
151487
151510
151515
151531
151537
151593
151600
151616
151631
151675
151683
151694
151695
151716
151727
151741
151801
151824
151830
151846
151860
151889
151915
151975
151984
152005
152046
152058
152105
152113
152118
152161
152171
152174
152175
152180
152197
152221
152242
152275
152284
152319
152322
152328
152342
152371
152403
152410
152421
152422
152469
152470
152489
152556
152558
152565
152609
152654
152662
152675
152678
152697
152708
152722
152740
152742
152745
152782
152786
152796
152808
152967
152970
152979
152980
152984
152989
152998
153007
153040
153072
153105
153152
153154
153165
153174
153177
153219
153237
153253
153323
153350
153425
153436
153469
153489
153493
153517
153521
153540
153543
153551
153553
153555
153595
153608
153613
153616
153622
153630
153633
153637
153667
153670
153698
153699
153714
153719
153729
153777
153819
153852
153855
153867
153919
153934
153958
153970
153987
153989
154000
154006
154027
154051
154073
154083
154086
154124
154141
154164
154192
154215
154227
154231
154263
154306
154313
154325
154338
154344
154378
154388
154444
154465
154494
154495
154530
154545
154602
154613
154618
154627
154651
154659
154670
154707
154729
154764
154790
154796
154803
154806
154807
154811
154823
154842
154861
154875
154883
154910
154916
154927
154939
154940
154943
154945
154963
154971
155001
155041
155053
155056
155080
155085
155116
155166
155181
155414
155420
155421
155423
155430
155471
155504
155550
155552
155558
155575
155583
155589
155653
155654
155680
155693
155707
155714
155751
155778
155795
155824
155845
155851
155866
155886
155900
155908
155939
155952
155973
155979
156004
156014
156070
156075
156083
156087
156132
156211
156234
156245
156286
156382
156395
156417
156423
156460
156465
156483
156516
156543
156553
156575
156590
156612
156683
156689
156702
156727
156739
156763
156802
156821
156828
156830
156835
156856
156860
156884
156921
156927
156931
157076
157080
157121
157127
157128
157142
157144
157147
157159
157190
157194
157202
157228
157231
157256
157262
157264
157266
157311
157331
157339
157357
157360
157375
157399
157406
157464
157466
157472
157512
157530
157533
157537
157546
157558
157609
157626
157641
157672
157693
157697
157698
157719
157749
157751
157764
157805
157806
157831
157851
157852
157877
157887
157935
157940
157960
157982
157999
158017
158023
158030
158035
158045
158049
158060
158078
158093
158115
158154
158156
158157
158209
158220
158231
158240
158269
158282
158286
158314
158358
158383
158401
158428
158440
158451
158461
158509
158585
158595
158633
158696
158717
158728
158729
158738
158739
158800
158815
158822
158828
158846
158848
158850
158893
158921
158966
158973
159025
159035
159069
159088
159102
159129
159148
159158
159165
159195
159240
159241
159257
159291
159334
159336
159342
159387
159419
159422
159456
159482
159542
159559
159568
159582
159595
159602
159625
159627
159646
159648
159657
159687
159696
159707
159709
159728
159729
159731
159746
159774
159791
159802
159803
159804
159811
159833
159868
159911
159914
159915
159916
159938
159959
159991
159997
160023
160028
160044
160078
160091
160098
160106
160107
160145
160184
160194
160228
160242
160250
160258
160267
160291
160295
160457
160468
160483
160500
160501
160503
160561
160578
160588
160598
160600
160614
160621
160625
160628
160650
160662
160681
160686
160722
160740
160752
160754
160766
160798
160828
160853
160874
160913
160920
160921
160926
160943
160960
160963
160971
160983
161019
161021
161022
161031
161048
161051
161095
161102
161103
161119
161132
161160
161163
161176
161189
161213
161217
161237
161257
161321
161350
161354
161375
161381
161396
161398
161406
161422
161442
161455
161462
161469
161483
161486
161505
161529
161535
161536
161580
161582
161621
161677
161734
161741
161744
161759
161782
161802
161832
161836
161861
161900
161905
161920
162018
162045
162055
162117
162144
162149
162166
162185
162191
162242
162290
162311
162314
162338
162345
162379
162447
162465
162487
162498
162502
162505
162519
162559
162589
162599
162639
162668
162683
162693
162706
162725
162737
162742
162747
162763
162785
162787
162792
162799
162820
162850
162866
162868
162873
162893
162899
162937
162998
163016
163021
163022
163023
163058
163059
163066
163074
163087
163181
163215
163231
163235
163238
163242
163261
163284
163286
163313
163325
163332
163397
163398
163408
163426
163466
163471
163505
163507
163521
163554
163557
163563
163569
163589
163595
163598
163606
163632
163643
163702
163711
163720
163804
163813
163816
163891
163921
163959
163978
164008
164017
164031
164040
164042
164072
164077
164115
164121
164136
164137
164138
164142
164143
164167
164181
164206
164212
164237
164259
164270
164338
164367
164376
164380
164382
164388
164389
164418
164419
164475
164488
164513
164527
164536
164571
164576
164588
164593
164596
164632
164646
164661
164670
164672
164675
164684
164705
164709
164720
164731
164765
164785
164792
164808
164812
164882
164917
164981
164991
165018
165034
165057
165058
165106
165135
165144
165148
165151
165155
165185
165194
165214
165219
165221
165241
165251
165272
165274
165331
165332
165405
165417
165420
165422
165499
165500
165616
165632
165643
165701
165702
165740
165781
165860
165895
165917
165929
165974
166034
166059
166066
166075
166084
166087
166111
166153
166158
166187
166208
166210
166217
166229
166272
166273
166275
166290
166310
166331
166368
166376
166384
166427
166431
166437
166484
166513
166532
166546
166558
166559
166571
166581
166600
166605
166622
166638
166644
166671
166686
166694
166724
166771
166798
166828
166844
166845
166871
166905
166906
166915
166975
166983
167057
167072
167077
167138
167144
167145
167212
167237
167240
167255
167289
167313
167326
167342
167406
167426
167449
167464
167492
167525
167547
167552
167554
167577
167580
167588
167593
167597
167607
167620
167627
167637
167648
167747
167774
167795
167804
167864
167873
167877
167915
167944
167976
167988
168043
168108
168135
168198
168216
168220
168237
168238
168253
168258
168260
168279
168293
168305
168322
168342
168348
168400
168403
168418
168420
168481
168533
168550
168574
168590
168613
168639
168647
168648
168665
168692
168705
168737
168779
168821
168872
168873
168888
168890
168940
168966
168980
168992
169032
169035
169037
169041
169063
169097
169102
169111
169121
169134
169145
169171
169191
169219
169253
169288
169320
169339
169345
169349
169365
169391
169403
169415
169430
169436
169463
169472
169493
169503
169506
169525
169580
169581
169584
169603
169615
169619
169635
169679
169682
169786
169797
169802
169812
169824
169846
169856
169864
169865
169868
169879
169890
169902
169914
169983
170015
170050
170060
170065
170086
170105
170139
170144
170146
170158
170173
170174
170232
170273
170283
170306
170320
170343
170377
170388
170426
170479
170481
170493
170501
170536
170550
170586
170595
170599
170670
170695
170702
170705
170716
170718
170737
170756
170758
170761
170769
170777
170779
170803
170809
170870
170903
170917
170939
170988
171006
171072
171111
171117
171143
171159
171166
171184
171203
171218
171227
171229
171237
171240
171248
171267
171273
171279
171287
171292
171304
171312
171315
171364
171374
171405
171419
171432
171448
171452
171487
171491
171527
171531
171537
171544
171588
171640
171665
171669
171740
171759
171762
171788
171790
171820
171892
171916
171919
171942
171959
171971
171974
171976
171993
172002
172012
172046
172056
172065
172099
172129
172145
172147
172182
172188
172189
172234
172252
172267
172272
172273
172368
172398
172411
172431
172441
172456
172465
172474
172478
172493
172521
172559
172581
172584
172585
172601
172607
172623
172625
172631
172664
172677
172701
172706
172714
172719
172739
172749
172766
172777
172796
172802
172834
172877
172878
172901
172931
172932
172953
172988
172998
173072
173108
173116
173126
173140
173159
173165
173166
173191
173212
173232
173243
173268
173276
173290
173299
173313
173332
173339
173352
173365
173408
173446
173449
173481
173516
173529
173534
173536
173564
173591
173608
173638
173665
173694
173729
173738
173745
173750
173777
173780
173791
173792
173812
173847
173848
173855
173885
173896
173898
173910
173935
173961
173967
173989
174011
174035
174070
174105
174116
174125
174129
174142
174175
174190
174203
174215
174222
174235
174265
174270
174313
174330
174353
174367
174370
174409
174443
174444
174445
174461
174467
174470
174474
174486
174488
174586
174590
174596
174610
174650
174674
174675
174691
174731
174737
174743
174764
174789
174815
174837
174840
174877
174882
174887
174896
174949
174960
174963
174967
174974
174977
174994
175000
175013
175033
175038
175051
175057
175070
175109
175124
175135
175142
175158
175262
175286
175296
175334
175349
175402
175423
175437
175461
175465
175471
175473
175533
175629
175647
175651
175681
175704
175712
175731
175740
175772
175855
175866
175871
175879
175886
175903
175919
175958
175967
175997
176030
176058
176090
176114
176138
176142
176153
176157
176180
176267
176281
176359
176386
176419
176424
176439
176465
176467
176468
176482
176562
176607
176668
176678
176688
176715
176722
176730
176736
176737
176765
176839
176842
176873
176880
176882
176916
176936
176944
176945
176998
177004
177008
177009
177053
177060
177076
177104
177122
177133
177153
177162
177183
177249
177260
177276
177278
177295
177308
177309
177310
177319
177324
177328
177336
177357
177360
177381
177400
177413
177433
177434
177442
177491
177492
177498
177560
177569
177591
177603
177621
177635
177645
177650
177654
177664
177666
177678
177694
177707
177725
177732
177735
177738
177770
177884
177890
177892
177904
177914
177922
177929
177931
177938
177947
177953
177957
177979
177984
178016
178022
178033
178049
178117
178175
178236
178242
178265
178288
178293
178313
178334
178342
178346
178383
178389
178393
178419
178474
178486
178505
178516
178522
178580
178581
178597
178619
178641
178647
178649
178651
178683
178693
178706
178714
178721
178736
178739
178746
178763
178839
178856
178868
178883
178888
178891
178895
178913
178921
178925
178950
178971
179069
179070
179072
179091
179165
179174
179179
179195
179212
179223
179229
179236
179239
179256
179277
179312
179346
179416
179445
179514
179524
179533
179564
179591
179624
179662
179742
179754
179774
179781
179788
179824
179862
179899
179901
179948
179961
179969
179977
179997
180009
180010
180031
180067
180120
180155
180172
180183
180194
180208
180227
180241
180252
180255
180309
180371
180410
180425
180441
180456
180472
180477
180478
180492
180510
180511
180578
180601
180603
180640
180648
180665
180689
180700
180725
180755
180758
180759
180766
180769
180772
180788
180817
180836
180856
180877
180883
180892
180917
180958
180976
181041
181042
181050
181073
181110
181137
181198
181204
181210
181225
181242
181256
181325
181337
181347
181361
181365
181380
181428
181441
181463
181481
181501
181534
181537
181542
181567
181573
181615
181719
181720
181760
181787
181826
181893
181905
181916
181930
181944
181982
181990
182013
182017
182035
182049
182067
182071
182082
182093
182127
182163
182167
182196
182209
182253
182288
182293
182300
182312
182333
182360
182368
182412
182423
182428
182440
182451
182461
182495
182512
182544
182546
182556
182557
182585
182590
182592
182628
182641
182691
182698
182701
182727
182750
182783
182801
182820
182827
182843
182869
182876
182904
182912
182914
182934
182939
182943
182945
182950
182972
183013
183014
183026
183029
183078
183133
183173
183176
183194
183202
183249
183263
183341
183379
183397
183425
183428
183449
183466
183476
183487
183489
183515
183522
183527
183555
183571
183577
183604
183628
183637
183663
183673
183687
183722
183766
183794
183803
183837
183851
183855
183893
183941
183944
183952
183973
183977
184010
184016
184077
184114
184143
184153
184195
184197
184218
184219
184235
184238
184271
184275
184310
184361
184362
184371
184387
184390
184450
184472
184495
184502
184512
184513
184527
184532
184552
184576
184584
184612
184619
184627
184644
184645
184656
184686
184696
184737
184738
184770
184808
184845
184879
184911
184920
184946
184951
184963
185031
185036
185049
185062
185071
185094
185106
185114
185124
185131
185138
185163
185173
185174
185180
185286
185310
185313
185316
185324
185365
185375
185442
185461
185475
185478
185509
185511
185559
185572
185605
185615
185660
185672
185701
185744
185761
185838
185862
185866
185867
185869
185870
185875
185894
185907
185921
185923
185933
185954
186043
186049
186067
186071
186074
186082
186102
186109
186161
186176
186193
186209
186213
186220
186255
186262
186284
186310
186320
186325
186328
186350
186353
186371
186412
186431
186457
186471
186476
186485
186490
186492
186515
186579
186603
186604
186636
186651
186661
186679
186700
186722
186784
186813
186839
186868
186888
186932
186938
186953
186993
186996
187021
187038
187041
187074
187105
187109
187140
187162
187170
187172
187175
187181
187183
187192
187198
187199
187235
187246
187261
187267
187310
187338
187352
187372
187395
187451
187479
187529
187548
187551
187556
187557
187565
187566
187570
187581
187602
187611
187625
187629
187638
187641
187689
187695
187702
187728
187762
187774
187792
187798
187845
187849
187893
187908
187928
187953
187994
188006
188026
188031
188047
188055
188073
188075
188079
188103
188130
188148
188181
188185
188196
188212
188234
188249
188257
188261
188281
188299
188331
188340
188368
188369
188370
188371
188377
188399
188417
188452
188460
188478
188479
188485
188516
188518
188528
188530
188535
188553
188597
188598
188614
188615
188619
188625
188633
188649
188668
188699
188709
188730
188738
188745
188768
188790
188800
188821
188842
188855
188884
188897
188965
188966
188982
188997
189002
189030
189034
189035
189056
189071
189078
189092
189098
189102
189108
189154
189160
189161
189178
189198
189217
189236
189250
189261
189271
189286
189296
189304
189312
189332
189344
189361
189427
189440
189442
189457
189460
189464
189495
189543
189566
189569
189604
189617
189623
189636
189667
189669
189671
189682
189708
189712
189755
189756
189785
189805
189810
189828
189832
189854
189863
189875
189901
189911
189982
190001
190015
190042
190071
190138
190140
190143
190145
190149
190177
190187
190201
190206
190226
190227
190250
190262
190269
190290
190295
190296
190308
190340
190352
190374
190382
190393
190400
190414
190437
190446
190483
190507
190520
190543
190590
190605
190607
190638
190673
190692
190713
190756
190804
190813
190814
190854
190857
190891
190893
190898
190915
190918
190945
190966
190975
190990
190996
191028
191047
191074
191079
191125
191128
191146
191151
191166
191191
191211
191231
191237
191254
191260
191273
191314
191345
191363
191377
191384
191411
191413
191430
191459
191467
191483
191490
191499
191513
191537
191555
191561
191610
191616
191622
191641
191654
191665
191753
191759
191771
191779
191854
191870
191891
191936
191948
191967
191992
192016
192035
192051
192072
192093
192115
192116
192120
192128
192137
192141
192215
192220
192229
192241
192256
192283
192284
192295
192315
192321
192378
192380
192402
192413
192431
192442
192444
192462
192472
192580
192591
192623
192662
192678
192683
192691
192725
192784
192808
192835
192855
192869
192886
192887
192892
192904
192923
192938
192942
193011
193065
193066
193084
193105
193111
193128
193149
193161
193162
193165
193225
193228
193229
193234
193237
193258
193324
193341
193380
193382
193423
193498
193530
193535
193539
193541
193558
193568
193584
193626
193632
193634
193667
193678
193685
193689
193741
193764
193767
193800
193810
193818
193866
193870
193887
193912
193917
193944
194023
194032
194038
194046
194049
194063
194066
194076
194102
194121
194130
194196
194203
194257
194272
194275
194316
194349
194397
194402
194429
194449
194455
194461
194470
194490
194510
194515
194517
194556
194577
194585
194641
194678
194706
194723
194753
194756
194767
194810
194814
194839
194843
194876
194892
194910
195012
195037
195062
195063
195067
195072
195091
195097
195102
195168
195204
195223
195238
195256
195268
195289
195305
195307
195312
195329
195363
195366
195391
195397
195400
195402
195406
195421
195429
195436
195469
195482
195530
195547
195565
195608
195655
195684
195688
195702
195719
195728
195753
195768
195774
195783
195812
195831
195861
195898
195922
195930
195931
195934
195940
195943
195945
195950
195989
196001
196026
196040
196070
196074
196075
196077
196095
196112
196146
196177
196180
196238
196269
196272
196296
196311
196325
196373
196415
196460
196481
196494
196534
196546
196554
196572
196574
196586
196621
196625
196652
196660
196695
196764
196794
196858
196878
196895
196902
196903
196932
196937
196949
196964
196970
196995
197011
197022
197030
197040
197041
197060
197067
197100
197110
197143
197147
197154
197165
197186
197210
197220
197230
197251
197261
197269
197287
197312
197336
197338
197353
197364
197375
197377
197399
197429
197441
197479
197500
197504
197514
197613
197650
197667
197708
197720
197724
197737
197763
197766
197803
197813
197819
197828
197845
197847
197852
197853
197868
197885
197918
197927
197958
197995
198005
198018
198039
198043
198047
198073
198119
198120
198163
198170
198200
198215
198219
198239
198257
198261
198262
198281
198322
198338
198342
198358
198372
198399
198445
198494
198510
198514
198515
198518
198526
198529
198541
198619
198627
198652
198656
198658
198669
198698
198760
198788
198839
198858
198860
198900
198908
198921
198933
198956
198967
199043
199044
199053
199055
199062
199128
199134
199159
199177
199232
199258
199277
199278
199341
199350
199369
199434
199443
199448
199478
199526
199541
199573
199575
199609
199631
199642
199652
199659
199682
199697
199716
199734
199769
199881
199903
199931
199935
199954
199977
199983
199995
200013
200030
200035
200094
200110
200128
200135
200164
200199
200219
200230
200249
200304
200327
200328
200336
200348
200393
200404
200406
200442
200472
200492
200498
200516
200570
200581
200592
200635
200655
200768
200799
200863
200875
200923
200930
200938
200957
200978
200985
200989
201009
201017
201027
201038
201042
201046
201057
201060
201067
201118
201130
201143
201192
201231
201233
201273
201299
201348
201379
201398
201415
201439
201452
201458
201469
201506
201511
201521
201573
201574
201590
201670
201700
201712
201742
201743
201752
201807
201808
201810
201841
201861
201873
201874
201876
201901
201922
201927
201955
201956
201981
201994
202031
202039
202055
202061
202062
202083
202131
202146
202154
202175
202191
202200
202220
202232
202266
202275
202348
202351
202359
202372
202374
202394
202408
202410
202411
202415
202455
202460
202489
202490
202494
202497
202531
202566
202579
202581
202606
202631
202663
202680
202696
202706
202709
202731
202764
202767
202783
202791
202794
202807
202808
202866
202880
202884
202902
202904
202905
202908
202995
203028
203034
203039
203055
203077
203107
203142
203149
203158
203166
203167
203232
203254
203262
203270
203301
203314
203355
203384
203388
203395
203398
203405
203409
203414
203506
203527
203633
203644
203697
203708
203791
203817
203820
203836
203849
203878
203881
203893
203902
203910
203924
203938
203957
203970
203986
203996
204009
204013
204039
204043
204058
204067
204075
204115
204116
204168
204172
204178
204232
204238
204260
204275
204286
204294
204324
204331
204351
204391
204399
204429
204435
204468
204469
204473
204485
204523
204527
204555
204560
204594
204600
204681
204688
204689
204707
204722
204773
204789
204796
204810
204836
204842
204846
204877
204905
204909
204914
204954
204959
204961
204963
204983
204998
205013
205019
205066
205080
205098
205147
205164
205168
205172
205199
205210
205217
205285
205298
205305
205374
205410
205430
205443
205450
205456
205467
205482
205492
205530
205534
205544
205576
205595
205608
205626
205632
205638
205653
205663
205670
205681
205723
205734
205741
205757
205760
205761
205789
205811
205826
205858
205904
205905
205910
205926
205928
205930
205934
205943
205946
206005
206041
206067
206078
206127
206129
206153
206156
206157
206178
206193
206202
206208
206214
206227
206235
206253
206259
206289
206316
206333
206338
206341
206350
206362
206394
206398
206435
206492
206508
206515
206543
206560
206575
206584
206628
206661
206668
206669
206696
206736
206767
206780
206781
206800
206815
206853
206875
206912
206926
206934
206939
206970
206986
207040
207071
207140
207149
207185
207186
207233
207259
207310
207314
207321
207325
207333
207347
207349
207369
207386
207388
207390
207410
207439
207475
207489
207492
207501
207557
207638
207666
207669
207683
207686
207706
207722
207734
207761
207816
207845
207900
207911
207930
207945
207953
207958
207967
207971
207992
207993
208002
208005
208022
208089
208127
208201
208210
208245
208256
208269
208272
208276
208296
208311
208342
208353
208368
208407
208416
208422
208426
208460
208471
208476
208479
208487
208512
208527
208544
208583
208600
208614
208615
208635
208641
208642
208662
208665
208676
208692
208734
208749
208760
208768
208775
208784
208798
208819
208828
208855
208861
208870
208871
208873
208875
208888
208890
208893
208957
208970
209001
209018
209037
209048
209067
209071
209078
209080
209081
209084
209090
209098
209115
209135
209173
209183
209184
209198
209201
209242
209265
209281
209284
209296
209308
209312
209323
209334
209338
209351
209369
209372
209380
209381
209406
209422
209432
209444
209446
209469
209490
209502
209535
209539
209540
209544
209548
209580
209582
209587
209615
209653
209690
209713
209714
209725
209735
209751
209797
209813
209817
209824
209873
209877
209918
209929
209968
209976
210049
210073
210115
210151
210153
210158
210180
210227
210275
210278
210325
210335
210396
210398
210399
210420
210423
210437
210450
210516
210533
210555
210618
210622
210629
210631
210676
210696
210711
210715
210721
210749
210767
210770
210789
210812
210847
210908
210954
210972
211039
211043
211050
211066
211082
211096
211116
211130
211131
211160
211184
211185
211226
211265
211267
211273
211307
211337
211383
211393
211397
211406
211412
211441
211478
211479
211497
211544
211551
211563
211567
211605
211609
211611
211644
211666
211674
211682
211687
211698
211705
211713
211736
211744
211745
211753
211775
211794
211798
211848
211849
211863
211873
211884
211885
211940
211966
211970
212020
212034
212046
212047
212053
212054
212086
212098
212106
212114
212119
212132
212190
212200
212254
212256
212267
212292
212309
212320
212335
212392
212414
212421
212422
212431
212468
212479
212480
212481
212515
212523
212542
212564
212595
212604
212617
212625
212634
212644
212675
212679
212685
212739
212753
212771
212814
212830
212844
212855
212862
212869
212900
212907
212914
212945
212947
212967
212968
212994
213000
213006
213017
213021
213033
213040
213052
213086
213106
213117
213130
213181
213222
213308
213322
213323
213343
213348
213352
213362
213364
213390
213424
213426
213427
213471
213478
213502
213523
213554
213576
213613
213652
213656
213686
213716
213761
213772
213831
213833
213839
213938
214005
214049
214067
214086
214124
214130
214140
214147
214161
214165
214226
214233
214237
214248
214267
214277
214291
214325
214407
214428
214433
214454
214455
214491
214516
214531
214536
214546
214606
214608
214620
214635
214661
214664
214666
214678
214700
214704
214716
214725
214749
214758
214815
214833
214890
214912
214915
214921
214928
214930
214938
214970
214999
215005
215012
215042
215086
215117
215127
215145
215169
215170
215174
215181
215190
215226
215274
215281
215300
215318
215390
215467
215522
215542
215615
215620
215666
215678
215699
215734
215759
215769
215781
215800
215821
215826
215830
215845
215910
215912
215921
215951
216001
216021
216063
216067
216087
216093
216115
216116
216138
216185
216208
216243
216247
216256
216260
216303
216345
216417
216419
216438
216457
216478
216490
216503
216567
216572
216591
216605
216696
216699
216719
216721
216735
216767
216808
216859
216860
216864
216866
216904
216920
216926
216927
216932
216934
216967
216973
216975
216976
216997
217001
217009
217089
217093
217098
217100
217136
217173
217177
217179
217198
217204
217230
217270
217312
217329
217336
217358
217374
217382
217396
217423
217424
217459
217463
217490
217494
217539
217543
217557
217579
217609
217630
217647
217668
217676
217682
217692
217723
217785
217798
217812
217823
217884
217890
217924
217959
217988
218001
218003
218004
218012
218015
218040
218045
218058
218112
218132
218140
218198
218227
218232
218282
218321
218324
218353
218373
218395
218402
218413
218418
218419
218420
218426
218467
218486
218549
218646
218675
218680
218684
218689
218702
218706
218720
218732
218734
218752
218755
218756
218767
218802
218819
218833
218845
218862
218874
218927
218940
218946
218949
218960
218984
218985
219006
219018
219029
219040
219050
219080
219088
219172
219211
219214
219217
219241
219268
219270
219281
219294
219309
219318
219327
219361
219366
219373
219375
219385
219386
219387
219410
219416
219452
219475
219487
219489
219525
219567
219607
219609
219617
219625
219650
219702
219731
219740
219786
219797
219813
219815
219827
219880
219922
219969
219982
220004
220022
220046
220085
220088
220118
220135
220211
220213
220250
220265
220295
220327
220336
220379
220380
220396
220397
220423
220427
220428
220435
220458
220489
220490
220502
220504
220508
220532
220547
220569
220575
220577
220584
220613
220633
220648
220654
220658
220670
220678
220704
220737
220749
220764
220773
220791
220836
220845
220857
220862
220877
220878
220883
220886
220918
220939
220954
220956
220983
220999
221006
221010
221037
221049
221059
221076
221093
221134
221137
221161
221168
221174
221193
221209
221229
221231
221288
221303
221311
221331
221333
221339
221353
221362
221384
221387
221393
221415
221424
221425
221431
221436
221461
221471
221508
221546
221553
221571
221585
221603
221609
221612
221622
221669
221672
221735
221752
221762
221769
221771
221779
221782
221803
221806
221810
221853
221918
221919
221941
221962
222005
222016
222019
222043
222049
222072
222109
222134
222158
222160
222192
222228
222233
222278
222286
222288
222298
222404
222446
222449
222471
222575
222605
222650
222659
222676
222703
222712
222727
222734
222781
222842
222857
222879
222889
222891
222915
222916
222921
222931
222946
222948
222975
222993
223007
223018
223039
223091
223123
223146
223147
223148
223175
223194
223210
223261
223285
223306
223316
223322
223351
223371
223379
223421
223433
223445
223470
223473
223496
223515
223520
223570
223581
223593
223625
223627
223631
223647
223675
223683
223699
223713
223742
223743
223779
223818
223838
223841
223856
223863
223865
223929
223955
223971
223979
224038
224057
224070
224113
224177
224191
224253
224262
224264
224281
224302
224311
224318
224333
224357
224368
224403
224410
224424
224430
224452
224528
224533
224567
224587
224590
224594
224607
224614
224651
224661
224681
224688
224702
224713
224752
224759
224767
224789
224846
224867
224875
224884
224941
224974
224987
225057
225070
225096
225123
225137
225146
225191
225223
225271
225278
225287
225297
225339
225349
225355
225360
225362
225369
225372
225375
225397
225416
225422
225439
225457
225463
225527
225559
225598
225634
225671
225680
225698
225720
225728
225729
225779
225814
225827
225838
225950
225978
225982
226047
226061
226065
226067
226081
226111
226119
226153
226180
226190
226202
226208
226214
226222
226228
226255
226275
226288
226290
226303
226307
226359
226388
226457
226502
226528
226530
226596
226604
226636
226650
226655
226714
226716
226735
226742
226755
226796
226831
226839
226844
226869
226878
226913
226917
226918
226968
226970
227015
227040
227049
227060
227093
227094
227124
227134
227136
227153
227170
227177
227192
227225
227227
227236
227240
227241
227316
227327
227354
227365
227380
227397
227429
227438
227457
227518
227532
227533
227539
227572
227586
227588
227654
227700
227736
227739
227747
227764
227813
227835
227837
227848
227854
227858
227869
227895
227907
227930
227934
227986
227991
228028
228040
228055
228067
228123
228133
228141
228156
228166
228271
228358
228380
228429
228500
228526
228548
228562
228572
228596
228607
228623
228626
228651
228741
228808
228825
228855
228865
228883
228904
228976
228990
228992
229007
229028
229029
229037
229050
229075
229089
229120
229148
229161
229172
229218
229227
229252
229314
229329
229362
229381
229406
229428
229435
229473
229478
229490
229528
229534
229551
229558
229560
229563
229576
229588
229618
229665
229679
229683
229694
229696
229710
229723
229801
229822
229836
229848
229853
229917
229988
230014
230018
230027
230037
230078
230091
230101
230110
230124
230253
230306
230315
230320
230326
230333
230361
230377
230387
230400
230491
230513
230527
230530
230531
230532
230600
230634
230670
230704
230708
230788
230797
230800
230825
230867
230875
230878
230910
230912
231007
231046
231061
231071
231083
231125
231178
231187
231196
231202
231209
231217
231218
231227
231276
231281
231305
231306
231307
231325
231340
231342
231344
231402
231435
231448
231458
231464
231501
231506
231511
231522
231528
231530
231554
231562
231567
231586
231598
231624
231632
231648
231655
231684
231685
231700
231708
231716
231772
231778
231782
231786
231788
231843
231849
231870
231882
231884
231906
231932
231971
231975
231980
231989
232045
232064
232098
232106
232107
232143
232146
232157
232169
232185
232209
232223
232252
232261
232282
232301
232331
232334
232340
232351
232373
232382
232411
232436
232479
232500
232516
232536
232545
232554
232565
232579
232638
232642
232649
232667
232697
232805
232823
232828
232851
232870
232880
232910
232926
232941
232977
232982
232984
232993
233015
233029
233056
233086
233113
233115
233136
233156
233157
233205
233207
233221
233231
233254
233269
233276
233289
233292
233323
233332
233333
233347
233351
233382
233415
233425
233437
233474
233486
233554
233560
233609
233643
233672
233695
233719
233735
233757
233785
233806
233849
233861
233899
233922
233935
233955
233959
233968
233972
233977
233989
234012
234028
234034
234041
234044
234061
234092
234096
234128
234138
234159
234160
234193
234199
234215
234222
234225
234271
234272
234288
234296
234313
234323
234381
234384
234401
234405
234407
234429
234471
234493
234498
234514
234525
234564
234610
234629
234645
234678
234692
234699
234721
234730
234734
234835
234885
234887
234912
234957
234995
235017
235043
235053
235102
235136
235149
235180
235187
235191
235223
235256
235320
235360
235391
235401
235446
235454
235475
235492
235503
235527
235537
235540
235561
235567
235571
235580
235591
235596
235602
235622
235636
235639
235676
235689
235708
235768
235877
235900
235921
235947
235981
235993
236032
236033
236038
236049
236061
236082
236093
236124
236169
236184
236195
236211
236212
236213
236214
236250
236257
236262
236269
236276
236288
236314
236340
236345
236375
236377
236414
236443
236445
236448
236452
236468
236475
236539
236556
236559
236565
236577
236580
236582
236605
236608
236628
236638
236661
236747
236749
236750
236778
236779
236796
236799
236819
236823
236851
236866
236870
236897
236906
236908
236914
236916
236950
236956
236962
236982
237036
237052
237064
237077
237093
237100
237101
237104
237107
237167
237173
237181
237197
237211
237216
237226
237228
237229
237248
237250
237279
237288
237293
237303
237324
237339
237378
237384
237385
237402
237413
237417
237429
237435
237440
237452
237537
237540
237561
237570
237595
237655
237676
237679
237688
237712
237725
237756
237770
237800
237802
237807
237827
237832
237852
237858
237859
237880
237884
237924
237951
237952
237959
237962
237973
237975
237988
237996
238010
238037
238051
238075
238126
238127
238129
238237
238240
238289
238305
238317
238328
238337
238370
238423
238434
238439
238446
238450
238454
238455
238505
238514
238526
238584
238593
238619
238620
238631
238637
238702
238704
238712
238727
238741
238754
238803
238819
238832
238874
238909
238926
238928
238930
238933
238942
238997
238998
239059
239078
239137
239146
239163
239174
239209
239240
239242
239252
239327
239329
239378
239380
239442
239450
239453
239477
239512
239517
239542
239561
239570
239574
239575
239592
239618
239622
239674
239688
239700
239709
239749
239755
239770
239781
239790
239805
239818
239824
239836
239838
239866
239867
239870
239879
239892
239906
239941
239953
239954
239972
239981
240001
240019
240034
240122
240149
240180
240278
240284
240297
240326
240400
240423
240431
240438
240470
240479
240495
240506
240521
240545
240563
240601
240622
240627
240636
240647
240650
240657
240662
240729
240732
240738
240815
240823
240826
240886
240887
240915
240919
240931
240937
240956
240967
240976
240983
240989
241003
241010
241041
241062
241080
241093
241098
241100
241116
241123
241137
241146
241153
241171
241190
241199
241206
241213
241228
241264
241278
241288
241339
241340
241357
241378
241389
241392
241398
241414
241415
241417
241418
241434
241459
241473
241476
241480
241486
241489
241501
241519
241598
241603
241618
241619
241620
241640
241651
241656
241662
241705
241712
241786
241789
241794
241804
241858
241882
241886
241919
241922
241946
241948
241979
241995
242035
242036
242047
242097
242120
242123
242131
242152
242170
242207
242209
242249
242271
242288
242310
242323
242337
242365
242391
242429
242438
242451
242457
242520
242524
242544
242550
242571
242577
242629
242637
242698
242701
242714
242755
242764
242784
242837
242842
242858
242872
242891
242893
242898
242911
242915
242917
242924
243010
243035
243073
243099
243114
243218
243222
243229
243231
243235
243237
243240
243241
243253
243268
243273
243320
243369
243376
243380
243390
243397
243428
243462
243468
243494
243505
243515
243518
243524
243526
243538
243540
243567
243576
243636
243646
243671
243683
243715
243799
243836
243897
243900
243902
243904
243910
243916
243923
243932
243937
243954
243964
243995
243998
244043
244072
244139
244155
244199
244205
244230
244240
244249
244257
244272
244276
244311
244316
244357
244374
244396
244445
244456
244480
244498
244553
244554
244573
244594
244643
244651
244666
244668
244684
244689
244693
244709
244712
244715
244752
244822
244824
244825
244842
244848
244862
244890
244891
244930
244964
244979
245000
245037
245104
245114
245125
245153
245158
245185
245223
245324
245395
245396
245414
245436
245442
245450
245455
245460
245462
245480
245484
245496
245532
245588
245625
245636
245652
245658
245665
245670
245697
245703
245714
245728
245758
245760
245794
245839
245850
245881
245884
245887
245925
245930
245983
246001
246032
246040
246047
246087
246093
246102
246122
246192
246213
246215
246247
246252
246286
246298
246318
246324
246352
246368
246369
246372
246394
246395
246408
246409
246411
246419
246433
246437
246474
246487
246490
246499
246500
246539
246562
246594
246631
246660
246695
246733
246753
246810
246823
246829
246836
246845
246870
246878
246901
246908
246912
246925
246946
246957
246972
246994
247000
247001
247021
247022
247040
247049
247130
247147
247178
247180
247205
247225
247228
247245
247250
247264
247315
247321
247328
247334
247341
247350
247373
247382
247407
247432
247451
247454
247459
247460
247485
247521
247542
247571
247653
247664
247725
247726
247732
247759
247771
247773
247791
247815
247845
247847
247848
247876
247882
247883
247906
247918
247962
247966
247970
247986
247995
247998
248058
248059
248065
248109
248187
248203
248220
248229
248234
248237
248298
248324
248330
248357
248360
248365
248392
248404
248406
248454
248486
248488
248493
248498
248501
248506
248507
248536
248578
248588
248593
248599
248603
248611
248640
248651
248660
248679
248727
248764
248773
248795
248798
248828
248838
248862
248874
248888
248889
248891
248895
248899
248905
248915
248916
248921
248934
248935
248957
248977
248985
248987
249009
249013
249036
249054
249074
249078
249095
249221
249233
249257
249272
249285
249293
249306
249308
249310
249313
249341
249382
249419
249433
249455
249472
249515
249538
249540
249555
249583
249589
249603
249611
249655
249668
249669
249711
249714
249757
249798
249813
249821
249825
249837
249843
249869
249895
249915
249919
249946
249956
249978
249979
249981
250026
250028
250049
250061
250062
250078
250085
250102
250112
250202
250244
250258
250321
250346
250352
250406
250413
250485
250491
250509
250510
250612
250615
250651
250683
250762
250804
250822
250823
250824
250841
250853
250886
250891
250941
250981
251083
251099
251102
251107
251109
251111
251126
251127
251140
251239
251269
251279
251296
251315
251368
251369
251384
251389
251411
251471
251505
251531
251570
251574
251604
251629
251638
251663
251676
251680
251703
251733
251744
251745
251814
251828
251858
251870
251880
251886
251891
251929
251944
251987
252000
252023
252025
252035
252079
252126
252132
252144
252203
252215
252243
252254
252262
252267
252287
252332
252344
252389
252395
252399
252417
252443
252469
252472
252476
252492
252499
252507
252544
252550
252599
252605
252664
252695
252708
252753
252768
252799
252905
252928
252942
252958
253015
253042
253044
253047
253051
253087
253118
253126
253166
253179
253215
253237
253285
253300
253313
253336
253356
253396
253402
253410
253417
253422
253453
253456
253461
253481
253521
253523
253524
253525
253529
253534
253542
253560
253580
253587
253596
253611
253620
253630
253639
253649
253658
253672
253726
253740
253743
253757
253794
253814
253815
253857
253861
253864
253875
253876
253896
253938
253940
253944
253949
253965
253969
254010
254012
254014
254061
254063
254070
254072
254090
254145
254168
254170
254177
254253
254285
254312
254316
254318
254403
254407
254442
254443
254456
254558
254583
254601
254700
254728
254747
254750
254755
254769
254787
254802
254832
254849
254856
254859
254865
254887
254889
254948
254973
254975
254989
255014
255032
255058
255064
255065
255123
255124
255144
255145
255151
255186
255191
255194
255248
255256
255273
255289
255296
255313
255314
255338
255342
255364
255382
255388
255400
255417
255420
255427
255463
255466
255474
255506
255518
255542
255547
255583
255596
255598
255703
255708
255731
255735
255736
255763
255764
255779
255784
255791
255796
255800
255830
255851
255885
255889
255896
255918
255928
255934
255939
255956
256019
256023
256026
256030
256052
256076
256093
256110
256137
256140
256141
256152
256164
256211
256225
256226
256240
256256
256310
256315
256324
256348
256355
256361
256371
256379
256443
256458
256503
256536
256537
256539
256543
256550
256581
256652
256657
256659
256686
256709
256712
256726
256727
256733
256737
256741
256748
256775
256777
256801
256839
256850
256862
256901
256909
256949
256991
257018
257037
257056
257062
257068
257092
257129
257141
257154
257173
257178
257200
257203
257220
257228
257244
257262
257269
257274
257297
257300
257308
257316
257331
257377
257379
257402
257435
257447
257483
257509
257517
257538
257549
257570
257584
257589
257595
257603
257606
257612
257617
257668
257672
257679
257689
257713
257724
257732
257810
257889
257900
257950
257992
257996
258004
258009
258029
258031
258045
258055
258058
258096
258112
258144
258150
258173
258224
258225
258255
258291
258330
258339
258344
258347
258350
258384
258390
258408
258452
258476
258497
258569
258575
258602
258615
258690
258691
258719
258721
258735
258743
258746
258775
258812
258813
258870
258876
258893
258898
258912
258926
258936
258963
259008
259022
259075
259103
259150
259166
259189
259226
259269
259274
259296
259333
259350
259372
259417
259420
259422
259429
259458
259462
259507
259529
259575
259577
259581
259588
259592
259594
259622
259631
259635
259658
259662
259676
259715
259764
259769
259785
259788
259825
259834
259836
259858
259864
259889
259897
259905
259907
259943
259981
259985
260012
260025
260040
260060
260061
260120
260146
260178
260209
260212
260291
260292
260294
260317
260322
260327
260331
260359
260371
260372
260377
260406
260417
260419
260430
260435
260449
260452
260469
260476
260484
260508
260523
260533
260545
260655
260675
260679
260706
260722
260739
260741
260773
260777
260807
260811
260826
260860
260871
260879
260889
260917
260958
260966
261002
261004
261019
261045
261076
261095
261113
261123
261141
261145
261149
261151
261166
261184
261195
261214
261245
261256
261268
261274
261276
261279
261366
261388
261472
261478
261495
261499
261505
261517
261518
261525
261527
261543
261549
261649
261679
261697
261726
261749
261752
261768
261797
261803
261834
261840
261874
261885
261890
261899
261918
261945
261952
261957
261995
261997
262023
262024
262029
262059
262068
262096
262117
262118
262152
262153
262183
262186
262220
262265
262266
262293
262315
262345
262361
262380
262385
262408
262423
262436
262483
262495
262502
262572
262585
262612
262658
262686
262694
262699
262717
262730
262743
262772
262778
262804
262807
262809
262883
262889
262896
262904
262942
262969
262973
262975
263012
263033
263046
263060
263061
263079
263110
263130
263142
263179
263189
263202
263283
263284
263290
263306
263307
263317
263344
263346
263361
263366
263374
263390
263394
263426
263452
263464
263476
263492
263496
263504
263518
263583
263601
263612
263651
263666
263684
263686
263688
263701
263728
263754
263776
263787
263795
263823
263824
263855
263861
263899
263908
263929
263930
263934
263970
263995
264018
264027
264042
264098
264102
264147
264174
264219
264220
264238
264239
264243
264255
264270
264287
264293
264312
264379
264381
264390
264425
264452
264457
264476
264483
264507
264524
264527
264555
264564
264571
264579
264597
264614
264616
264634
264651
264663
264714
264752
264763
264811
264848
264850
264872
264895
264913
264924
264938
264942
264944
264950
264956
264976
264979
264980
264981
264987
264992
264996
265019
265051
265072
265074
265103
265105
265110
265158
265231
265236
265242
265252
265298
265305
265312
265337
265341
265350
265353
265386
265387
265388
265402
265422
265441
265483
265543
265573
265584
265626
265642
265673
265689
265706
265708
265709
265723
265739
265765
265793
265803
265825
265830
265887
265900
265902
265927
265967
265969
266027
266038
266061
266073
266083
266095
266096
266106
266116
266122
266136
266137
266146
266156
266157
266175
266184
266199
266219
266220
266286
266302
266304
266341
266348
266351
266368
266376
266413
266414
266438
266461
266499
266540
266559
266641
266674
266680
266687
266710
266720
266729
266735
266739
266741
266742
266781
266790
266792
266809
266819
266862
266870
266872
266874
266893
266921
266930
266939
266940
266980
266984
267003
267024
267028
267030
267083
267088
267111
267118
267162
267174
267199
267212
267226
267240
267285
267310
267339
267385
267388
267389
267398
267404
267419
267423
267501
267510
267523
267604
267618
267659
267680
267695
267703
267708
267713
267721
267728
267749
267772
267791
267792
267803
267831
267832
267852
267936
267980
267992
268018
268032
268045
268085
268103
268104
268114
268136
268147
268245
268255
268279
268286
268290
268306
268315
268324
268344
268404
268435
268455
268629
268639
268685
268688
268692
268700
268740
268746
268757
268770
268803
268810
268840
268853
268869
268880
268887
268891
268900
268903
268932
268971
268981
268994
268999
269012
269043
269048
269051
269062
269078
269103
269106
269131
269142
269146
269147
269153
269192
269199
269204
269215
269249
269267
269276
269284
269337
269389
269393
269400
269430
269432
269468
269481
269494
269534
269561
269622
269627
269661
269703
269727
269736
269737
269739
269750
269770
269802
269830
269840
269872
269889
269907
269917
269935
269973
269984
270014
270019
270073
270081
270098
270134
270186
270210
270228
270240
270276
270324
270331
270334
270364
270397
270398
270402
270405
270431
270464
270488
270498
270529
270544
270555
270575
270599
270604
270618
270659
270668
270712
270770
270796
270798
270804
270827
270864
270884
270909
270935
270948
270977
270987
270996
271023
271032
271054
271078
271081
271087
271110
271128
271134
271144
271149
271159
271165
271172
271268
271299
271338
271342
271355
271364
271461
271467
271476
271489
271517
271565
271575
271612
271650
271663
271666
271668
271682
271688
271694
271742
271756
271815
271827
271853
271891
271907
271911
271914
271933
272012
272024
272051
272068
272070
272090
272094
272103
272121
272150
272176
272194
272211
272213
272228
272310
272323
272334
272343
272351
272353
272367
272381
272389
272423
272439
272464
272511
272513
272514
272525
272529
272566
272616
272639
272659
272683
272686
272742
272749
272772
272785
272794
272797
272798
272799
272802
272824
272826
272843
272845
272853
272870
272909
272926
272940
272955
272966
272987
273036
273039
273058
273115
273147
273152
273155
273156
273171
273184
273185
273201
273219
273229
273246
273278
273324
273352
273353
273383
273391
273397
273420
273427
273446
273618
273623
273637
273664
273717
273722
273744
273747
273785
273811
273835
273839
273852
273910
273922
273957
274078
274088
274124
274148
274166
274182
274187
274220
274224
274240
274241
274242
274249
274258
274278
274311
274320
274343
274379
274390
274409
274422
274447
274461
274493
274510
274514
274516
274579
274596
274603
274620
274632
274642
274652
274672
274677
274694
274703
274705
274712
274720
274727
274728
274750
274757
274800
274806
274815
274833
274838
274884
274899
274913
274925
274951
274984
274988
274991
275003
275017
275028
275037
275070
275071
275082
275115
275126
275141
275174
275196
275200
275208
275263
275272
275288
275290
275308
275312
275331
275342
275352
275360
275379
275384
275391
275447
275470
275503
275523
275534
275598
275608
275609
275621
275641
275695
275700
275707
275724
275740
275746
275755
275759
275775
275778
275802
275805
275866
275872
275880
275922
275926
275943
275948
275971
275989
276006
276018
276022
276042
276047
276070
276079
276093
276116
276122
276135
276160
276197
276202
276205
276206
276207
276238
276240
276245
276250
276279
276296
276304
276428
276479
276490
276498
276505
276530
276536
276554
276568
276590
276687
276695
276705
276706
276733
276739
276746
276757
276768
276784
276795
276933
277010
277048
277069
277070
277072
277083
277119
277153
277162
277194
277199
277211
277220
277224
277243
277248
277263
277267
277272
277277
277280
277281
277283
277284
277290
277346
277351
277360
277369
277373
277375
277378
277387
277389
277394
277398
277420
277422
277441
277454
277490
277543
277599
277607
277631
277652
277664
277675
277709
277778
277791
277863
277894
277901
277906
277926
277943
277952
277953
277987
278010
278035
278044
278056
278069
278079
278111
278120
278138
278154
278166
278183
278273
278283
278298
278324
278326
278403
278410
278416
278419
278421
278446
278464
278493
278508
278509
278524
278534
278564
278590
278592
278602
278621
278631
278633
278639
278664
