70
106
113
129
143
471
735
795
850
935
939
1060
1070
1184
1624
1684
1689
1983
2006
2040
2157
2735
2796
2890
3064
3206
3215
3240
3479
3506
4009
4019
4195
4247
4289
4523
4573
4807
4868
5498
5877
5926
5985
6051
6083
6107
6700
6830
6976
6999
7278
7422
7524
7654
7865
7950
8052
8613
8639
8790
8932
9170
9358
10448
10480
10601
10700
10877
11314
11504
11515
11616
11665
11886
12024
12445
12465
12761
12995
13073
13298
13518
13566
13717
14291
14689
14691
14742
14876
15024
15113
15138
15156
15256
15906
16339
16353
16443
16578
16894
16949
17310
17314
17496
17600
17655
17978
18122
18142
18329
18522
18717
19031
19141
19313
19913
20364
20534
20611
20619
20884
20888
21088
21113
21138
21442
21561
21811
21944
22155
22175
22586
22997
23188
23300
23369
23416
23484
23791
24133
24431
24484
24506
24733
24828
25332
25694
26259
26297
26304
26621
26638
26717
26747
26829
27216
27240
27287
27366
27576
27713
28158
28455
28550
28627
28758
29132
29226
29239
29296
29372
29423
29588
29787
29971
30235
30601
30962
30994
31003
31019
31161
31189
31197
31301
31386
31690
31730
31784
31823
31978
32189
32288
32462
32614
32702
32715
32772
32776
32904
32958
33098
33497
33661
33836
33838
34126
34346
34387
34451
34454
34488
34552
34752
34761
34948
35222
35502
35681
35685
35732
35963
36258
36269
36438
36556
36663
36672
37149
37241
37691
37762
37781
37790
37908
37991
38150
38406
38565
38571
38683
38911
39174
39245
39501
39555
39949
39962
39987
40134
40598
40599
40630
40684
40704
40713
40801
40940
40970
41092
41427
41485
41612
41659
41886
42359
43012
43197
43259
43294
43334
43502
43646
43838
43964
44042
44231
44245
44249
44287
44328
44354
44526
44614
45026
45034
45074
45333
45352
45363
45450
45460
45550
45730
45769
46203
46217
46223
46290
46486
46601
46603
46724
46922
47026
47443
47795
47862
47876
47923
48044
48131
48313
48467
48468
48557
48988
49117
49120
49405
49608
49713
50629
51054
51057
51090
51139
51471
51735
51788
51858
52052
52194
52413
52798
52831
53058
53136
53324
54111
54311
54392
54463
54597
54701
54739
54963
54997
55071
55097
55302
55441
55744
56088
56455
56751
56883
57532
57606
57619
57636
57680
57694
57743
57811
57976
58117
58162
58167
58337
58460
58930
59187
59203
59372
59499
59534
60072
60362
60463
60488
60709
60905
61419
61543
61641
61828
61863
62159
62317
62528
62572
62694
62738
62899
63186
63593
63641
63943
64018
64939
65000
65160
65465
65578
65845
66311
66333
66456
66484
66597
66901
67060
67273
67350
67372
67582
68110
68118
68215
68242
68742
68771
68846
68921
68942
68987
69130
69297
69588
69955
70236
70654
70673
70789
71369
71393
71406
71448
72012
72016
72421
72487
72552
72639
72764
73236
73256
73639
73868
74413
74686
75107
75576
75626
75843
75913
76132
76562
76728
76812
76824
77165
77397
77409
77441
77616
78075
78287
78322
78339
78389
78414
78432
78452
78594
78665
78693
78726
78791
78953
79033
79429
79579
79669
79921
80348
80531
80592
80644
80646
80754
80796
80887
80900
80905
80927
81172
81729
82161
82290
82360
83079
83484
83646
83666
83727
84097
84154
84156
84219
84378
84734
84770
84892
84945
85012
85072
85204
85492
85494
85806
85892
86476
86567
86570
86594
86875
86968
87024
87474
88212
88213
88226
88237
88313
88350
88443
88540
88580
88638
89108
89184
89235
89313
89572
89601
89969
89991
90138
90144
90175
90844
90950
90954
90979
90998
91048
91285
91346
91556
91775
91808
92189
92467
92569
93140
93283
93327
93613
93682
93888
94268
94539
95107
95480
96005
96131
96153
96306
96557
96749
96815
96821
96983
97027
97131
97263
97795
97952
98088
98265
98388
98592
98615
98946
99012
99045
99077
99102
99207
99237
99431
99476
99501
99695
99762
99959
99984
99993
100527
100553
100707
100753
100989
101232
101668
101885
102043
102370
102721
102749
102856
102925
102943
103082
103225
103349
103430
103440
103458
103593
103754
103926
103959
104209
104411
104436
104611
104735
104938
105005
105393
105750
106027
106188
106211
106635
106685
106756
106843
106870
107005
107031
107065
107067
107193
107545
107667
107710
107755
107963
108190
108206
108285
108341
108362
108563
108667
108679
108724
108726
109040
109219
109297
109302
109354
109647
109683
109845
109874
109942
110029
110211
110461
110480
110715
111252
111386
111596
111642
111737
111998
112136
112184
112224
112240
112504
112530
112667
112775
113128
113334
113422
113445
113544
113679
113835
114106
114134
114848
115038
115085
115518
115572
116179
117045
117073
117243
117319
117665
117916
118084
118157
118382
118492
118509
118861
118870
118979
119105
119212
119251
119306
119403
119422
119578
119657
119858
120061
120495
120504
120886
120929
121150
121842
122173
122436
122704
122730
122745
122991
123019
123043
123074
123121
123381
123396
123473
123703
123738
123767
123837
123896
123992
124393
124608
125057
125112
125321
125455
126134
127057
127268
127622
127698
127801
128083
128347
128351
128402
128717
129206
129280
129705
129933
129987
130767
130782
130852
131284
131298
131370
131427
131667
132109
132153
132200
132925
133185
133628
134263
134432
134472
134797
134947
134992
135407
135609
135616
135634
135659
135736
135950
136044
136055
136211
136284
136325
136437
136620
136771
136843
136848
136853
136923
137398
137437
137439
137617
137680
137710
137822
138272
138668
138839
138965
139339
139410
139437
139608
139659
139739
139816
140188
140370
140443
140500
140598
140772
140817
141164
141173
141176
141190
141232
141625
141692
141695
141830
141831
141848
141849
141977
141998
142265
142354
142657
142669
142705
142837
142863
143327
143348
143473
143520
143599
143793
143808
144226
144291
144596
144713
144936
145185
145220
145495
145981
146026
146035
146047
146103
146475
146952
147237
147262
147413
147468
147503
147796
147852
147900
148019
148255
148316
148590
148648
148841
149262
149358
149361
149406
149493
149641
149719
149869
149900
149975
150191
150719
150944
151172
151372
151375
151420
151604
151746
152076
152164
152539
152706
152857
153244
153482
153494
153574
153691
153760
153785
153792
153828
153884
153891
153967
154275
154305
154869
154894
155069
155131
155264
155440
155809
155832
155883
155914
156316
156467
156662
156700
156901
157117
157252
157410
157413
157524
157575
157792
157895
157951
157996
158080
158562
158636
158796
158925
159050
159221
159279
159310
159369
159434
159513
159549
159758
159934
160123
160342
160391
160409
160601
160719
160825
160838
160841
160888
160999
161116
161520
161541
161747
162224
162263
162342
162459
162604
162625
162716
163372
163539
163729
163852
163855
163964
164058
164221
164229
164240
164387
164501
164728
164911
165398
165454
165541
165568
165592
165605
165807
165846
165865
165896
166156
166165
166382
166410
166584
166930
167412
167612
167663
167947
167993
168199
168239
168395
168487
168518
169195
169414
169543
169698
169728
170113
170216
170765
170894
171188
171189
171272
171319
171409
171482
171631
172440
172617
173037
173271
173386
174206
174282
174307
174740
174760
174819
174995
175015
175027
175269
175276
175357
175615
176100
176108
176200
176372
176466
176567
176627
176662
176717
176775
176856
176897
176918
177029
177329
177397
177427
177520
177708
178041
178261
178266
178620
178849
179031
179141
179144
179433
179438
179494
179502
179841
180129
180254
180310
180806
180851
180931
181085
181236
181351
181513
181717
181740
181849
182030
182100
182106
182190
183010
183012
183015
183121
183127
183306
183404
183497
183506
183747
183969
183996
184103
184491
184817
185215
185470
185798
185900
185975
186045
186094
186096
186548
186580
186606
186641
186667
186677
186725
186862
186904
187066
187169
187242
187564
187608
188064
188138
188554
188829
188881
188913
188953
189048
189114
189131
189237
189294
189505
189521
189588
189635
190412
190435
190468
190505
190535
190583
190776
190889
191158
191316
191326
191329
191426
191441
191458
191625
191728
191815
191968
191975
192199
192213
192252
192281
192693
192775
192780
192805
193293
193311
193314
193367
193422
193461
193477
193484
193577
193594
193638
193813
193923
193939
194097
194375
194486
194747
195120
195197
195265
195435
195526
195699
195735
195869
196183
196185
196346
196364
196410
196515
196537
196655
196672
196830
197050
197335
197489
197490
197499
197643
197789
197790
197796
197878
198473
198603
199000
199323
199368
199398
199593
199666
199677
199890
199971
200046
200330
200436
200869
200972
201049
201314
201316
201347
201903
201995
202483
202564
202754
202844
202851
202912
202923
203781
203798
203985
204003
204100
204344
204400
204602
204618
204644
204701
204908
204980
205014
205451
205656
205717
205725
205937
205959
206070
206189
206336
206375
206523
206653
206819
206838
206908
206923
207024
207170
207415
207560
207736
207857
207859
207944
208004
208112
208143
208406
208621
209246
209623
209700
209810
209895
210309
210392
210436
211302
211357
211582
211829
212173
212302
212342
212396
212559
212851
212953
213125
213156
213211
213285
213544
213674
213696
213731
213733
213755
213830
213857
214198
214482
214884
214932
215218
215222
215736
215767
215915
215982
216025
216288
216327
216869
216954
217066
217360
217398
217549
217561
217593
217840
218130
218925
219154
219181
219501
219510
219913
220145
220186
220445
220727
220927
221055
221198
221263
221314
221676
221841
221887
222042
222068
222096
222403
222480
222514
222555
222601
222622
222642
222755
222814
222986
223094
223140
223207
223266
223486
223495
223586
223767
223826
224101
224273
224279
224380
224444
224524
224739
224835
224879
224936
225501
225639
225653
225718
226358
226373
226394
226677
226681
226797
226922
226987
227026
227197
227278
227324
227421
227452
227523
227662
227672
227708
227744
227767
227968
228199
228243
228426
228600
228742
228771
228896
228915
229068
229083
229138
229211
229242
229293
229315
229520
229610
229979
230012
230086
230150
230402
230438
230451
230645
230894
230924
230949
230976
231036
231082
231137
231180
231233
231271
231579
231784
231873
231965
232130
232188
232676
232729
232973
233348
233379
233953
234230
234298
234299
234652
234658
234705
234837
234910
234934
235087
235241
235379
235382
235465
235587
235619
236037
236310
236501
236524
236566
236572
236585
236610
236734
236746
237095
237295
237459
237736
237763
237968
238311
238396
238501
238543
238688
238710
239082
239261
239473
240025
240118
240145
240334
240441
240642
240725
240873
241054
241160
241178
241179
241511
241513
241655
241754
241807
241824
241863
241978
242054
242362
242375
242389
242560
242648
243036
243144
243252
243277
243312
243370
243620
243750
244278
244318
244393
244503
244732
244771
244949
245137
245479
245531
245621
246416
246680
246688
246783
246804
246847
247012
247074
247189
247280
247305
248020
248130
248325
248758
248783
249055
249114
249305
249476
249491
249747
250154
250417
250431
250448
250556
250593
250596
250598
250617
250882
250888
250905
251048
251077
251288
251310
251367
251464
251605
251621
251632
251746
252048
252209
252756
252786
252860
253000
253036
253054
253083
253290
253314
253427
253645
253697
253849
253859
253909
254042
254073
254132
254188
254616
254756
254828
255051
255290
255603
255649
255789
255809
255886
256244
256269
256383
256438
256511
256573
256589
256607
256655
256861
256878
256948
257047
257167
257254
257451
257495
257868
257875
257914
257990
258132
258464
258519
258544
258668
258889
258937
259003
259053
259101
259564
259918
260187
260227
260318
260361
260516
260579
260660
260805
260985
261157
261165
261332
261482
261870
262089
262826
262840
262954
263236
263499
263557
263674
263920
263936
263973
264031
264115
264304
264522
264591
264644
264799
264879
264883
265281
265876
265992
266039
266048
266080
266384
266467
266675
266700
267279
267734
268277
268326
268375
268383
268408
268416
268650
268751
268907
269207
269213
269218
269338
269510
269547
269596
269817
269922
270106
270126
270220
270257
270278
270432
270647
270858
270905
270950
270978
271194
271357
271511
271975
272047
272137
272504
272809
272889
272961
273069
273461
273500
273550
273685
273787
273800
273864
273866
273974
274145
274364
274519
274798
275264
275514
275754
275836
276140
276302
276318
276379
276421
276495
276556
276637
276772
276787
277200
277305
277428
277503
277593
277656
277775
277777
277821
277849
278048
278050
278072
278081
278315
278442
278579
