113
118
129
143
174
304
323
735
746
793
935
963
1127
1146
1340
1445
1624
1684
1941
2058
2627
2688
2731
2735
2741
2780
3064
3240
3289
3479
3506
3752
3798
4068
4181
4195
4289
4459
4868
5001
5498
5714
5841
6165
6519
6552
6700
6850
6882
6904
6976
6999
7524
7865
7922
7950
8005
8052
8216
8239
8270
8339
8542
8639
8790
8932
9126
9166
9392
9796
9957
9978
9996
10020
10021
10221
10450
10475
10615
10700
10830
11124
11314
11462
11483
11616
12171
12378
12400
12465
12536
12575
12678
12760
12978
12995
13279
13309
13402
13456
13518
13566
13717
14366
14410
14671
14685
14689
14742
14876
14960
15059
15113
15196
15502
15602
15680
15728
15774
15881
15906
16282
16353
16361
16443
16578
16618
16701
16823
16949
17029
17138
17147
18142
18329
18712
19031
19913
20461
20534
20611
20627
20669
20898
21138
21204
21321
21328
21561
21632
21729
21751
21782
21811
21855
21938
21944
22040
22535
22586
22997
23416
23658
23675
23698
23920
24089
24103
24133
24345
24484
24705
24786
24846
24894
25019
25087
25332
25606
25706
26188
26259
26297
26330
26441
26629
26829
26941
27019
27216
27287
27366
27598
27689
27713
27795
27799
28952
29226
29288
29394
29588
30230
30601
30753
30829
30937
30962
31098
31161
31175
31381
31447
31594
31666
31787
31823
32144
32189
32427
32462
32541
32702
32715
32776
32810
32832
32958
33015
33098
33225
33256
33453
33663
33838
34126
34298
34613
35253
35302
35606
35681
35963
35964
36258
36269
36283
36541
36556
36562
36663
36672
36737
36923
37048
37241
37416
37440
37518
37543
37762
37781
37790
37867
37908
37989
38004
38007
38245
38367
38563
38565
38823
39349
39501
39509
39555
39586
39629
40012
40086
40134
40346
40598
40804
40940
40969
40970
41255
41479
41612
41659
41854
41974
41979
41997
42267
42305
42336
42359
42429
42430
42785
43080
43197
43342
43469
43502
43658
43670
43838
43873
43918
44042
44136
44208
44231
44287
44292
44328
44413
44424
44496
44528
44696
44795
44799
44888
44978
45074
45363
45446
45450
45460
45678
45725
45735
46003
46203
46290
46601
46611
46922
46930
47053
47174
47278
47504
47789
47862
47876
47933
48140
48209
48213
48313
48322
48336
48467
48468
48549
48609
48665
48936
48988
49122
49505
49553
49608
50313
50598
50634
51260
51330
51471
51627
51788
52053
52249
52368
52450
52509
52660
52798
52933
53136
53169
53185
53401
53729
53818
53844
53847
54111
54113
54200
54421
54435
54678
54900
54983
54997
55057
55254
55515
55635
55686
55721
55843
56009
56047
56157
56337
56628
56741
56883
56983
57092
57111
57206
57261
57447
57471
57608
57648
57655
57680
57694
57936
58167
58255
58337
58580
59203
59315
59411
59553
59827
60142
60398
60463
60825
61419
61642
61863
61937
61960
61996
62159
62360
62390
62420
62528
62738
62899
63054
63096
63166
63167
63384
63779
63905
63943
64006
64011
64665
65160
65465
65486
65801
65845
65871
66002
66456
66484
66576
66597
66901
66992
67060
67175
67397
67649
67977
68073
68076
68110
68118
68242
68513
68662
68771
68846
68921
68967
69130
69223
69369
69460
70004
70440
70757
71226
71393
71870
72016
72421
72507
72569
72639
72730
72774
72813
73256
74399
74545
74686
74817
75107
75235
75895
76020
76055
76238
76326
77397
77409
77441
77771
78075
78137
78322
78389
78791
78953
79016
79033
79149
79170
79238
79293
79429
79563
79573
79611
79669
79917
79929
80036
80050
80348
80531
80589
80646
80754
80883
80897
81172
81819
81984
82019
82035
82290
82531
82930
83079
83095
83164
83619
83842
84094
84112
84471
84625
84734
84770
84892
85012
85072
85399
85500
85603
85892
85911
86567
86594
86813
86968
86974
87120
87167
87439
87474
87589
88212
88213
88226
88350
88443
88680
88681
88828
89001
89184
89221
89235
89339
89408
89443
89462
89572
89735
89874
89969
90144
90248
90259
90274
90391
90813
90844
90923
90979
91048
91281
91423
91479
91500
91775
92467
92569
92588
92937
93327
93628
93790
93813
93888
93922
94012
94060
94268
94758
95170
95255
95478
95576
95975
95978
96005
96297
96306
96387
96509
96514
96561
96704
97163
97244
97246
97263
97264
97405
97795
98012
98070
98080
98209
98388
98423
98530
98592
98837
99053
99173
99211
99476
99825
99894
100101
100527
100555
100603
100659
100697
100707
100738
100753
100817
100877
101036
101588
101668
101749
101931
102106
102224
102685
102695
102749
102755
102761
102926
103044
103057
103082
103199
103225
103430
103433
103440
103615
103779
103832
103959
104231
104354
104735
104818
105079
105131
105314
105580
105615
105732
105816
105931
106012
106027
106088
106095
106098
106163
106504
106670
106687
106848
106869
106870
106925
107260
107445
107646
107647
108188
108217
108285
108362
108498
108725
108765
108830
108852
109126
109234
109302
109504
109624
109874
109942
109975
110108
110216
110460
110522
110595
111306
111386
111418
111569
111737
111932
111982
111997
112136
112182
112224
112240
112297
112304
112323
112632
112638
112667
113081
113106
113334
113376
113445
113470
113509
113643
113956
113963
114106
114134
114470
114609
114848
115085
115621
116532
117073
117243
117247
117308
117686
117863
118382
118455
118492
118975
119105
119212
119300
119325
119404
119622
119684
119704
120348
120712
120886
120929
121334
121557
121579
121753
122017
122173
122406
122704
123043
123095
123148
123396
123602
123808
123887
123896
123992
124608
124841
125112
125131
125238
125455
125792
126036
126792
127175
127180
127268
127349
127592
128083
128093
129206
129608
129800
129818
129987
130002
130063
130131
130201
130581
130630
130767
130928
131099
131150
131271
131273
131298
131427
131584
131656
131667
131799
131938
132153
132925
132932
133080
133250
133775
134067
134391
134467
134642
134947
135033
135270
135407
135736
135742
135913
136055
136226
136284
136325
136410
136430
136853
137151
137175
137204
137288
137398
137412
137916
138130
138417
138452
138588
139129
139437
139608
139859
139928
139945
140083
140093
140245
140278
140358
140500
140531
140775
141176
141190
141801
141816
141848
142265
142354
142607
142638
142669
142689
142821
142851
142868
143248
143599
143793
143808
144164
144226
144291
144547
144789
144936
145220
145441
145452
145575
146035
146364
146657
146806
147237
147391
147409
147414
147442
147503
147554
147862
147900
148058
148238
148314
148590
148592
148648
148651
148841
149230
149294
149641
149856
150094
150659
150774
150812
150944
150945
151067
152164
152192
153052
153161
153284
153396
153474
153482
153568
153587
153691
153891
153895
153967
154041
154116
154204
154305
154394
154629
154634
154894
155004
155047
155189
155442
155541
155809
155832
155838
155883
155946
156467
156469
156987
157034
157252
157410
157524
157549
157575
157927
158735
158786
158843
159053
159070
159310
159758
160067
160084
160667
160691
160838
160999
161655
161780
161804
162221
162303
162520
162613
162722
163170
163343
163372
163523
163690
163800
163852
163940
164037
164070
164133
164221
164461
164501
164607
164781
164856
164897
164911
165197
165363
165597
165778
165907
165968
166320
166473
166728
166815
166904
166925
166937
167168
167242
167338
167412
167514
167591
167630
167663
167837
167879
168062
168075
168199
168358
169195
169197
169431
169539
169611
169717
169762
169875
169977
170216
170494
170560
170569
170775
170879
171188
171189
171250
171319
171482
171695
172426
172512
172617
172848
172920
173250
173356
173386
173719
173759
173906
173952
174275
174297
174307
174740
174995
175255
175276
175357
175606
175615
175736
175774
176036
176069
176102
176167
176174
176200
176466
176695
176937
176948
176979
177029
177055
177329
177397
177455
177522
177642
177794
178354
178620
178729
178866
179144
179221
179433
180211
180254
180403
180463
180806
181163
181740
181780
182055
182056
182100
182340
182348
182351
182353
183110
183497
183939
184181
184341
184814
185289
185439
185470
185518
185804
185900
185994
186045
186667
186677
186774
186863
186904
187169
187317
187351
187406
187504
187735
188347
188554
188787
188825
188865
188950
189041
189505
189521
189552
189588
189658
190174
190182
190468
190495
190700
190776
191158
191728
191751
191815
191975
192273
192299
192620
192693
192775
193265
193422
193477
193484
193518
193679
193935
194026
194228
194245
194374
194487
194634
194640
195139
195265
195955
196175
196244
196364
196410
196515
196627
196830
197549
197550
197753
197784
197789
198115
198197
198213
198271
198423
198841
198899
199295
199376
199398
199459
199925
200236
200508
200682
201314
201580
201995
202363
202754
202859
202944
203137
203781
203915
203923
204158
204231
204344
204400
204701
204838
204908
204924
204980
205451
205656
205937
205959
205968
206147
206204
206336
206523
206653
206908
206942
207294
207313
207469
208241
208302
208361
208406
208499
208685
208708
208714
208891
208898
208916
209100
209246
209288
209700
209810
209895
210075
210311
210379
210540
210815
211133
211195
211251
211382
211582
212178
212302
212857
212953
213154
213684
213755
213894
214014
214198
214306
214324
214482
214976
215210
215725
215736
215885
215915
216025
216179
216288
216411
216592
216618
217053
217122
218788
219181
219349
219501
219510
219596
219897
220297
220308
220795
221055
221263
221300
221841
222042
222096
222136
222325
222555
222607
223063
223094
223135
223140
223207
223826
223883
224248
224308
224339
224545
224613
224745
224900
225474
225501
225629
225639
225718
225858
226135
226373
226708
226981
227072
227672
227860
227948
227968
228243
228263
228426
228659
228742
228753
228771
229520
230086
230150
230159
230215
230472
230645
230949
231134
231180
231784
231985
232130
232349
232676
233836
233973
234033
234055
234145
234230
234404
234910
235241
235587
236106
236183
236310
236566
236610
236734
237120
237251
237295
237695
237747
237968
238436
238575
238650
239150
239266
239433
239683
240025
240084
240441
240675
240679
240724
240731
240827
241178
241416
241511
241824
242104
242142
242362
242375
242532
242824
242982
243036
243065
244291
244732
244736
245123
245479
245568
245751
245781
246235
246535
246677
246688
246696
246773
246927
247012
247121
247574
247622
247984
248130
248251
248649
248717
248783
249055
249156
249842
250003
250020
250143
250191
250431
250556
250596
251288
251527
251626
251746
251748
251848
252071
252073
252209
253120
253290
253406
253502
253769
254457
254536
254620
254756
254790
254828
254910
255009
255358
255480
255805
255886
256573
256583
256665
257163
257167
257254
257380
257489
257875
258071
258570
258657
258889
259003
259518
259564
259625
259786
259918
260163
260497
261157
261240
261625
261828
261857
261858
261893
262702
262746
262931
262977
263091
263236
263238
263392
263497
263828
263920
263936
264031
264046
264341
264408
264522
264576
264628
264847
265537
266048
266080
266254
266596
266900
267249
267459
267465
267744
268029
268489
268756
269100
269351
269511
269702
270015
270026
270124
270220
270362
270373
270751
270758
270793
270844
270905
271395
271506
271531
271832
271862
272062
272139
272309
272832
272889
272917
273186
273466
273572
273573
273755
273913
273974
273992
274201
274208
274307
274798
274921
275225
275806
275873
276080
276302
276322
276801
277129
277499
277810
277976
278072
278104
278315
278442
