70
106
362
471
718
931
939
1060
1070
1184
1689
1762
1983
2006
2040
2043
2157
2624
2796
2890
3080
3206
3215
3250
3286
3655
3658
4009
4019
4173
4231
4247
4361
4573
5201
5877
5926
5985
6049
6083
6107
6465
7137
7185
7230
7278
7422
7654
8043
8838
8980
9170
9354
9358
10139
10448
10480
10507
10601
10646
10877
10902
10929
11029
11082
11491
11886
12469
12593
12635
12761
12820
12887
12954
13073
13564
13630
13716
13860
13929
14176
14291
14784
15048
15067
15138
15143
15680
16295
16339
16894
17314
17426
17600
17712
17978
18122
18381
18717
18731
18793
18823
19141
19308
19313
19912
20364
20466
20619
20759
20888
20903
20987
21026
21088
21113
21260
21422
21442
21510
21701
22155
22354
22461
22688
23188
23300
23369
23484
23487
23698
23791
23976
24179
24431
24484
24697
24726
24733
24828
25694
26621
26638
27193
27216
27590
27598
28158
28195
28550
28741
28793
28912
29239
29288
29296
29372
29423
29673
29787
30148
30363
30753
30759
30764
30944
30994
31003
31019
31189
31197
31259
31301
31317
31386
31451
31510
31690
31723
31730
31732
31784
31889
31978
32770
32855
32904
33148
33307
33333
33497
33821
34254
34284
34346
34387
34392
34451
34454
34488
34552
34761
34949
35020
35025
35099
35412
35591
35685
35732
37149
37285
37691
37838
37991
38385
38403
38406
38571
38647
38683
38917
38952
39174
39245
39827
39962
39987
40134
40367
40379
40389
40630
41092
41202
41427
41485
41886
41896
42460
42603
43143
43212
43259
43294
43334
43565
43646
43774
44245
44354
44613
44614
45019
45034
45352
45414
45620
45678
45966
45982
46052
46223
46296
46603
46724
47093
47443
47795
47923
47980
48044
48131
48138
48213
48327
48557
49024
49117
49120
49546
50075
50688
50830
50944
51057
51455
51583
51858
52052
52194
52413
52568
52575
52615
52831
53324
54081
54111
54193
54270
54463
54701
54963
55071
55097
55102
55329
55430
55441
55681
55744
56088
56416
56455
56560
57237
57447
57532
57606
57636
57976
58000
58003
58025
58253
58391
58446
58665
59001
59014
59187
59372
59534
59769
60072
60179
60362
60468
60488
60709
60905
61230
61543
61641
62204
62490
62572
62694
62838
63042
63186
63384
63558
63641
63876
63885
64016
64018
64035
64109
64692
64939
65572
65578
66246
66311
66333
66848
67350
67372
67582
68030
68047
68215
68257
68584
68742
68987
69020
69039
69096
69342
69588
69858
70236
70538
70639
70654
70673
70789
70952
71179
71254
71369
71448
71738
71958
72052
72487
72552
73190
73225
73347
73639
73692
73846
73862
74221
74545
74671
75576
75715
75843
75913
76132
76562
77165
77634
77697
77758
77803
77845
77869
78050
78287
78339
78414
78432
78452
78693
78726
79102
79224
79579
79677
79921
80592
80618
80644
80796
80807
80887
80927
81262
81564
81729
81907
81946
82360
82930
83157
83166
83244
83288
83484
83498
83646
83681
83727
84097
84156
84178
84219
84343
84375
84378
84945
85204
85320
85378
85492
85494
85806
85907
86476
86490
86589
86626
86832
87024
87615
88237
88313
88429
88540
88638
88899
89108
89313
89601
89991
90175
90178
90391
90804
90954
90998
91029
91193
91285
91346
91440
91533
91550
91556
91808
91971
91988
92189
93030
93140
93154
93218
93283
93682
93936
93954
94041
94223
94392
94674
94947
95480
95785
96131
96153
96514
96557
96749
96815
96821
97027
97131
97145
97588
97684
97835
98267
98494
98626
99012
99077
99102
99135
99207
99237
99431
99501
99936
99959
99984
99993
100553
100698
100864
100953
101195
101232
101885
102043
102370
102856
102925
102943
103082
103349
103597
103754
103972
104089
104091
104209
104436
104520
104611
104938
105005
105133
105384
105393
105490
105583
105774
106288
106756
106814
106843
107005
107031
107050
107067
107193
107284
107710
108037
108341
108342
108563
108667
108679
108708
108724
108726
108783
109040
109134
109219
109297
109305
109354
109469
109607
109621
109625
109647
109680
109763
109845
109871
110211
110480
110595
110715
111252
111521
111596
111642
111998
112184
112306
112504
112530
112775
112877
113025
113108
113128
113164
113422
113501
113644
113667
113679
113769
115572
115575
115646
116229
116446
117045
117142
117319
117731
117836
118084
118111
118157
118509
118789
118861
118870
118979
119251
119306
119347
119422
119578
119657
119915
120404
120495
120504
120539
121140
121150
121338
121413
121418
121902
121981
122091
122133
122178
122730
122745
122747
122872
122873
122991
123019
123074
123407
123500
123625
123646
123703
123767
123837
123839
123924
124469
124952
125057
125163
125321
125572
125674
125926
125980
126134
126315
126589
126950
127057
127059
127221
127620
127622
127629
127747
127801
127932
127986
128101
128336
128347
128402
128418
128425
128717
129093
129281
129376
129413
129705
130475
130547
130852
131096
131130
131199
131283
131526
131598
132109
132200
132781
133588
133628
133753
134432
134825
134992
135075
135272
135563
135609
135634
135659
135855
135950
135978
136121
136211
136226
136325
136437
136534
136620
136771
136843
136848
136923
137064
137143
137164
137175
137241
137288
137439
137691
137710
137946
138272
138805
138839
138892
138965
139313
139314
139339
139537
139659
139816
139821
139826
139964
140155
140353
140370
140443
140598
140758
140772
140817
141164
141173
141184
141509
141649
141692
141740
141811
141814
141830
141831
141914
141977
141979
141982
141998
142134
142209
142385
142495
142657
142705
142837
142863
143327
143473
144132
144596
144611
144682
144789
145185
145317
145495
145981
146016
146026
146047
146059
146080
146103
146199
146475
146565
147262
147272
147324
147581
148135
148288
148365
148818
149262
149493
149530
149869
149971
149975
150317
150495
150659
150670
150983
151107
151264
151375
151420
151604
151634
151692
151715
152167
152706
152850
152857
152918
153032
153244
153369
153414
153494
153574
153760
153785
153792
153828
153884
153997
154150
154258
154275
154391
154505
154668
154726
155069
155131
155151
155297
155440
155633
155705
155914
155962
156229
156316
156700
156901
157117
157413
157524
157594
157792
157895
157912
158216
158550
158562
158636
158796
158843
158925
159050
159221
159332
159434
159438
159549
159587
160237
160308
160387
160391
160601
160657
160719
160825
160834
160841
160999
161520
161541
161714
161747
161875
161884
161984
162129
162224
162263
162342
162459
162578
162625
162716
162865
162985
163714
163855
163950
164058
164240
164273
164387
164449
164501
164601
164717
165179
165460
165503
165541
165592
165605
165836
165865
165876
165896
166156
166366
166382
166584
166705
166930
167034
167124
167612
167833
167947
167993
168395
168487
169363
169394
169519
169698
169755
170113
170311
170398
170559
170765
170889
171272
171409
171631
172266
172304
172440
172700
172864
173037
173185
173220
173271
173494
173496
173719
174010
174232
174382
174760
174785
174819
175027
175235
175511
176000
176029
176356
176416
176627
176717
176759
176775
176897
177302
177446
177520
177767
177843
178041
178243
178261
178266
178386
178397
178849
179210
179438
179841
180066
180142
180146
180310
180520
180709
180851
180931
181085
181236
181342
181351
181513
181692
182106
182190
182207
183032
183127
183187
183298
183404
183553
183572
183996
184103
185178
185215
185242
185819
185975
186094
186425
186548
186580
186606
186706
186725
186810
186862
186906
186972
187066
187149
187374
187603
187608
187769
188064
188323
188593
188677
188881
188913
189048
189131
189228
189237
189848
189851
189993
190182
190302
190311
190435
190436
190461
190499
190505
190511
190535
190583
190636
190889
191032
191169
191252
191433
191441
191458
191559
191625
191756
191968
192199
192213
192252
192281
192464
192730
193298
193314
193367
193500
193563
193594
193638
193813
193923
193959
194375
194414
194737
194747
194942
195017
195435
195526
195653
195901
195955
196185
196281
196346
196414
196655
196672
196885
197050
197335
197410
197490
197499
197536
197635
197643
197680
197705
197730
197796
197878
198423
198473
198561
198603
198801
198810
199000
199153
199323
199593
199606
199666
199677
199890
200790
200869
201049
201316
201347
201614
201903
202013
202349
202402
202404
202483
202564
202636
202923
203005
203062
203116
203440
203736
203798
204003
204171
204304
204340
204412
204618
204644
205014
205491
205586
205717
205725
206070
206189
206375
206819
207004
207453
207469
207543
207736
207857
207944
207956
208004
208112
208143
208167
208307
208516
208633
208648
208810
208916
208993
209108
209207
209235
209775
209835
209936
209941
210305
210309
210392
210483
210505
210794
210800
210827
211059
211195
211289
211291
211302
211582
211714
211829
211852
212131
212252
212396
212470
212559
213211
213458
213511
213544
213664
213683
213731
213830
214144
214216
214307
214884
214932
214989
215200
215218
215222
215517
215528
215772
216213
216506
216587
216869
217024
217360
217389
217451
217549
217840
218130
218169
218352
218525
218759
218770
218817
219074
219110
219154
219501
219509
219893
220145
220469
220727
220927
220941
221055
221274
221414
221821
222095
222241
222403
222436
222480
222520
222755
222776
222814
222980
223247
223265
223266
223486
223534
223586
223767
224362
224444
224524
224739
224879
225364
225387
225392
225653
226246
226358
226394
226677
226750
226922
226986
226987
227007
227026
227197
227278
227324
227452
227513
227523
227662
227702
227728
227750
227767
227959
228050
228142
228196
228199
228600
228750
228753
228787
228915
229083
229138
229211
229244
229315
229454
229599
229841
230012
230017
230196
230220
230346
230438
230451
230924
230976
231036
231097
231137
231225
231579
231580
231671
232126
232188
232354
232729
232902
232973
233348
233953
234157
234299
234658
234787
234791
234837
234942
235087
235382
235389
235831
236037
236289
236537
236572
236733
236746
236996
237251
237375
237459
237635
237736
237775
237810
238081
238189
238501
238543
238566
238583
238681
238688
238710
239832
239952
240025
240044
240118
240128
240145
240334
240873
240917
240952
241054
241160
241471
241500
241513
241546
241655
241709
241754
241863
242054
242144
242389
242446
242648
243097
243144
243252
243277
243304
243370
243620
243750
243874
244215
244318
244393
244635
244771
245209
245413
245531
245621
245664
246075
246416
246680
246694
246746
246783
246847
246945
247019
247042
247074
247189
247196
247203
247280
247498
247928
248020
248758
249114
249305
249491
249570
249747
249965
249993
250039
250154
250417
250448
250593
250617
250888
250905
251318
251367
251464
251595
251605
251621
251632
252048
252756
252786
252860
252908
253000
253040
253054
253083
253222
253287
253314
253342
253427
253645
253849
253866
254042
254073
254132
254134
254188
254616
255051
255603
255643
255649
255729
255809
255881
256269
256438
256511
256589
256607
256655
256861
256878
257096
257127
257167
257248
257420
257451
257495
257823
257830
257868
258132
258464
258519
258668
258688
258809
258937
259053
259101
259288
259409
259525
260187
260318
260516
260579
260660
260805
260911
261119
261165
261781
261870
262089
262263
262526
262786
262826
263057
263204
263237
263499
263562
263674
263782
263973
264002
264304
264879
265281
265760
265876
265990
265992
266039
266384
266467
266565
266665
266675
266826
267630
267693
267734
267981
268020
268277
268326
268355
268375
268383
268393
268408
268416
268650
268751
268817
269207
269213
269218
269510
269596
269635
269746
269790
269817
269854
269922
270106
270126
270166
270362
270432
270647
270858
270950
271093
271194
271245
271357
271454
271511
271576
271615
271862
272137
272354
272523
272634
272949
272973
273069
273232
273441
273461
273550
273584
273787
273800
273866
273950
274159
274207
274222
274519
274714
274760
274979
275108
275258
275514
275678
275774
275820
275836
275852
275878
276140
276318
276379
276495
276556
276637
276772
276787
276820
277404
277503
277775
277849
278050
278081
278330
278579
278623
