26
195
282
303
371
438
458
493
505
511
541
567
572
578
621
904
920
967
986
1077
1109
1219
1285
1461
1603
1731
1853
1901
1970
1979
1999
2115
2129
2172
2202
2211
2225
2251
2254
2265
2392
2495
2579
2603
2761
2838
3021
3087
3254
3296
3459
3464
3556
3701
3710
3786
3865
3899
3912
3915
4021
4054
4079
4151
4168
4169
4245
4392
4399
4615
4946
5009
5137
5193
5292
5315
5388
5431
5454
5548
5627
5651
5713
5799
5803
5820
5864
5921
5982
5989
6009
6234
6345
6361
6375
6433
6436
6455
6500
6513
6540
6545
6597
6753
6797
6854
7079
7129
7193
7255
7292
7320
7326
7360
7454
7497
7554
7620
7935
8011
8051
8093
8160
8194
8218
8345
8384
8440
8467
8557
8648
8750
8775
8830
8921
8967
8968
8971
8986
8988
9050
9055
9065
9208
9301
9308
9378
9500
9514
9551
9631
9753
9758
9762
9799
9818
10018
10163
10193
10242
10252
10306
10384
10431
10436
10563
10583
10613
10624
10766
10846
11027
11045
11107
11162
11221
11346
11360
11361
11518
11533
11565
11716
11738
11888
12038
12041
12049
12072
12074
12138
12290
12395
12431
12476
12606
12614
12633
12670
12694
12751
12762
12814
12989
13009
13016
13030
13099
13173
13189
13204
13216
13451
13464
13523
13622
13643
13687
13721
13765
13811
13816
13864
13868
13978
14100
14118
14138
14190
14680
14930
15001
15066
15110
15333
15354
15403
15417
15440
15478
15501
15613
15654
15722
15798
15799
15827
15839
15949
16028
16115
16162
16208
16319
16543
16559
16564
16637
16835
16881
16886
16899
17120
17246
17278
17329
17389
17612
17768
17787
17850
17860
17954
18175
18388
18507
18604
18632
18675
18697
18742
18757
18829
18857
18871
18920
18928
18938
18945
19081
19138
19147
19218
19230
19294
19303
19326
19551
19592
19631
19838
19890
19914
19961
19997
20049
20058
20059
20124
20198
20210
20281
20390
20395
20569
20629
20678
20763
20765
20766
20800
20809
20818
20851
20858
20886
20958
20960
21027
21030
21269
21320
21336
21344
21367
21370
21392
21418
21423
21427
21567
21597
21703
21748
21762
21795
21806
21809
21837
21888
21915
21937
22003
22004
22204
22493
22610
22668
22669
22832
22927
23124
23182
23211
23223
23395
23412
23468
23480
23583
23587
23590
23639
23653
23677
23687
23715
23764
23796
23808
23893
23944
23957
24028
24110
24169
24195
24205
24299
24314
24330
24469
24481
24504
24817
24823
24852
24925
25075
25121
25327
25336
25637
25638
25668
25707
25708
25774
25864
25941
25986
26102
26184
26220
26262
26267
26420
26584
26676
26707
26853
26856
27049
27053
27105
27125
27142
27231
27362
27520
27549
27860
27895
27898
27900
27917
27937
27996
28073
28119
28132
28144
28159
28170
28241
28308
28310
28317
28327
28340
28366
28398
28528
28654
28689
28777
28924
28967
29158
29167
29277
29333
29464
29465
29470
29479
29572
29619
29774
29833
29901
29929
30109
30154
30194
30281
30336
30354
30385
30477
30626
30645
30661
30665
30672
30676
30734
30752
30895
30928
30952
30965
30967
30990
31032
31200
31337
31464
31519
31523
31596
31613
31676
31693
31694
31707
31734
31845
31893
31992
32003
32048
32103
32113
32249
32321
32333
32426
32475
32500
32512
32526
32724
32861
33011
33030
33042
33053
33131
33189
33216
33220
33246
33304
33457
33644
33731
33768
33781
33789
33893
33953
34003
34165
34178
34205
34219
34249
34269
34367
34386
34438
34445
34461
34544
34573
34637
34745
34861
34975
35044
35105
35235
35325
35395
35403
35426
35439
35449
35482
35508
35599
35602
35611
35614
35639
35679
35694
35728
35870
35895
35979
35987
35989
35997
36010
36030
36099
36220
36224
36238
36272
36276
36287
36340
36353
36369
36457
36474
36728
36752
36759
36816
36876
36889
36945
36961
36976
37032
37184
37302
37505
37527
37651
37653
37681
37684
37716
37758
37789
37827
37831
37970
37973
38017
38072
38115
38295
38300
38307
38376
38387
38404
38489
38522
38559
38625
38699
38738
38745
38749
38799
38870
38901
39002
39028
39124
39249
39351
39503
39703
39716
39752
39808
39813
39942
39953
39998
40178
40202
40230
40249
40257
40300
40301
40351
40433
40438
40448
40600
40691
40748
40783
40846
40854
40872
40901
40957
40996
41018
41027
41170
41309
41316
41400
41579
41608
41656
41764
41781
41823
41827
41868
42096
42251
42287
42507
42619
42635
42677
42712
42749
42789
42800
42839
42939
43104
43109
43149
43181
43444
43466
43683
43737
43754
43801
43812
43817
43862
43865
43893
43999
44073
44218
44225
44302
44309
44318
44321
44322
44332
44384
44427
44437
44478
44479
44500
44600
44612
44615
44748
44847
44890
44914
44957
44990
45039
45172
45193
45266
45278
45336
45370
45488
45489
45566
45579
45616
45770
45789
45806
45856
45860
45964
46034
46038
46078
46171
46547
46613
46858
46928
46945
47032
47041
47066
47145
47169
47180
47206
47363
47432
47440
47452
47474
47629
47760
47810
47831
47870
48000
48007
48188
48214
48345
48351
48795
48898
48958
49010
49078
49088
49106
49189
49269
49309
49422
49455
49462
49482
49514
49524
49638
49664
49733
49756
49835
49880
49896
49906
49951
50071
50085
50116
50122
50148
50162
50202
50225
50226
50340
50419
50431
50484
50504
50506
50542
50586
50635
50661
50901
50959
51273
51283
51320
51364
51373
51395
51415
51420
51430
51476
51679
51722
51749
51778
51815
51888
52188
52189
52198
52209
52246
52417
52423
52432
52789
52808
52841
52847
52908
52909
52968
52979
53038
53124
53132
53182
53301
53593
53793
53795
53825
53834
53835
53905
53934
53941
53988
54064
54084
54108
54217
54244
54271
54287
54328
54343
54420
54453
54467
54477
54574
54695
54812
54870
55018
55106
55212
55224
55234
55457
55466
55493
55494
55538
55709
55723
55726
55809
55819
55943
55970
56008
56077
56107
56126
56138
56160
56190
56197
56205
56298
56311
56458
56465
56474
56511
56532
56573
56652
56675
56695
56756
56811
56901
56904
56931
57038
57045
57064
57067
57144
57197
57226
57256
57425
57462
57510
57574
57625
57703
57794
57851
57875
57915
57926
57938
58154
58245
58254
58272
58281
58341
58347
58356
58366
58373
58395
58494
58509
58566
58578
58586
58654
58670
58675
58685
58767
58863
58943
58992
59017
59034
59066
59205
59296
59307
59440
59477
59537
59628
59653
59842
59858
59894
59955
59985
60006
60008
60040
60045
60122
60209
60264
60369
60450
60460
60550
60577
60582
60595
60636
60648
60723
60790
60827
60847
60994
61008
61020
61030
61132
61142
61252
61431
61449
61634
61658
61680
61681
61694
61847
61906
61914
61959
61994
61999
62011
62020
62047
62181
62329
62368
62388
62411
62419
62483
62493
62526
62536
62556
62599
62756
62762
62777
62898
62940
63065
63111
63162
63168
63179
63202
63218
63219
63233
63312
63428
63551
63563
63582
63637
63640
63750
63858
63958
63991
64158
64171
64218
64226
64245
64259
64268
64269
64351
64474
64542
64550
64594
64616
64782
64819
64825
64934
64994
65098
65111
65169
65248
65304
65352
65487
65617
65748
65835
65895
65899
65984
66014
66163
66198
66249
66312
66508
66537
66618
66716
66744
66869
66956
66995
67022
67126
67128
67159
67204
67219
67242
67375
67418
67424
67464
67535
67646
67721
67732
67770
67791
67812
67903
67920
67991
68050
68066
68229
68244
68262
68360
68367
68398
68539
68629
68634
68793
68824
68936
68981
69107
69140
69216
69227
69261
69336
69337
69345
69469
69541
69569
69592
69601
69609
69877
69889
69935
70138
70196
70211
70216
70226
70238
70252
70421
70525
70554
70575
70583
70728
70740
70751
70761
70831
70947
70983
71205
71253
71283
71307
71316
71320
71372
71426
71472
71474
71577
71782
71954
72001
72133
72297
72348
72354
72446
72524
72600
72615
72653
72712
72854
72872
72922
72963
72972
73027
73175
73192
73235
73267
73403
73448
73453
73570
73600
73602
73603
73623
73632
73646
73716
73730
73827
73852
73864
73877
73896
73949
73954
73991
74058
74096
74129
74149
74150
74157
74201
74275
74306
74311
74356
74357
74362
74391
74476
74515
74546
74547
74566
74617
74834
74836
74958
75005
75011
75031
75079
75138
75158
75317
75383
75439
75446
75486
75517
75591
75598
75612
75648
75652
75730
75787
75852
75948
76214
76392
76424
76475
76560
76635
76655
76686
77054
77058
77094
77100
77116
77278
77297
77324
77407
77452
77649
77650
77686
77692
77698
77721
77762
77799
77836
77947
77951
77996
78015
78068
78073
78225
78235
78321
78335
78376
78419
78476
78519
78521
78528
78621
78622
78767
79049
79294
79382
79399
79406
79424
79470
79487
79510
79540
79580
79600
79717
79773
79851
79901
79985
79991
80045
80053
80071
80091
80149
80284
80339
80444
80448
80637
80688
80690
80732
80786
81005
81008
81018
81220
81244
81303
81342
81503
81538
81542
81638
81719
81860
81957
81987
82004
82022
82059
82361
82385
82527
82535
82538
82577
82602
82605
82695
82822
82834
82858
82902
82913
82932
82949
82963
82972
83051
83073
83083
83112
83139
83142
83151
83170
83195
83208
83223
83298
83315
83326
83340
83351
83467
83616
83778
84129
84163
84176
84196
84197
84286
84301
84307
84332
84387
84421
84492
84531
84619
84643
84781
84813
84839
84841
84954
84966
84991
85123
85262
85268
85351
85372
85381
85391
85441
85516
85606
85649
85686
85789
86003
86347
86401
86411
86438
86469
86564
86667
86790
86972
86992
86999
87182
87186
87192
87201
87244
87351
87358
87429
87475
87544
87583
87595
87662
87665
87690
87724
87882
87961
88221
88227
88243
88415
88447
88492
88504
88513
88568
88640
88727
88810
88931
88960
89089
89115
89213
89259
89395
89420
89480
89514
89550
89596
89675
89681
89708
89794
89833
89901
89905
90023
90160
90176
90263
90271
90350
90448
90584
90659
90711
90746
90783
90824
90828
90834
90851
90863
90992
91030
91120
91179
91240
91280
91298
91308
91433
91447
91515
91542
91638
91671
91755
91815
91828
91870
91876
91966
92188
92191
92269
92277
92319
92347
92352
92367
92405
92576
92642
92878
92901
93179
93253
93268
93368
93388
93473
93816
93842
93947
94026
94038
94076
94462
94470
94693
94734
94778
94925
95073
95122
95135
95188
95251
95254
95312
95371
95420
95430
95452
95467
95471
95503
95517
95521
95611
95612
95655
95720
95721
95770
95837
95888
95898
95903
96035
96094
96152
96343
96374
96424
96427
96463
96470
96562
96598
96644
96648
96698
96710
96992
97034
97146
97201
97374
97566
97576
97587
97600
97653
97666
97682
97698
97717
97886
97896
98007
98014
98076
98084
98201
98206
98221
98243
98262
98299
98324
98386
98450
98483
98532
98638
98673
98682
98717
98738
98751
98758
98781
98844
98890
98917
98959
98990
98996
99030
99048
99064
99068
99078
99085
99206
99344
99382
99394
99511
99513
99564
99592
99614
99620
99707
99728
99817
99833
99852
99860
99884
99891
99974
100111
100124
100349
100371
100446
100597
100607
100664
100677
100816
100823
100910
100912
100973
101070
101134
101141
101152
101328
101440
101582
101602
101617
101693
101697
101739
101760
101859
102000
102005
102075
102097
102218
102238
102256
102425
102442
102443
102477
102493
102557
102558
102564
102610
102615
102671
102707
102783
102810
102824
102902
103008
103019
103059
103147
103208
103236
103322
103334
103346
103367
103398
103647
103677
103699
103732
103781
103829
103929
103939
103950
104028
104167
104283
104291
104344
104348
104414
104547
104574
104598
104699
104716
104741
104759
104768
104772
104782
104787
104805
104823
104940
104949
105112
105145
105191
105200
105225
105234
105255
105369
105453
105476
105511
105575
105614
105638
105748
105821
105851
105869
105971
105990
105993
105995
106116
106130
106169
106275
106343
106346
106367
106374
106458
106585
106607
106650
106784
106806
106969
106971
106988
107053
107130
107143
107168
107173
107198
107210
107313
107351
107384
107398
107418
107439
107857
107937
107970
108109
108121
108149
108282
108338
108353
108489
108623
108635
108642
108666
108677
108774
108861
108901
108927
108979
109007
109173
109206
109448
109515
109524
109547
109650
109664
109708
109757
109886
109890
109905
109954
109961
109984
110011
110059
110102
110148
110171
110328
110399
110505
110543
110562
110618
110671
110745
110842
110941
111082
111156
111217
111259
111262
111287
111328
111506
111538
111570
111678
111784
111844
111885
111903
111949
112277
112295
112407
112448
112644
112675
112773
112825
112837
113064
113119
113131
113184
113235
113263
113338
113377
113577
113618
113687
113699
113745
113789
113800
113816
113870
113997
114027
114146
114184
114194
114221
114232
114342
114381
114424
114464
114497
114603
114711
114713
114808
114879
114887
115058
115078
115088
115209
115214
115244
115299
115399
115508
115531
115563
115662
115722
115726
115834
115847
115856
115932
115948
116056
116078
116098
116123
116130
116150
116182
116195
116224
116369
116401
116514
116554
116604
116645
116649
116653
116684
116696
116706
116780
116876
116884
116943
117034
117069
117089
117103
117310
117327
117337
117347
117356
117386
117525
117550
117582
117620
117647
117666
117670
117697
117705
117730
117736
117777
117778
117785
118021
118131
118133
118223
118460
118477
118498
118524
118699
118712
118796
118882
118894
118906
118927
119029
119059
119070
119090
119189
119201
119304
119320
119329
119344
119371
119375
119397
119423
119435
119485
119543
119552
119663
119737
119892
119908
119910
119942
119949
120044
120048
120068
120096
120228
120326
120335
120343
120429
120446
120458
120466
120489
120576
120624
120870
120950
120968
120977
120978
120985
121138
121149
121161
121219
121220
121224
121264
121316
121376
121431
121478
121491
121517
121580
121605
121717
121816
121821
121823
121923
121980
122012
122107
122110
122123
122154
122238
122239
122263
122281
122421
122482
122579
122637
122739
122777
122830
122890
122898
123079
123092
123096
123151
123277
123325
123335
123375
123398
123527
123605
123683
123705
123954
123981
123994
124017
124025
124053
124090
124239
124399
124513
124633
124863
124876
124967
125001
125146
125227
125266
125281
125283
125308
125368
125448
125453
125458
125459
125563
125634
125840
125969
125978
126010
126071
126341
126381
126382
126666
126703
126710
126732
126815
126844
126859
126912
127021
127025
127037
127060
127144
127274
127342
127449
127514
127546
127595
127596
127606
127761
127792
127900
128052
128067
128074
128114
128122
128181
128220
128274
128332
128337
128434
128445
128462
128473
128517
128520
128522
128586
128632
128659
128675
128719
128726
128821
128849
128952
128967
128972
128974
128995
129080
129179
129202
129311
129362
129432
129438
129498
129551
129641
129728
129759
129764
129793
129825
129869
129871
129882
129905
129958
129989
130033
130052
130070
130088
130141
130142
130265
130288
130391
130457
130500
130602
130609
130625
130702
130749
130823
130838
130917
131106
131159
131165
131216
131386
131387
131393
131414
131466
131472
131542
131639
131704
131706
131790
132012
132021
132149
132164
132178
132207
132217
132220
132236
132354
132390
132442
132484
132551
132628
132745
132764
132833
132914
132926
133178
133190
133244
133285
133354
133364
133796
134068
134070
134072
134107
134156
134168
134197
134240
134294
134299
134323
134471
134515
134762
134771
134844
134876
135002
135048
135062
135170
135196
135199
135226
135269
135315
135329
135385
135405
135412
135435
135462
135561
135577
135615
135665
135684
135748
135771
135818
135838
135924
136000
136012
136098
136101
136157
136180
136332
136359
136426
136538
136669
136685
136706
136748
136776
136777
136778
136798
136849
137067
137105
137134
137141
137174
137276
137318
137347
137391
137396
137490
137506
137531
137594
137618
137678
137712
137724
137728
137732
137768
137820
137884
137920
137945
138022
138040
138096
138115
138120
138248
138281
138316
138341
138351
138387
138388
138406
138481
138488
138531
138538
138619
138694
138837
138889
138931
139040
139055
139146
139174
139233
139250
139366
139527
139561
139599
139688
139689
139703
139727
139845
139853
139860
139867
139897
139984
140098
140206
140257
140383
140432
140621
140630
140681
140845
140959
141117
141192
141199
141213
141218
141255
141315
141512
141600
141646
141734
141837
142131
142138
142148
142167
142168
142173
142187
142270
142293
142380
142420
142489
142501
142531
142599
142655
142812
142865
143021
143108
143155
143514
143560
143581
143611
143641
143657
143672
143678
143800
143879
143901
143928
143939
144004
144039
144052
144071
144079
144092
144112
144147
144166
144262
144360
144361
144409
144500
144540
144635
144649
144716
144793
144795
144804
145116
145167
145245
145321
145330
145391
145440
145461
145471
145541
145549
145669
145772
145798
145874
145888
145916
145955
145984
145999
146020
146111
146124
146126
146130
146142
146171
146226
146227
146247
146264
146287
146309
146318
146348
146376
146408
146431
146487
146507
146559
146708
146767
146849
146904
146987
147019
147051
147069
147142
147194
147216
147257
147260
147310
147346
147455
147477
147530
147572
147582
147797
147837
147869
147942
148043
148059
148176
148220
148282
148366
148431
148721
148778
148868
148888
148926
149061
149070
149110
149120
149178
149184
149331
149391
149409
149451
149458
149475
149505
149605
149609
149654
149861
149968
149997
150055
150143
150287
150333
150417
150426
150487
150524
150586
150599
150964
150994
151047
151134
151162
151220
151423
151532
151545
151742
151802
151852
151875
151937
152075
152112
152247
152262
152428
152445
152467
152476
152498
152510
152519
152563
152569
152591
152601
152674
152803
152814
152865
152902
152934
152953
152987
153074
153075
153159
153197
153308
153327
153413
153583
153623
153651
153661
153733
153750
153825
153896
153980
154082
154104
154217
154277
154369
154483
154562
154656
154760
154762
154770
154778
154843
154895
154911
154941
154951
154954
155011
155019
155125
155141
155144
155147
155266
155433
155438
155446
155450
155536
155678
155699
155701
155755
155788
155961
156023
156040
156046
156048
156191
156196
156197
156314
156427
156508
156586
156746
156822
156851
156863
156906
156924
157096
157118
157125
157290
157291
157358
157366
157461
157521
157553
157569
157761
157780
157812
157840
157894
157907
157911
157925
157980
158021
158109
158122
158226
158228
158234
158291
158471
158486
158501
158523
158530
158531
158602
158645
158705
158714
158733
158779
158781
158782
158830
158832
158884
158885
159038
159059
159073
159091
159295
159366
159415
159516
159520
159539
159545
159577
159668
159672
159679
159684
159793
159835
159972
159986
160002
160049
160113
160133
160157
160307
160496
160551
160678
160680
160711
160816
160826
160860
160993
160998
161000
161093
161139
161148
161195
161256
161263
161329
161344
161429
161458
161478
161495
161509
161540
161567
161736
161766
161888
162066
162087
162157
162260
162294
162300
162405
162562
162565
162616
162620
162646
162682
162692
162709
162721
162831
162836
162913
163039
163094
163168
163234
163424
163443
163511
163633
163641
163647
163750
163811
163956
163984
164013
164087
164096
164117
164187
164198
164302
164304
164326
164417
164423
164425
164428
164430
164455
164604
164611
164740
164748
164777
164788
164800
164843
164872
164879
164972
164974
165060
165182
165271
165317
165343
165349
165357
165364
165381
165412
165448
165482
165510
165719
165737
165858
165920
165960
166010
166094
166173
166186
166198
166201
166204
166211
166246
166264
166326
166407
166409
166417
166418
166438
166553
166658
166731
166768
166895
167000
167043
167081
167154
167180
167185
167225
167497
167520
167522
167557
167716
167887
167955
168066
168101
168161
168162
168188
168194
168341
168390
168485
168500
168527
168564
168565
168579
168587
168598
168701
168758
168791
168797
168815
168848
168932
168956
169001
169019
169039
169062
169156
169167
169205
169255
169272
169274
169283
169309
169409
169542
169562
169646
169727
169776
169799
169836
170029
170120
170168
170180
170187
170265
170289
170420
170448
170472
170552
170561
170601
170636
170644
170710
170732
170907
170934
171104
171177
171329
171420
171443
171446
171574
171682
171707
171752
171753
171766
171773
171872
172034
172173
172198
172227
172230
172379
172390
172586
172636
172684
172695
172772
172900
172934
172937
172938
173017
173039
173057
173090
173110
173134
173147
173151
173192
173267
173308
173400
173465
173503
173512
173535
173670
173711
173778
173821
173834
173912
173987
174024
174086
174121
174137
174161
174285
174338
174345
174354
174515
174552
174617
174730
174755
174779
174979
174992
175067
175105
175108
175119
175226
175240
175306
175359
175408
175492
175520
175609
175762
175777
175853
175922
175928
176009
176023
176064
176151
176381
176541
176557
176564
176758
176846
176854
176992
177152
177283
177315
177378
177391
177486
177513
177516
177566
177584
177612
177623
177714
177778
177791
177820
177871
177879
177928
177982
178098
178129
178166
178169
178206
178211
178232
178420
178482
178564
178569
178571
178591
178604
178607
178689
178720
178747
178821
178887
178948
178961
179018
179036
179094
179106
179120
179153
179187
179284
179356
179366
179387
179437
179440
179652
179664
179670
179684
179711
179851
179875
179902
179912
179957
180107
180168
180224
180243
180326
180540
180579
180595
180600
180606
180655
180657
180670
180712
180717
180800
180805
180831
180961
180989
181035
181064
181066
181195
181213
181217
181250
181278
181299
181349
181405
181466
181474
181492
181526
181585
181636
181647
181660
181686
181697
181718
181832
181958
181978
181984
182007
182037
182065
182099
182169
182221
182252
182280
182290
182400
182453
182551
182560
182758
182892
182946
182961
183101
183145
183160
183233
183300
183590
183682
183685
183740
183866
183903
183914
183946
183978
184088
184131
184190
184336
184340
184413
184445
184447
184483
184617
184636
184641
184651
184671
184930
184975
184979
184994
185029
185039
185059
185120
185137
185200
185291
185299
185342
185421
185445
185497
185498
185725
185748
185750
185767
185783
185816
185932
186027
186039
186134
186140
186180
186210
186290
186309
186330
186340
186427
186462
186520
186526
186595
186630
186655
186672
186697
186790
186816
186873
186886
186898
186903
186915
186999
187056
187094
187142
187155
187156
187214
187278
187294
187324
187536
187707
187784
187933
188107
188132
188203
188357
188361
188382
188385
188391
188450
188483
188494
188523
188524
188590
188600
188631
188795
188804
188892
188902
188968
188978
189003
189008
189029
189038
189064
189074
189090
189143
189251
189262
189478
189513
189544
189601
189693
189733
189735
189737
189769
189778
189881
189965
190007
190085
190168
190267
190315
190361
190381
190396
190584
190618
190645
190702
190749
190799
190801
190851
190853
190950
191010
191054
191117
191226
191279
191301
191322
191343
191443
191449
191532
191571
191621
191668
191697
191719
191782
191787
191847
191893
191897
191898
191957
191959
192024
192058
192084
192135
192139
192152
192198
192243
192272
192274
192390
192420
192469
192483
192507
192547
192661
192686
192809
192820
192884
192926
192991
192996
193057
193096
193109
193127
193138
193139
193156
193199
193284
193335
193389
193512
193524
193600
193680
193759
193797
193881
193942
194113
194319
194325
194330
194350
194428
194459
194498
194503
194792
194965
194987
195076
195083
195140
195277
195374
195508
195520
195660
195667
195710
195817
195820
195857
195872
195983
196020
196042
196048
196078
196084
196139
196245
196323
196327
196409
196480
196528
196543
196560
196570
196587
196592
196634
196638
196678
196696
196727
196806
196807
196808
196817
196834
196850
196965
196968
196973
197010
197039
197059
197138
197141
197188
197281
197282
197326
197331
197340
197351
197376
197395
197425
197436
197448
197450
197453
197495
197524
197626
197656
197661
197711
197740
197757
197770
197773
197820
197826
197864
197897
197948
198051
198066
198081
198085
198091
198168
198224
198229
198251
198270
198274
198278
198298
198310
198315
198344
198356
198407
198426
198483
198565
198590
198677
198843
198845
198893
198904
198944
198965
198980
199004
199029
199082
199301
199348
199373
199402
199407
199415
199458
199461
199472
199481
199504
199582
199585
199615
199651
199675
199693
199800
199828
199850
199918
200078
200093
200281
200343
200427
200432
200470
200534
200535
200561
200573
200676
200704
200758
200763
200945
200967
200969
201101
201162
201261
201263
201304
201476
201522
201570
201644
201652
201653
201859
201940
201950
202000
202044
202060
202149
202377
202505
202515
202543
202548
202568
202669
202831
202861
202983
203046
203109
203126
203135
203157
203173
203181
203189
203246
203269
203341
203360
203385
203475
203512
203564
203647
203795
203916
203921
204119
204174
204187
204204
204208
204262
204285
204292
204314
204436
204472
204519
204604
204634
204661
204709
204756
204802
205121
205149
205185
205379
205394
205466
205503
205590
205711
205869
205871
206004
206062
206095
206134
206140
206184
206195
206206
206209
206219
206221
206288
206311
206363
206450
206498
206519
206622
206650
206728
206750
206756
206768
206788
206839
206880
206987
206991
206992
207002
207116
207154
207155
207195
207332
207429
207535
207615
207632
207738
207794
207825
207852
207887
207997
208043
208101
208113
208122
208123
208205
208237
208242
208344
208514
208522
208550
208722
208776
208799
208841
208857
208866
208939
208968
209025
209134
209136
209271
209416
209436
209488
209537
209586
209607
209618
209652
209733
209758
209760
209832
210018
210032
210079
210086
210226
210256
210301
210313
210356
210357
210385
210443
210449
210562
210599
210609
210659
210664
210665
210769
210798
210823
210853
210857
210934
210962
211013
211024
211071
211110
211135
211159
211164
211180
211343
211513
211571
211587
211654
211739
211756
211763
211779
211814
211854
212027
212171
212198
212234
212293
212312
212318
212356
212379
212419
212529
212622
212623
212669
212768
212812
212913
212917
212979
213015
213133
213137
213163
213260
213359
213422
213494
213512
213522
213575
213615
213634
213643
213732
213734
213782
213788
213898
213909
214064
214092
214101
214126
214199
214246
214252
214260
214279
214292
214752
214756
214846
214886
214896
214939
215004
215016
215026
215108
215120
215228
215386
215410
215422
215443
215460
215465
215571
215607
215662
215665
215693
215745
215747
215749
215761
215846
215864
215994
216049
216081
216091
216104
216148
216157
216160
216164
216203
216342
216355
216462
216482
216548
216574
216615
216619
216687
216710
216874
216891
216914
217013
217095
217248
217305
217415
217452
217559
217636
217646
217674
217771
217794
217799
217880
217891
217904
217908
217933
217954
217976
218079
218095
218165
218219
218225
218310
218315
218319
218424
218493
218556
218589
218628
218629
218719
218928
218941
218970
219035
219043
219059
219114
219158
219166
219231
219237
219278
219310
219398
219462
219471
219524
219538
219548
219627
219685
219693
219790
219812
219849
219860
219867
219870
219881
219902
219909
219920
219937
219947
219958
219965
220019
220099
220132
220138
220175
220185
220212
220216
220225
220232
220400
220430
220432
220438
220483
220548
220632
220641
220683
220779
220807
220823
220917
220990
221004
221014
221075
221148
221201
221293
221349
221396
221417
221433
221563
221635
221641
221697
221765
221800
221804
221845
221851
221874
222031
222048
222055
222093
222133
222174
222214
222218
222326
222417
222421
222594
222624
222651
222744
222802
222810
222822
222856
222961
222970
223041
223168
223171
223184
223243
223331
223401
223506
223540
223558
223571
223609
223714
223780
223820
223825
223836
223926
224031
224069
224087
224175
224184
224203
224399
224412
224451
224461
224498
224542
224608
224629
224632
224635
224669
224671
224684
224714
224738
224776
224788
224848
224854
224934
224982
225013
225029
225107
225142
225171
225216
225248
225250
225254
225319
225519
225572
225596
225675
225715
225722
225765
225813
225836
225850
225883
225987
225995
226017
226053
226136
226168
226193
226225
226339
226350
226372
226378
226423
226437
226483
226539
226672
226722
226745
226823
226919
226926
226929
226955
226964
227037
227096
227161
227268
227405
227406
227445
227504
227560
227617
227688
227740
227828
227888
227933
227957
227971
227988
228012
228096
228100
228102
228183
228202
228389
228431
228444
228597
228642
228666
228687
228708
228811
228817
228905
228987
229031
229057
229062
229070
229111
229136
229215
229219
229238
229243
229245
229246
229260
229268
229487
229492
229624
229724
229808
229849
229968
230076
230108
230109
230139
230319
230349
230360
230365
230411
230422
230434
230456
230557
230598
230642
230722
230831
230872
230906
230941
230970
230997
231004
231043
231060
231067
231098
231136
231157
231200
231211
231248
231409
231566
231581
231603
231605
231741
231753
231793
231796
231852
231855
231893
231969
232049
232082
232173
232208
232217
232307
232489
232525
232559
232560
232587
232659
232687
232692
232694
232728
232792
232840
232844
232879
233158
233274
233284
233291
233306
233390
233400
233544
233567
233630
233634
233649
233781
233798
234149
234311
234331
234350
234439
234518
234531
234546
234620
234647
234683
234708
234812
234863
235075
235173
235239
235265
235267
235276
235294
235317
235396
235399
235405
235421
235450
235463
235477
235518
235524
235713
235792
235794
235826
235864
235875
235882
235929
235936
236018
236050
236112
236114
236140
236189
236190
236248
236329
236366
236373
236421
236464
236541
236587
236589
236659
236679
236693
236698
236704
236709
236714
236720
236773
236788
236964
237025
237063
237129
237219
237411
237443
237471
237475
237491
237569
237575
237613
237684
237739
237796
237835
237836
237873
237926
237965
237980
238001
238014
238072
238123
238158
238165
238263
238416
238520
238554
238601
238626
238633
238655
238685
238689
238731
238817
238869
238931
239008
239041
239072
239108
239119
239222
239315
239572
239595
239607
239667
239670
239679
239694
239721
239852
239878
239911
239935
239973
239978
240031
240033
240065
240067
240076
240080
240147
240188
240200
240206
240244
240255
240301
240342
240343
240344
240376
240403
240421
240425
240487
240497
240517
240549
240696
240855
240895
240903
241158
241302
241318
241330
241522
241742
241759
241785
241823
242011
242022
242050
242052
242091
242098
242100
242116
242154
242182
242183
242199
242268
242334
242335
242363
242405
242425
242497
242507
242602
242675
242814
242985
243071
243101
243136
243150
243174
243182
243216
243283
243298
243329
243359
243423
243425
243456
243521
243615
243648
243718
243867
243879
243930
243934
243962
243992
244024
244031
244083
244093
244122
244145
244171
244202
244296
244298
244305
244354
244358
244380
244382
244440
244463
244482
244489
244524
244579
244597
244725
244729
244764
244792
244879
244935
244954
244962
245004
245026
245027
245072
245082
245090
245122
245130
245134
245151
245162
245217
245345
245384
245539
245692
245795
245797
245888
245956
245958
245964
246024
246058
246064
246085
246126
246131
246180
246243
246296
246349
246365
246461
246473
246519
246738
246757
246761
246772
246788
246815
246869
246902
246904
247015
247229
247421
247438
247486
247512
247522
247552
247587
247680
247697
247727
247748
247780
247788
247794
247838
247885
247955
247957
247960
248128
248144
248273
248411
248419
248528
248565
248645
248726
248732
248786
248803
248810
248825
248831
248857
248866
249008
249068
249113
249137
249157
249199
249296
249317
249326
249327
249399
249401
249554
249581
249646
249702
249723
249729
249759
249761
249787
249884
249891
249897
250016
250027
250082
250162
250171
250222
250358
250394
250414
250434
250446
250462
250482
250513
250523
250609
250787
250850
250852
251059
251130
251161
251219
251240
251291
251299
251304
251418
251479
251583
251806
251813
251835
251852
251919
251933
251945
252001
252145
252152
252167
252195
252253
252308
252345
252380
252482
252577
252591
252595
252700
252732
252737
252802
252813
252836
252857
252900
252947
252970
253026
253055
253101
253104
253112
253119
253165
253188
253248
253255
253265
253296
253337
253357
253391
253408
253452
253520
253570
253676
253754
253801
253812
253931
253968
254093
254115
254176
254364
254368
254396
254495
254545
254569
254647
254651
254667
254707
254719
254760
254804
254878
254923
255044
255047
255067
255078
255093
255100
255183
255203
255324
255376
255458
255501
255521
255532
255586
255636
255682
255749
255857
255883
255898
256007
256038
256063
256066
256121
256133
256168
256169
256287
256289
256314
256337
256359
256444
256525
256564
256568
256593
256608
256617
256701
256706
256807
256845
256898
256907
256923
256988
256990
257087
257088
257264
257268
257346
257464
257480
257540
257546
257565
257695
257697
257704
257722
257753
257768
257857
257874
257954
258014
258095
258141
258242
258284
258333
258343
258620
258653
258661
258664
258671
258764
258800
258840
258850
258982
258986
259051
259070
259113
259152
259164
259195
259239
259241
259301
259329
259371
259407
259437
259463
259511
259516
259544
259699
259720
259734
259871
259875
259887
259913
259961
259964
259991
260064
260128
260170
260177
260224
260282
260324
260341
260353
260356
260394
260420
260487
260500
260552
260561
260630
260641
260650
260696
260698
260724
260729
260765
260835
260930
260937
260954
260980
260986
260997
261012
261042
261127
261129
261173
261186
261204
261326
261384
261444
261573
261592
261715
261748
261859
261930
262035
262062
262213
262237
262240
262252
262255
262256
262314
262394
262450
262503
262558
262605
262646
262648
262719
262752
262761
262788
262815
262839
262928
262953
263001
263011
263030
263058
263090
263092
263094
263102
263105
263159
263193
263241
263351
263434
263449
263451
263459
263529
263536
263537
263600
263619
263729
263785
263800
263818
263825
263847
263856
263883
263898
263923
263950
263958
264039
264056
264089
264097
264119
264143
264164
264178
264192
264195
264214
264254
264258
264303
264332
264426
264440
264464
264481
264529
264565
264581
264594
264622
264638
264720
264778
264802
264825
264839
264864
264868
264881
264984
265032
265190
265208
265246
265417
265454
265473
265534
265552
265558
265611
265623
265678
265682
265722
265770
265867
265871
265906
265989
266020
266050
266102
266118
266138
266260
266274
266360
266385
266420
266473
266508
266516
266539
266563
266599
266638
266644
266679
266707
266709
266715
266747
266780
266871
266876
266902
266942
266952
266978
267000
267005
267036
267044
267072
267096
267105
267129
267135
267147
267165
267177
267238
267244
267275
267347
267434
267461
267483
267495
267579
267580
267627
267656
267722
267867
267960
268077
268184
268199
268219
268263
268266
268281
268358
268363
268373
268395
268398
268413
268457
268468
268477
268499
268655
268656
268658
268814
268926
269024
269113
269159
269165
269217
269222
269234
269309
269323
269365
269404
269413
269421
269491
269503
269537
269543
269588
269620
269650
269766
269838
269847
269849
269873
269877
269903
270045
270058
270064
270145
270150
270188
270207
270244
270259
270268
270284
270352
270380
270384
270386
270605
270641
270653
270657
270816
270829
270854
270875
271004
271063
271072
271099
271113
271120
271228
271300
271343
271366
271439
271444
271490
271496
271498
271510
271549
271556
271719
271739
271789
271805
271852
271912
271944
271970
272016
272080
272081
272098
272104
272165
272182
272243
272249
272257
272279
272287
272315
272374
272384
272391
272454
272456
272467
272522
272571
272580
272586
272601
272624
272697
272714
272717
272855
272910
272931
272970
273164
273176
273208
273294
273418
273475
273483
273518
273532
273631
273674
273693
273701
273705
273732
273745
273816
273870
273872
273888
273958
273973
274039
274106
274218
274286
274375
274432
274460
274524
274549
274553
274600
274604
274650
274679
274692
274710
274725
274810
274845
274876
274962
275030
275055
275136
275155
275156
275161
275165
275226
275235
275243
275253
275273
275376
275377
275389
275402
275443
275499
275516
275624
275689
275711
275795
275827
275855
275876
275907
275946
275972
276000
276010
276031
276071
276073
276098
276120
276153
276180
276236
276282
276300
276309
276483
276538
276594
276596
276609
276634
276726
276797
276813
276818
276876
276898
276988
276997
276998
277007
277054
277112
277125
277142
277318
277337
277423
277445
277481
277531
277565
277594
277598
277626
277731
277767
277786
277805
277859
277914
277919
277921
277948
277954
277963
277968
277975
277986
278068
278118
278160
278200
278220
278239
278252
278257
278272
278275
278356
278398
278418
278426
278429
278437
278461
278471
278484
278497
278526
278572
278577
278583
278618
