156
195
371
438
460
493
505
567
572
578
590
666
920
967
1068
1109
1128
1285
1417
1461
1541
1603
1731
1853
1965
1979
2032
2172
2211
2225
2251
2265
2495
2579
2761
2838
2976
3087
3292
3296
3414
3464
3694
3701
3710
3786
3836
3865
3899
3954
3983
4125
4168
4245
4615
4709
4946
5009
5137
5193
5238
5445
5454
5548
5658
5713
5798
5799
5803
5820
5864
5921
5989
6009
6035
6172
6345
6370
6375
6433
6436
6455
6459
6500
6513
6525
6528
6540
6545
6597
6628
6744
7129
7196
7292
7326
7360
7435
7620
7648
7824
7860
7935
8011
8051
8093
8160
8194
8384
8388
8417
8440
8443
8467
8509
8648
8830
8921
8967
8968
8988
9050
9055
9065
9158
9301
9308
9514
9551
9631
9753
9758
9762
9799
9818
10024
10148
10193
10242
10252
10281
10384
10431
10436
10474
10583
10613
10766
11045
11062
11107
11113
11162
11221
11360
11361
11518
11533
11565
11814
11861
11888
11951
12038
12041
12072
12074
12290
12395
12476
12694
12751
12814
12880
12989
12990
13016
13030
13099
13204
13283
13441
13451
13516
13523
13622
13643
13687
13721
13788
13816
13846
13868
14118
14190
14655
14680
14820
14905
14953
14967
15001
15066
15110
15333
15354
15501
15537
15654
15687
15799
15827
15839
15949
16142
16162
16222
16314
16543
16670
16807
16881
17120
17182
17246
17278
17329
17389
17420
17765
17768
17787
17803
17850
17860
17913
18045
18105
18175
18190
18337
18507
18604
18632
18675
18697
18742
18831
18857
18871
18938
18999
19078
19138
19147
19218
19230
19550
19551
19592
19838
19890
19893
19897
19914
19961
19997
20049
20059
20124
20172
20198
20256
20259
20281
20390
20395
20569
20716
20740
20763
20765
20774
20800
20809
20886
20960
20975
21030
21269
21320
21367
21392
21418
21427
21567
21597
21642
21703
21748
21762
21806
21809
21888
21928
22004
22221
22610
22668
22669
22806
22832
22927
22946
23055
23124
23182
23223
23276
23368
23395
23433
23468
23587
23590
23609
23639
23687
23715
23730
23743
23754
23760
23764
23770
23808
23853
23893
24028
24110
24159
24205
24299
24330
24469
24481
24770
24817
24823
24852
24904
25075
25121
25231
25237
25267
25336
25514
25553
25638
25668
25707
25708
25721
25737
25774
25941
25986
26184
26302
26420
26519
26584
26676
26707
26713
26853
26925
27038
27049
27111
27142
27484
27520
27549
27895
27898
27900
27937
27996
28119
28144
28170
28241
28317
28327
28340
28398
28415
28441
28528
28689
28777
28883
28924
28967
28977
29167
29233
29249
29277
29306
29331
29370
29464
29465
29470
29479
29572
29774
29833
29929
30016
30077
30154
30188
30281
30336
30371
30402
30477
30626
30672
30722
30752
30895
30965
30967
30990
31032
31200
31337
31393
31519
31523
31596
31676
31693
31710
31845
31893
32003
32048
32103
32113
32123
32249
32321
32333
32426
32436
32475
32484
32512
32517
32580
32677
32724
32785
32792
32861
33004
33011
33030
33042
33053
33189
33218
33220
33457
33644
33763
33768
33781
33789
33893
34165
34178
34219
34249
34269
34304
34386
34438
34445
34637
34861
34886
35105
35235
35325
35390
35449
35482
35614
35679
35694
35698
35728
35895
35937
35989
35997
36016
36099
36206
36215
36224
36272
36369
36373
36457
36474
36728
36752
36759
36876
36945
36961
37184
37411
37469
37505
37527
37681
37684
37694
37732
37759
37801
37827
37831
37970
38030
38115
38300
38322
38376
38522
38678
38699
38738
38745
38749
38799
38901
39002
39028
39197
39249
39257
39351
39703
39716
39808
39942
39953
40151
40178
40202
40207
40249
40257
40300
40351
40433
40438
40448
40600
40788
40854
40872
40901
41018
41027
41062
41087
41123
41170
41288
41309
41316
41383
41396
41600
41608
41650
41656
41781
41868
42251
42501
42587
42635
42712
42733
42789
42839
42939
42940
43149
43312
43358
43444
43500
43679
43692
43754
43778
43834
43862
43893
43962
43999
44298
44302
44309
44318
44322
44332
44384
44396
44500
44600
44612
44633
44748
44890
44990
45063
45193
45266
45278
45392
45402
45404
45488
45489
45555
45566
45770
45789
45806
45964
45969
46034
46078
46159
46177
46547
46565
46650
46858
46872
46945
47041
47066
47169
47180
47357
47363
47429
47432
47440
47452
47458
47498
47615
47629
47760
47810
48007
48079
48171
48188
48214
48300
48345
48536
48783
48795
48865
48898
48958
49010
49088
49106
49189
49276
49309
49332
49422
49524
49531
49637
49638
49733
49835
49896
49932
49951
50071
50202
50225
50318
50340
50419
50504
50506
50586
50635
50802
50901
50983
51021
51094
51211
51259
51273
51283
51320
51364
51373
51398
51415
51420
51476
51490
51679
51682
51722
51723
51749
51778
51815
51860
51888
52106
52189
52198
52209
52264
52417
52491
52611
52789
52808
52841
52856
52927
52968
52979
53038
53124
53132
53182
53301
53302
53593
53718
53793
53795
53825
53941
53985
54048
54064
54084
54108
54178
54205
54217
54271
54328
54375
54453
54467
54477
54479
54482
54600
54647
54761
54812
54950
54982
55045
55191
55212
55224
55234
55338
55466
55477
55493
55494
55599
55660
55661
55709
55723
55809
55970
55979
56008
56107
56156
56160
56175
56185
56197
56205
56255
56323
56458
56573
56756
56786
56811
56901
56904
56931
57038
57045
57067
57144
57197
57256
57400
57424
57425
57462
57510
57574
57625
57634
57637
57794
57851
57875
57926
57947
58096
58272
58347
58356
58394
58395
58566
58654
58670
58675
58685
58690
58863
58864
58992
59017
59205
59262
59307
59335
59440
59454
59537
59849
59858
59877
59952
60008
60040
60041
60045
60122
60183
60209
60233
60264
60369
60410
60450
60550
60577
60595
60622
60636
60723
60764
60782
60827
60902
60994
61008
61073
61099
61142
61344
61393
61431
61500
61658
61680
61681
61694
61847
61906
61914
61999
62011
62122
62181
62367
62368
62374
62388
62411
62450
62474
62483
62493
62526
62762
62839
62935
62940
63065
63179
63202
63218
63219
63233
63267
63311
63428
63465
63618
63633
63640
63750
63860
64131
64158
64218
64226
64259
64261
64268
64351
64353
64474
64553
64782
64799
64819
64994
65013
65111
65352
65487
65835
65969
66198
66537
66618
66671
66734
66869
66995
67159
67242
67284
67375
67408
67418
67464
67535
67547
67553
67595
67732
67791
67797
67991
68244
68272
68331
68360
68367
68539
68824
68936
68981
69227
69261
69345
69469
69541
69601
69609
69667
69877
69889
70036
70196
70211
70216
70238
70252
70294
70356
70421
70537
70554
70611
70667
70728
70751
70832
70947
70955
70983
71205
71253
71283
71372
71426
71429
71472
71474
71782
71787
71823
71849
71954
72001
72019
72105
72185
72297
72348
72354
72413
72524
72600
72625
72653
72854
72922
72963
72972
73063
73173
73175
73267
73403
73448
73570
73600
73602
73632
73716
73827
73852
73864
73896
74023
74145
74149
74150
74157
74201
74275
74306
74330
74356
74391
74476
74509
74547
74617
74687
74701
74836
74885
74901
74958
74997
75011
75079
75097
75102
75138
75158
75221
75383
75517
75598
75612
75787
75852
75871
76353
76399
76655
77054
77058
77297
77324
77452
77466
77649
77650
77720
77762
77799
77996
78015
78068
78225
78235
78241
78321
78398
78419
78428
78560
78621
78622
78767
78960
79100
79117
79382
79399
79408
79424
79470
79487
79510
79580
79717
79761
79808
79901
79945
79979
79985
79991
80045
80053
80091
80149
80261
80284
80339
80448
80637
80690
80834
80944
81005
81244
81269
81303
81342
81485
81503
81538
81542
81638
81719
81909
81914
82004
82022
82308
82324
82361
82381
82385
82493
82535
82538
82577
82590
82602
82605
82695
82727
82822
82902
82960
82963
83051
83073
83170
83195
83208
83223
83315
83326
83443
83490
83618
83658
83688
83778
84119
84129
84163
84176
84196
84197
84301
84307
84332
84421
84464
84492
84643
84781
84813
84841
84966
84980
84991
85262
85268
85326
85372
85381
85391
85486
85513
85585
85606
85632
85789
85906
86159
86347
86401
86469
86667
86699
86762
86790
86972
86992
87136
87186
87244
87429
87475
87583
87595
87643
87690
87712
87748
87882
87920
88078
88221
88492
88513
88583
88640
88694
88727
88960
89089
89115
89189
89386
89480
89550
89596
89708
89784
89833
90157
90263
90448
90514
90560
90584
90659
90824
90834
90877
90953
90992
91030
91046
91240
91280
91327
91433
91447
91515
91671
91723
91828
91870
91966
92187
92191
92261
92277
92347
92405
92642
92807
92877
92901
93143
93253
93340
93388
93473
93520
93543
93589
93604
93891
93947
94007
94026
94147
94162
94323
94470
94621
94693
94734
94755
94778
94931
95021
95073
95135
95151
95188
95251
95254
95371
95420
95509
95521
95605
95635
95720
95721
95837
95888
95927
95955
96035
96094
96262
96348
96427
96463
96470
96562
96648
96698
96735
96945
96992
97146
97201
97374
97587
97653
97659
97666
97790
97886
97991
98008
98014
98076
98084
98187
98201
98221
98258
98262
98366
98386
98448
98450
98451
98483
98532
98607
98678
98682
98717
98738
98754
98890
98917
98996
99030
99064
99068
99101
99247
99325
99344
99394
99500
99513
99785
99817
99833
99974
100111
100141
100270
100349
100358
100371
100399
100597
100664
100795
100816
100901
100910
100973
101028
101043
101070
101134
101141
101326
101328
101340
101440
101582
101602
101617
101624
101695
101697
101859
102000
102005
102040
102075
102091
102218
102238
102256
102443
102477
102564
102610
102693
102707
102810
102824
102902
103089
103124
103126
103147
103322
103334
103587
103699
103732
103781
103792
103979
104009
104167
104237
104283
104321
104360
104414
104458
104547
104574
104598
104699
104716
104759
104768
104772
104782
104805
104839
105089
105112
105193
105200
105225
105369
105511
105614
105638
105650
105748
105821
105836
105851
105869
105978
105987
105993
105995
106130
106169
106268
106343
106346
106367
106374
106458
106636
106969
106971
107168
107203
107210
107287
107313
107351
107355
107384
107398
107418
107540
107637
107701
107907
107970
108035
108094
108109
108121
108353
108496
108635
108861
108901
108927
108959
108963
108979
109206
109288
109401
109425
109472
109524
109664
109676
109890
109954
109961
109984
110011
110028
110059
110148
110171
110447
110505
110618
110671
110745
110789
110790
110852
110951
111013
111082
111156
111236
111259
111262
111266
111287
111424
111494
111506
111678
111795
111844
111885
111903
112263
112288
112448
112459
112644
112870
113064
113070
113073
113127
113131
113184
113235
113377
113618
113714
113740
113816
114027
114184
114194
114221
114328
114342
114395
114424
114464
114469
114497
114508
114603
114711
114713
114879
114887
115058
115078
115088
115226
115244
115491
115500
115504
115508
115531
115543
115563
115573
115662
115726
115834
115847
115856
115932
115948
116090
116095
116116
116122
116130
116182
116195
116224
116401
116514
116554
116635
116653
116684
116696
116706
116780
116876
116884
116943
117022
117034
117103
117144
117306
117310
117347
117356
117386
117550
117582
117620
117647
117705
117730
117733
117736
117778
117998
118021
118133
118460
118477
118498
118687
118699
118796
118894
118906
119029
119070
119189
119304
119329
119375
119397
119426
119435
119474
119485
119543
119552
119671
119694
119737
119796
119892
119910
119942
119995
120040
120048
120096
120316
120343
120446
120458
120466
120765
120843
120870
120914
120950
120968
120977
120985
121138
121149
121219
121220
121344
121376
121431
121478
121491
121580
121605
121717
121816
121823
121979
122061
122101
122107
122110
122239
122263
122401
122421
122509
122739
122777
122830
122890
122898
123034
123079
123092
123096
123176
123206
123266
123373
123375
123398
123954
123962
123981
123993
123994
124025
124053
124386
124477
124576
124676
124866
124930
124984
125132
125192
125248
125266
125368
125432
125453
125459
125516
125563
125578
125634
125746
125752
125840
125969
126010
126037
126110
126341
126382
126443
126453
126548
126703
126710
126732
126859
126900
126912
127025
127054
127126
127143
127209
127274
127321
127342
127449
127450
127514
127530
127596
127651
127663
127719
127761
127792
127900
128048
128052
128067
128114
128122
128181
128321
128386
128448
128462
128572
128632
128719
128799
128821
128952
128974
128995
128998
129202
129225
129311
129498
129641
129714
129728
129759
129764
129869
129905
129952
129958
129989
130052
130070
130088
130141
130265
130391
130444
130457
130459
130749
131006
131106
131159
131165
131216
131386
131414
131639
131649
131700
131704
131706
131790
131947
132012
132021
132149
132164
132220
132236
132354
132390
132484
132504
132511
132628
132764
132776
132857
133178
133244
133285
133349
133406
133796
133875
134070
134072
134156
134168
134197
134294
134299
134313
134323
134463
134507
134579
134762
134771
134876
135002
135170
135196
135199
135226
135315
135329
135340
135435
135462
135471
135561
135577
135748
135818
135827
135984
136011
136012
136157
136172
136180
136426
136538
136652
136685
136706
136748
136776
136777
136778
136798
137048
137053
137105
137141
137174
137176
137276
137318
137355
137391
137396
137463
137506
137531
137565
137618
137628
137678
137768
137820
137920
138069
138115
138120
138248
138274
138316
138318
138351
138366
138388
138405
138481
138538
138694
138837
138931
139055
139146
139174
139233
139250
139261
139281
139366
139477
139527
139533
139561
139599
139606
139607
139653
139688
139703
139860
139867
139897
139941
139984
139991
140257
140273
140383
140432
140528
140630
140945
141117
141199
141213
141255
141273
141284
141351
141390
141401
141734
141803
141918
141960
142148
142200
142270
142293
142294
142380
142420
142460
142489
142501
142599
142865
143027
143155
143337
143399
143514
143560
143666
143672
143678
143689
143713
143800
143901
143928
144052
144079
144092
144112
144147
144166
144207
144262
144284
144360
144361
144472
144500
144795
144804
144834
145081
145116
145121
145139
145167
145316
145330
145388
145408
145461
145471
145541
145549
145669
145683
145888
145916
145944
145955
145984
145999
146020
146111
146126
146130
146142
146171
146227
146254
146376
146408
146431
146507
146559
146623
146769
146904
147019
147051
147096
147194
147208
147257
147260
147310
147346
147396
147446
147455
147477
147572
147660
147797
147827
147837
147869
147907
147942
148043
148059
148220
148282
148366
148721
148778
148794
148868
148888
149070
149118
149120
149380
149391
149458
149505
149541
149605
149609
149654
149861
149968
149997
150055
150078
150293
150333
150417
150426
150443
150487
150552
150586
150964
150994
151001
151066
151134
151195
151220
151433
151545
151717
151755
151764
151802
151852
151912
152133
152156
152207
152247
152445
152467
152476
152563
152569
152601
152674
152865
152902
152953
152987
153074
153108
153197
153308
153327
153464
153583
153661
153733
153803
153896
153928
153980
153981
154082
154104
154193
154217
154277
154295
154483
154529
154614
154656
154760
154770
154824
154836
154895
154933
155011
155144
155438
155446
155536
155678
155699
155701
155788
156023
156025
156048
156191
156196
156427
156508
156586
156710
156746
156863
156906
157118
157254
157358
157366
157439
157482
157553
157569
157761
157812
157838
157840
157911
157980
157981
158021
158034
158109
158176
158226
158228
158471
158530
158531
158602
158645
158781
158782
158807
158884
159004
159038
159073
159197
159251
159295
159415
159516
159519
159539
159577
159628
159672
159684
159784
159835
159986
160002
160049
160113
160122
160133
160157
160307
160407
160413
160438
160678
160680
160689
160703
160816
160826
160860
160993
160998
161093
161148
161195
161263
161329
161385
161458
161540
161567
161648
161730
161736
161740
162087
162157
162172
162260
162281
162300
162562
162607
162616
162620
162646
162682
162692
162709
162831
162890
162957
163039
163168
163172
163234
163368
163395
163633
163750
163801
164013
164087
164096
164187
164253
164302
164423
164428
164455
164493
164604
164611
164627
164638
164681
164689
164748
164777
164788
164800
164843
164872
164879
164905
164972
164974
165056
165060
165182
165209
165317
165349
165357
165364
165381
165412
165448
165482
165510
165612
165688
165719
165736
165737
165787
165920
166010
166094
166191
166198
166211
166264
166330
166407
166409
166417
166438
166658
166861
167043
167049
167126
167154
167180
167225
167497
167541
167557
167955
168066
168269
168500
168527
168565
168638
168701
168758
168815
168848
168932
169019
169039
169062
169107
169167
169172
169205
169255
169274
169351
169409
169420
169422
169538
169542
169646
169727
169776
169799
169836
169872
169990
170029
170120
170187
170289
170360
170448
170472
170561
170601
170636
170732
170907
170934
171027
171069
171104
171446
171647
171752
171766
171937
171939
171988
172173
172227
172379
172586
172684
172695
172772
172934
173057
173090
173102
173134
173192
173267
173308
173400
173443
173458
173465
173503
173512
173535
173580
173778
173912
173987
174078
174137
174161
174296
174338
174515
174516
174552
174617
174779
174979
174992
175014
175067
175105
175108
175113
175201
175226
175306
175359
175370
175408
175448
175520
175683
175762
175777
175853
175954
176009
176151
176152
176190
176222
176266
176541
176557
176564
176592
176758
176840
176846
176854
176924
177152
177283
177378
177391
177513
177516
177612
177623
177714
177723
177791
177820
177871
177879
177888
178098
178129
178166
178169
178185
178211
178232
178406
178564
178709
178720
178766
178821
178887
178941
178961
179094
179154
179220
179284
179299
179305
179366
179387
179643
179652
179664
179684
179701
179703
179766
179851
179875
179900
179911
179912
180168
180224
180243
180451
180473
180491
180579
180583
180600
180606
180657
180661
180670
180712
180717
180881
180961
181105
181217
181299
181349
181405
181474
181526
181660
181686
181832
181958
181978
182007
182037
182099
182154
182221
182280
182290
182400
182404
182431
182551
182560
182758
182790
182840
182892
182961
183145
183160
183421
183590
183653
183685
183866
183978
184004
184049
184190
184261
184336
184340
184392
184445
184636
184641
184930
184975
184979
185039
185059
185137
185200
185291
185299
185342
185421
185474
185498
185725
185767
185783
185816
185932
186140
186152
186210
186330
186340
186427
186520
186526
186595
186608
186613
186873
186886
186903
186915
187056
187142
187155
187214
187324
187502
187536
187707
187767
187784
187919
187933
188097
188107
188215
188382
188410
188483
188523
188524
188600
188795
188804
188978
189358
189478
189574
189601
189615
189639
189689
189690
189735
189737
189881
189965
190085
190264
190267
190315
190361
190396
190404
190558
190569
190579
190609
190666
190702
190709
190749
190801
190903
190950
191010
191054
191115
191221
191279
191301
191343
191571
191697
191743
191782
191787
191893
191897
191898
191957
192135
192139
192152
192198
192272
192420
192469
192483
192563
192617
192661
192686
192697
192926
192944
192991
193036
193082
193127
193139
193199
193207
193499
193524
193640
193797
193825
193852
193881
194113
194178
194325
194350
194428
194459
194465
194498
194511
194803
194837
194987
195083
195185
195296
195374
195541
195660
195795
195820
195857
195905
195913
196018
196042
196048
196084
196139
196305
196323
196408
196409
196528
196543
196570
196602
196727
196800
196806
196807
196808
196838
196963
196965
196968
196982
197006
197010
197039
197059
197281
197331
197340
197351
197448
197450
197524
197630
197703
197711
197740
197757
197773
197787
197820
197838
197864
197897
198021
198051
198066
198077
198081
198085
198199
198224
198229
198251
198278
198310
198384
198426
198483
198583
198832
198843
198845
198904
198944
198980
199004
199029
199301
199305
199348
199373
199407
199415
199458
199461
199472
199536
199555
199582
199585
199675
199800
199849
199850
199918
200343
200427
200432
200514
200534
200535
200729
200792
200947
200965
200967
201045
201101
201129
201162
201261
201263
201304
201327
201557
201570
201801
201920
202044
202054
202254
202515
202543
202548
202756
202831
202877
202968
202983
203109
203126
203157
203269
203385
203475
203512
203564
203647
203662
203916
203921
204057
204119
204174
204187
204208
204262
204285
204314
204343
204436
204472
204519
204604
204661
204802
205121
205149
205185
205382
205389
205466
205503
205590
205835
205891
205950
206004
206062
206095
206106
206134
206184
206195
206206
206218
206288
206382
206498
206502
206519
206546
206683
206728
206756
206768
206788
206808
206824
206880
206991
207104
207116
207134
207155
207195
207299
207332
207429
207498
207535
207618
207794
207812
207887
207991
208043
208090
208107
208113
208122
208123
208126
208170
208205
208257
208344
208383
208550
208722
208776
208799
208841
208857
208939
209023
209271
209291
209436
209488
209560
209607
209618
209652
209760
209784
209832
210002
210032
210079
210086
210189
210226
210301
210385
210443
210661
210664
210665
210798
210822
210823
210853
210857
211013
211024
211071
211159
211164
211180
211231
211513
211565
211686
211739
211763
211796
211814
212003
212027
212171
212198
212356
212381
212464
212529
212622
212623
212669
212725
212877
212913
212979
213133
213163
213204
213316
213359
213422
213483
213494
213522
213575
213643
213782
213788
213847
213898
213909
214064
214092
214199
214260
214279
214292
214752
214756
214896
214939
214950
214998
215016
215108
215120
215177
215228
215339
215386
215410
215443
215607
215662
215686
215747
215761
215846
215858
215994
216003
216049
216081
216091
216148
216157
216164
216355
216410
216482
216574
216615
216619
216672
216687
216710
216874
216914
217305
217559
217582
217606
217646
217706
217771
217794
217799
217883
217904
217933
217976
218079
218095
218210
218225
218303
218315
218345
218367
218556
218589
218629
218883
218928
218932
218941
219231
219237
219278
219310
219462
219538
219867
219881
219937
220175
220185
220212
220216
220225
220232
220338
220363
220400
220432
220807
220990
221004
221075
221148
221201
221262
221305
221342
221349
221383
221396
221433
221487
221548
221697
221787
221845
222031
222048
222051
222113
222133
222154
222174
222218
222326
222337
222361
222417
222510
222594
222649
222651
222810
222961
222970
223081
223168
223184
223209
223243
223331
223401
223476
223506
223540
223545
223558
223571
223643
223714
223836
224031
224087
224203
224268
224343
224399
224461
224608
224629
224632
224669
224714
224788
224854
224934
224947
224982
225006
225013
225107
225142
225216
225248
225250
225275
225319
225519
225596
225689
225765
225810
225813
225836
225987
225995
226053
226136
226193
226310
226339
226350
226372
226483
226504
226539
226645
226926
226929
226955
227032
227137
227268
227296
227308
227406
227408
227609
227617
227688
227888
227933
227953
227962
227988
228096
228366
228389
228431
228444
228523
228666
228687
228765
228905
228987
229031
229057
229062
229367
229487
229492
229613
229628
229724
229807
229808
229849
230109
230139
230349
230360
230411
230434
230456
230522
230625
230642
230722
230872
230906
230997
231043
231098
231109
231200
231409
231566
231603
231605
231741
231753
231793
231852
231920
232082
232205
232346
232489
232525
232560
232687
232694
232728
232792
232923
232980
233284
233390
233400
233544
233567
233585
233630
233649
233752
233798
234120
234149
234331
234350
234439
234518
234524
234620
234708
234812
235075
235262
235265
235267
235276
235317
235396
235399
235405
235450
235518
235524
235792
235800
235817
235862
235864
235865
235882
236018
236112
236114
236140
236162
236366
236463
236464
236469
236480
236541
236587
236698
236704
236773
236788
236874
236912
236964
237016
237025
237114
237219
237259
237411
237471
237491
237551
237569
237613
237684
237739
237836
237965
238001
238014
238061
238123
238158
238165
238261
238416
238520
238601
238606
238728
238731
238869
238931
239008
239041
239072
239079
239108
239119
239222
239296
239315
239492
239595
239600
239607
239721
239873
239878
239900
239935
239973
240065
240147
240200
240255
240344
240376
240403
240500
240549
240770
240918
241005
241158
241298
241302
241344
241678
241759
241785
241823
242011
242022
242050
242052
242098
242100
242154
242199
242334
242363
242405
242425
242497
242507
242675
242920
243071
243101
243136
243174
243182
243216
243298
243406
243423
243521
243615
243718
243837
243866
243867
243930
243934
243962
243992
243993
244031
244083
244122
244137
244252
244283
244354
244440
244482
244524
244597
244627
244725
244792
244879
244954
244962
245004
245026
245062
245082
245090
245119
245134
245162
245290
245384
245539
245795
245852
245919
245964
246024
246030
246058
246171
246280
246326
246405
246440
246473
246519
246616
246707
246757
246761
246788
246830
246902
246915
247015
247392
247512
247552
247596
247632
247680
247748
247780
247788
247838
247852
247957
248009
248411
248419
248528
248565
248726
248786
248803
248810
248831
248866
248877
248927
249008
249068
249137
249160
249317
249326
249327
249399
249401
249437
249517
249554
249585
249646
249702
249705
249723
249795
249958
250162
250173
250187
250414
250434
250462
250523
250609
250675
250986
251059
251130
251291
251299
251309
251418
251490
251583
251806
251813
251919
251933
252145
252152
252195
252253
252415
252482
252595
252732
252802
252813
252836
252900
253026
253055
253101
253104
253112
253165
253255
253296
253357
253391
253520
253754
253931
253968
254176
254223
254368
254396
254402
254569
254667
254707
254760
254782
254804
254878
254909
254934
255113
255222
255324
255376
255501
255521
255586
255636
255749
255816
255857
255883
255898
256007
256063
256091
256121
256133
256159
256287
256299
256337
256344
256499
256567
256568
256608
256706
256807
256845
256853
256898
256907
256923
256950
256978
257051
257346
257480
257697
257753
257768
257874
257920
257948
257954
258141
258143
258231
258242
258343
258367
258671
258764
258798
258840
258850
258982
259070
259107
259239
259241
259246
259273
259329
259407
259463
259516
259544
259734
259871
259875
259913
259964
259991
260064
260170
260177
260224
260324
260341
260353
260420
260475
260487
260561
260630
260637
260641
260650
260687
260729
260765
260980
260997
261012
261129
261180
261186
261204
261252
261257
261305
261326
261444
261573
261591
261644
261706
261715
261748
261859
262213
262237
262240
262256
262314
262394
262450
262503
262605
262646
262648
262752
262779
262788
262839
262912
262953
262999
263001
263023
263025
263058
263078
263092
263159
263241
263250
263351
263434
263440
263536
263618
263619
263785
263818
263825
263847
263856
263895
263898
263923
263950
264119
264178
264181
264192
264214
264300
264303
264380
264440
264481
264503
264594
264622
264650
264720
264778
264804
264825
264832
264839
264868
264984
265190
265196
265417
265454
265473
265552
265566
265572
265586
265611
265682
265722
265770
265844
265871
265906
266102
266118
266235
266360
266385
266473
266475
266516
266539
266563
266644
266679
266747
266782
266876
266902
266994
267017
267036
267096
267135
267165
267238
267244
267275
267354
267495
267496
267722
267804
267867
267960
268219
268250
268263
268266
268363
268373
268398
268477
268499
268658
268926
269024
269073
269113
269159
269165
269214
269222
269234
269323
269421
269503
269537
269543
269588
269620
269847
270037
270045
270064
270145
270188
270207
270284
270347
270352
270380
270384
270386
270423
270478
270497
270641
270653
270829
270875
271083
271099
271113
271120
271198
271366
271429
271439
271504
271510
271582
271719
271739
271852
272080
272104
272182
272243
272249
272315
272454
272522
272571
272586
272601
272697
272700
272855
273164
273176
273294
273405
273413
273475
273483
273518
273532
273631
273674
273688
273754
273888
273956
273973
274039
274106
274218
274273
274277
274299
274432
274438
274460
274524
274600
274725
274789
274810
274845
274905
274962
275055
275155
275165
275242
275253
275255
275377
275443
275624
275676
275726
275827
275855
275876
275907
276000
276071
276073
276153
276172
276180
276282
276392
276407
276538
276589
276594
276596
276634
276797
276898
276953
276997
277112
277337
277445
277513
277517
277565
277598
277669
277786
277914
277919
277921
277948
277954
277963
277968
277975
278068
278118
278200
278220
278272
278386
278429
278490
278526
278572
278577
