195
371
438
460
518
567
578
632
986
1077
1219
1285
1541
1603
1731
1979
2032
2172
2211
2251
2495
2579
2761
2838
2976
3087
3292
3310
3899
4125
5009
5137
5388
5454
5548
5798
5803
5820
5864
5921
6035
6305
6370
6375
6409
6436
6459
6500
6525
6540
6597
7079
7129
7196
7292
7326
7648
7935
8019
8026
8051
8093
8160
8194
8440
8756
8921
9050
9158
9301
9551
9758
9762
9818
10242
10281
10422
10474
10583
10613
10766
11045
11062
11107
11346
11361
11518
11716
11828
11951
12038
12041
12049
12074
12395
12476
12762
12880
12989
13066
13099
13283
13368
13441
13588
13643
13816
14118
14406
14423
14680
14820
14953
15001
15110
15162
15478
15537
15654
15802
15827
15831
15839
16222
16314
16543
16807
16881
17000
17246
17420
17787
17803
17850
17860
18105
18337
18507
18675
18697
18742
18831
18871
18938
19078
19138
19294
19551
19662
19838
19890
19893
19897
19914
19997
20049
20059
20124
20256
20259
20266
20281
20390
20395
20740
20763
20765
20818
20851
20975
21269
21320
21367
21392
21597
21678
21762
21809
21888
22003
22669
23124
23211
23223
23368
23590
23687
23715
23760
23770
23808
23893
24028
24159
24191
24299
24330
24469
24549
24823
24852
24904
25121
25237
25267
25553
25668
25708
25774
26102
26184
26186
26262
26267
26302
26420
26584
26676
26856
27111
27142
27520
27652
27895
27898
27900
27937
28159
28170
28241
28310
28340
28398
28415
28528
28581
28883
28967
29277
29333
29464
29470
29572
29660
29833
29929
30154
30157
30194
30371
30402
30451
30477
30626
30722
30990
31337
31519
31523
31613
31734
31893
31992
32048
32113
32123
32249
32724
32861
32980
33004
33011
33131
33189
33220
33246
33644
33745
33763
33768
33781
33789
33953
34178
34205
34249
34304
34386
34445
34544
34573
34886
34975
35105
35325
35390
35482
35639
35694
35728
35966
35987
35997
36099
36206
36272
36340
36457
36728
36752
36876
36945
36961
37411
37527
37684
37694
37732
37801
37831
37970
38115
38300
38322
38376
38497
38522
38604
38749
38799
38901
39028
39249
39257
39424
39703
39716
39808
39936
39942
39953
39992
39998
40029
40202
40230
40600
40691
40788
40854
40901
40996
41018
41027
41087
41309
41400
41579
41656
41827
41868
42007
42210
42501
42635
42789
42839
43149
43312
43444
43500
43754
43962
44225
44298
44309
44318
44321
44332
44437
44500
44600
44633
44990
45172
45193
45243
45266
45404
45555
45616
45818
45877
45964
46034
46078
46547
46872
46952
46975
47066
47169
47178
47180
47357
47432
47452
47498
47584
47615
47673
47870
48171
48300
48361
48536
48783
48865
48958
49010
49189
49269
49276
49309
49455
49482
49514
49763
49835
49896
50006
50031
50071
50078
50122
50225
50226
50340
50506
50586
50661
50983
51094
51211
51233
51273
51320
51415
51420
51679
51722
51815
51860
52188
52264
52736
52789
52808
52841
52968
53124
53302
53718
53793
53795
53825
53851
53941
53985
54048
54108
54205
54217
54218
54287
54328
54375
54467
54479
54482
54761
54812
54950
54982
55191
55212
55338
55455
55466
55477
55493
55660
55809
56197
56205
56255
56323
56646
56756
56786
56811
56901
56904
56931
57045
57144
57424
57425
57462
57510
57574
57634
57851
57875
57926
58272
58373
58395
58566
58578
58654
58670
58685
58863
58864
58992
59017
59149
59205
59262
59307
59454
59706
59849
59952
60183
60209
60264
60369
60410
60450
60595
60636
60723
60827
60994
61008
61073
61142
61344
61500
61658
61914
61999
62011
62047
62367
62411
62491
62542
62599
62839
62935
63168
63179
63202
63218
63219
63223
63311
63428
63633
63637
63750
63958
64171
64218
64245
64259
64261
64474
64553
64799
64994
65013
65098
65169
65352
65487
65664
65969
66249
66618
66671
66869
66995
67022
67212
67219
67242
67284
67418
67424
67464
67547
67553
67595
67770
67991
68244
68331
68360
68367
68539
68931
69107
69261
69294
69469
69541
69601
69667
69877
69889
70196
70216
70356
70421
70554
70583
70611
70728
70751
70761
70831
70947
71205
71283
71316
71426
71783
71787
71954
72105
72185
72297
72345
72354
72413
72460
72600
72625
72653
72854
72922
72963
73175
73235
73267
73570
73602
73613
73657
73827
73864
73896
73954
74149
74157
74201
74238
74391
74509
74547
74617
74687
74701
74836
74901
74945
74958
74989
74997
75383
75438
75439
75517
75598
75612
75652
75699
75726
75730
75787
76392
76399
76560
77054
77278
77297
77452
77466
77649
78015
78068
78073
78225
78419
78476
78521
78528
78560
78767
78960
79049
79100
79117
79182
79294
79408
79424
79470
79487
79510
79761
79901
79979
80045
80053
80091
80149
80259
80261
80339
80372
80448
80637
80690
81005
81027
81204
81244
81269
81303
81496
81503
81860
81914
82004
82022
82324
82381
82385
82519
82535
82538
82577
82834
82913
82960
82972
82984
83170
83195
83208
83223
83326
83437
84129
84163
84196
84332
84492
84643
84781
84966
84976
84991
85262
85351
85381
85391
85516
85606
85789
85906
86165
86401
86469
86776
87182
87323
87351
87429
87583
87643
87674
87690
87882
87961
88078
88492
88727
88931
88960
89089
89189
89466
89480
89550
89629
89675
89708
89784
90171
90263
90350
90448
90560
90659
90824
90834
90877
90953
90992
91179
91280
91308
91327
91433
91447
91515
91608
91723
91876
91966
92191
92269
92347
92513
92807
92877
93143
93268
93388
93520
93589
94026
94323
94462
94621
95021
95188
95254
95463
95517
95521
95655
95721
95837
95868
95903
96152
96348
96424
96470
96644
96648
96698
96861
96945
96992
97146
97201
97374
97600
97630
97666
97790
97875
97991
98007
98008
98014
98033
98084
98187
98221
98258
98262
98386
98448
98682
98717
98754
98758
98781
98917
98933
99030
99064
99068
99078
99085
99206
99325
99394
99785
99884
99891
99974
100036
100141
100270
100349
100795
100901
101028
101152
101340
101440
101582
101602
101617
101677
101695
101697
102075
102218
102238
102245
102256
102493
102557
102615
102707
102783
102810
103124
103147
103236
103322
103334
103367
103398
103699
103732
103781
104237
104283
104414
104431
104574
104699
104759
104782
104839
105200
105225
105614
105638
105650
105748
105821
105978
105987
105995
106130
106169
106343
106374
106536
106969
106971
107168
107203
107287
107313
107418
107540
107907
107970
108149
108353
108635
108901
108927
108959
108979
109288
109425
109547
109664
109810
109890
109954
109984
110011
110059
110148
110171
110467
110562
110576
110789
111013
111236
111259
111262
111266
111287
111328
111424
111454
111494
111506
111538
111570
111678
111795
111885
112288
112407
112675
112825
113064
113073
113119
113131
113263
113377
113582
113699
113714
113816
113945
114042
114146
114184
114221
114328
114395
114399
114464
114508
114632
114744
114879
114887
115088
115399
115491
115508
115531
115719
115722
116122
116123
116182
116195
116224
116649
116653
116696
116706
116780
116827
116876
116884
117034
117144
117306
117356
117525
117550
117582
117620
117647
117670
117730
117736
117777
117778
118133
118477
118687
118796
118906
118927
119070
119270
119320
119329
119375
119435
119485
119543
119737
119796
119892
119908
119942
120458
120624
120843
120870
120914
120978
121219
121220
121264
121344
121376
121491
121580
121717
121816
121823
122107
122110
122147
122239
122281
122401
122509
122777
122830
122890
122898
123176
123206
123292
123310
123375
123705
123954
123981
123993
124017
124025
124090
124386
124676
124984
125132
125235
125266
125368
125453
125459
125516
125563
125752
125910
126443
126548
126703
127054
127060
127217
127274
127321
127514
128052
128181
128386
128572
128799
128821
128995
128998
129202
129311
129551
129641
129675
129759
129869
129871
129882
129905
129989
130070
130141
130265
130457
130459
130500
130749
131106
131147
131387
131466
131542
131704
132012
132149
132164
132178
132217
132390
132426
132628
132764
133244
133364
133875
134068
134070
134072
134156
134168
134197
134222
134247
134299
134313
134323
134852
135002
135196
135199
135329
135340
135412
135462
135577
135748
135852
135984
136012
136083
136157
136172
136180
136706
136748
136776
136777
136798
137053
137067
137105
137139
137141
137318
137531
137565
137768
137820
137908
138040
138115
138248
138316
138351
138388
138406
138481
138521
138694
138889
138931
139174
139261
139533
139606
139688
139689
139897
139941
139984
140630
141273
141351
141384
141401
141512
141600
141734
141799
141960
142115
142148
142200
142293
142294
142380
142420
142460
142501
142531
142599
143021
143155
143337
143514
143560
143581
143678
143800
143901
144092
144112
144147
144166
144207
144262
144360
144500
144540
144795
144804
144834
145116
145245
145330
145388
145391
145408
145471
145549
145669
145888
145954
145955
145984
146020
146126
146130
146142
146318
146376
146623
146634
147208
147216
147310
147396
147455
147660
147797
147837
147869
148059
148220
148282
148778
148868
149120
149391
149609
149858
149861
150078
150143
150287
150293
150487
150994
151001
151134
151220
151433
151755
151852
152133
152262
152467
152476
152563
152601
152803
152865
152896
152902
152934
152953
152987
153464
153569
153623
153733
153928
154082
154217
154236
154277
154291
154656
154760
154770
154824
154895
155019
155144
155266
155433
155446
155536
155678
155701
156048
156196
156340
156906
157290
157358
157366
157439
157521
157553
157565
157840
157911
157981
158021
158109
158162
158176
158523
158530
158531
158602
158645
158781
159073
159197
159516
159519
159539
159545
159668
159672
159684
159835
159867
159986
160049
160551
160678
160680
160816
160860
160993
161139
161195
161344
161429
161540
161543
161648
161736
161888
161927
162157
162260
162405
162562
162616
162709
162755
162831
162836
162890
163094
163234
163811
163956
163984
164096
164187
164304
164428
164455
164493
164604
164611
164638
164689
164691
164777
164800
164872
164972
165056
165060
165102
165182
165343
165349
165357
165364
165381
165412
165448
165482
165542
165688
165737
165787
166094
166191
166211
166407
166417
166438
166616
166836
166895
167142
167332
167481
167497
167716
167955
168066
168390
168500
168579
168587
168598
168638
168701
168815
168866
169062
169167
169255
169274
169351
169420
169646
169776
169799
169836
169990
170029
170120
170187
170289
170420
170561
170636
170732
170934
171027
171225
171752
171988
172173
172379
172636
172684
172695
172934
172937
173057
173090
173134
173151
173192
173267
173269
173308
173465
173503
173789
173821
173834
174024
174078
174161
174338
174515
174516
174617
174779
174979
175067
175105
175108
175113
175306
175520
175597
175683
175777
175954
176009
176152
176222
176266
176381
176541
176557
176564
176592
176840
176846
176854
176992
177516
177612
177714
177723
177820
177871
177888
178211
178227
178232
178406
178709
178720
178821
178887
179094
179284
179356
179366
179437
179643
179652
179664
179703
179763
179902
180168
180243
180473
180600
180717
180800
180961
181035
181066
181299
181356
181405
181474
181492
181500
181686
181832
181958
181978
182099
182154
182453
182560
182758
182790
182892
182961
183145
183421
183653
183685
183903
183914
183978
184004
184190
184392
184636
184890
184930
184975
184979
185291
185342
185421
185474
185748
185783
185882
185932
186039
186134
186340
186427
186526
186595
186608
186790
186873
186886
186915
187142
187214
187278
187324
187536
187707
187767
187784
187897
187919
187933
187948
188239
188357
188382
188408
188410
188523
188524
188600
188631
188804
188892
188902
188941
188985
189283
189478
189690
189735
189769
189774
189965
190085
190168
190248
190264
190315
190396
190404
190454
190579
190645
190666
190702
190709
190749
190853
191221
191226
191449
191491
191571
191668
191697
191743
191787
191865
191893
191897
191898
191957
192024
192050
192135
192139
192420
192469
192563
192571
192617
192661
192991
193036
193109
193138
193199
193389
193524
193797
193881
194330
194459
194465
194498
194792
194803
195083
195296
195374
195508
195660
195795
195820
195857
195913
196018
196042
196048
196139
196158
196305
196570
196696
196727
196806
196807
196834
196963
196968
196978
197006
197010
197326
197376
197436
197661
197711
197740
197757
197820
197864
198066
198081
198091
198168
198199
198224
198229
198251
198310
198832
198843
198904
198944
199305
199348
199407
199555
199582
199675
199800
199849
199850
200281
200343
200427
200432
200534
200729
200947
200967
201045
201101
201263
201327
201408
201515
201570
201801
201859
202044
202505
202543
202809
202831
202877
202983
203126
203157
203269
203887
203916
203921
204119
204174
204208
204343
204436
204661
204709
204802
205149
205185
205389
205466
205590
206062
206095
206172
206546
206788
206808
206992
207155
207195
207299
207332
207429
207498
207535
207632
207855
208019
208090
208113
208123
208170
208205
208257
208362
208383
208550
208776
208799
208857
208939
209136
209271
209436
209488
209537
209607
209760
209832
209885
210002
210032
210079
210189
210226
210301
210385
210443
210661
210786
210798
210934
211024
211159
211164
211231
211505
211513
211565
211571
211739
211796
211814
211854
212003
212027
212312
212318
212356
212423
212623
212669
212681
212913
212979
213163
213359
213506
213575
213634
213788
214064
214092
214199
214260
214756
214846
214998
215016
215120
215339
215386
215410
215443
215858
215994
216049
216070
216164
216166
216462
216482
216574
216615
216619
216687
216874
216914
217305
217387
217479
217559
217646
217799
217805
217880
217904
217933
218095
218165
218210
218225
218303
218628
218629
218932
218941
219059
219198
219231
219237
219538
219812
219872
219881
220175
220212
220225
220232
220363
220391
220430
220623
220683
220990
221004
221262
221349
221396
221433
221548
221635
221641
221787
221800
222051
222417
222510
222517
222594
223184
223401
223506
223545
223558
223571
223820
223976
224031
224383
224399
224451
224461
224542
224608
224629
224776
224934
224961
224982
225107
225142
225168
225216
225596
225765
225987
225995
226053
226350
226372
226378
226926
226929
226955
227069
227137
227161
227296
227308
227381
227406
227408
227504
227560
227568
227617
227953
227988
228012
228096
228102
228366
228431
228523
228687
228765
228905
228987
229111
229259
229367
229487
229613
229724
229808
229968
230108
230109
230319
230411
230422
230434
230997
231043
231136
231200
231409
231605
231753
231793
231893
231969
232082
232160
232346
232489
232525
232692
232694
232728
232844
233291
233390
233544
233634
234120
234331
234350
234439
234708
234812
235075
235262
235265
235267
235317
235399
235405
235431
235450
235518
235524
235711
235712
235800
235864
235875
235882
236018
236023
236140
236366
236421
236698
236714
236788
236893
236912
237082
237219
237471
237491
237569
237613
237684
237739
237836
238014
238061
238123
238278
238601
238869
239008
239041
239079
239119
239296
239492
239572
239600
239607
239721
239743
239935
239973
240033
240067
240200
240255
240304
240342
240376
240487
240606
240667
240696
240918
241158
241298
241330
241678
241706
241759
241823
241914
242052
242091
242098
242100
242154
242199
242334
242363
242405
242425
242675
243101
243174
243216
243298
243521
243615
243849
243867
243930
243962
243992
244031
244083
244137
244305
244440
244482
244524
244597
244627
244662
244725
244954
245004
245026
245062
245082
245119
245122
245162
245217
245290
245384
245539
245795
245888
246131
246463
246519
246612
246616
246757
246895
247015
247392
247486
247522
247552
247587
247678
247680
247748
247780
247838
247957
248144
248411
248419
248528
248565
248726
248803
248810
248825
248831
248866
249008
249073
249137
249401
249554
249581
249646
249705
249723
249729
249795
250016
250523
250562
250850
251161
251299
251309
251418
251583
251806
251813
251868
251919
251945
252152
252595
252622
252732
252813
252947
253055
253101
253165
253255
253265
253357
253391
253520
253754
254093
254176
254223
254396
254633
254707
254804
254934
255324
255376
255501
255586
255857
255883
256063
256091
256159
256169
256299
256337
256344
256499
256608
256706
256776
256807
256898
256907
256923
256978
257088
257466
257480
257546
257697
257753
257768
257857
257920
258095
258231
258343
258671
258850
259070
259113
259239
259241
259246
259329
259463
259511
259516
259544
259546
259720
259871
259887
259991
260064
260170
260199
260282
260341
260353
260356
260538
260641
260666
260687
260765
260937
260986
260997
261012
261062
261129
261180
261204
261252
261444
261591
261644
261706
262237
262256
262394
262450
262486
262620
262648
262779
262912
262928
262999
263023
263041
263078
263092
263159
263193
263241
263250
263459
263536
263618
263785
263825
263898
264178
264214
264380
264594
264622
264720
264778
264804
264825
264839
264868
265190
265196
265473
265534
265572
265611
265682
265722
265756
265770
265871
266050
266102
266118
266235
266360
266385
266475
266539
266644
266707
266709
266715
266747
266876
266952
267135
267238
267244
267314
267483
267579
267722
267804
267867
267960
268109
268250
268263
268363
268468
268926
269024
269073
269323
269330
269421
269491
269503
269543
269620
269753
269766
269847
270058
270064
270207
270259
270380
270386
270605
270657
270952
271113
271120
271259
271300
271343
271366
271429
271556
272080
272104
272243
272249
272287
272374
272454
272522
272571
272586
272910
272931
273294
273434
273532
273674
273688
273693
273816
273958
273973
274039
274438
274460
274600
274713
274845
274962
275055
275253
275255
275280
275389
275443
275676
275694
275876
276071
276073
276107
276180
276392
276538
276594
276596
276756
276797
276898
276953
276997
276998
277063
277445
277531
277565
277594
277598
277786
277919
277921
277948
277954
277968
277975
278068
278118
278200
278252
278272
278429
278491
278572
