106
113
118
174
362
611
793
795
931
1110
1624
1684
1689
1983
2006
2157
2381
2449
2624
2688
2735
2791
2890
3080
3094
3206
3215
3286
3862
4031
4037
4195
4231
4243
4247
4361
4573
4691
5201
5498
5757
5841
5871
5879
5926
6051
6107
6165
6603
6830
6976
6999
7137
7143
7230
7348
7422
7630
7707
7727
7865
7922
7950
8005
8421
8547
8639
8748
8792
8825
8838
8919
8923
9100
9645
9870
9957
9996
10171
10330
10448
10450
10601
10615
10700
10830
10902
10929
11029
11117
11379
11616
11665
11886
12070
12400
12445
12469
12491
12536
12537
12647
12761
12887
13073
13166
13402
13564
13566
13929
14291
14345
14366
14410
14483
14522
14564
14742
14784
14960
15048
15067
15124
15138
15143
15256
15680
15728
15774
16104
16327
16339
16451
16578
16894
17147
17386
17590
17655
17946
18142
18329
18712
18722
18747
18793
19031
19040
19308
19313
19492
19912
19913
20862
20903
20962
21113
21260
21405
21510
21740
21757
21811
21855
21944
21971
22049
22175
22354
22467
22684
22688
22862
23072
23139
23146
23159
23188
23484
23488
24103
24500
24561
24726
24733
24828
25149
25358
25504
25679
25694
25706
26159
26161
26188
26261
26297
26522
26747
26829
26933
27066
27082
27287
27366
27590
27689
27751
28124
28303
28452
28455
28486
28550
28573
28623
28627
28741
28793
29203
29239
29797
29971
30759
30851
30939
30962
30994
31003
31019
31259
31301
31451
31468
31510
31661
31690
31752
31784
32049
32051
32427
32462
32770
32855
33015
33137
33213
33333
33661
33801
33821
33838
34108
34115
34254
34298
34387
34392
34454
34613
34949
35099
35412
35502
35685
35732
35963
36283
36427
36438
36556
36562
36611
36672
37149
37270
37416
37440
37543
37572
37598
37710
37762
37781
37835
37908
38004
38385
38406
38410
38563
38565
38571
38647
38860
39456
39501
39827
39835
39949
39962
39987
40012
40141
40379
40598
40630
40652
40684
40829
41092
41202
41249
41255
41320
41427
41605
41629
41794
41896
41974
42359
42603
42700
42825
43118
43160
43165
43259
43306
43334
43502
43569
43576
43700
43774
43789
43964
44042
44136
44328
44354
44424
44474
44490
44524
44618
44799
44975
44978
45034
45125
45274
45285
45316
45414
45550
45620
45627
45678
45725
46036
46130
46365
46452
46603
47093
47443
47713
47876
47923
47980
48044
48083
48336
48468
48557
48609
48684
49194
49784
49883
49990
50288
50313
50399
50423
50588
50629
50634
50680
50963
51054
51057
51134
51139
51260
51399
51471
51735
51748
51788
51830
51858
51883
52052
52070
52192
52194
52413
52568
52575
52831
53136
53324
53384
53401
53647
53729
54013
54081
54111
54200
54321
54329
54421
54678
54723
54899
54921
54983
54997
55024
55057
55093
55097
55329
55430
55441
56088
56337
56416
56455
56560
56637
56751
56752
56883
57024
57092
57149
57184
57237
57374
57484
57532
57555
57606
57615
57638
57680
57694
57734
57743
57958
57976
58253
58459
58930
59001
59014
59187
59203
59298
59315
59499
59769
59786
59827
60463
60488
60607
60709
60825
60905
60939
61143
61230
61917
61996
62204
62317
62360
62362
62390
62478
62593
62694
62738
63042
63558
63937
64011
64281
64584
64692
64939
65000
65160
65268
65578
65706
65709
65845
65986
66002
66333
66597
66851
66960
67018
67060
67140
67167
67288
67321
67350
67372
67461
67482
67506
67527
67536
67758
67901
68076
68215
68584
68771
68967
69020
69096
69342
69588
69858
69955
70004
70236
70243
70440
70757
70952
71369
71393
71406
71448
71544
71566
71738
71903
72116
72154
72429
72487
72639
72763
73073
73225
73327
73347
73546
73639
73692
73846
73862
73919
74197
74486
74545
74671
74678
75576
75752
75843
75895
75901
75912
75913
76562
76811
76987
77079
77120
77165
77224
77326
77634
77653
77697
77771
77772
77845
77869
78065
78287
78322
78389
78414
78432
78447
78452
78791
79102
79136
79213
79224
79346
79429
79491
79541
79571
79579
79669
80036
80589
80590
80592
80608
80618
80807
80902
80958
81172
81540
81907
81985
82043
82161
83157
83158
83164
83288
83727
83728
83960
84088
84156
84178
84343
84378
84471
84770
84892
84945
84977
85032
85204
85216
85489
85494
85626
85671
85759
85907
86570
86636
86720
87024
87292
87554
87614
88030
88213
88226
88237
88313
88540
88580
88638
88681
88828
88903
89095
89313
89408
89443
89925
89991
90175
90178
90241
90248
90764
90813
90950
90954
90969
90979
90998
91029
91193
91780
91787
91895
92279
92335
92463
92509
92563
92569
93096
93140
93176
93250
93381
93427
93628
93888
93922
93954
94012
94041
94070
94210
94223
94224
94268
94423
94444
94477
94674
94857
94879
94947
95170
95190
95282
95480
95513
95760
95785
96097
96509
96514
96678
96885
96963
96996
96997
97145
97168
97263
97470
97617
97773
97795
97870
97872
97946
98012
98088
98209
98361
98388
98626
98627
98749
98946
99005
99012
99173
99207
99237
99362
99398
99431
99501
99623
99762
99870
99984
99993
100133
100426
100553
100603
100753
100864
101033
101036
101230
101668
101885
102043
102441
102457
102721
102761
102856
102888
103082
103433
103458
103713
103832
103872
103972
104209
104411
104436
104553
104607
104611
104818
105119
105131
105133
105362
105393
105583
105732
106088
106163
106183
106306
106504
106603
106670
106687
106814
106843
106848
106865
106869
106872
107031
107050
107065
107124
107125
107126
107147
107445
107545
107647
107667
107710
107769
107951
107963
108179
108217
108342
108431
108498
108563
108636
108667
108679
108703
108708
108709
108724
108725
108765
108851
108997
109040
109088
109126
109219
109280
109462
109625
109737
109763
109874
110108
110163
110346
110418
110431
110461
110480
110715
111386
111418
111642
111680
111730
111782
111982
111985
111997
112103
112291
112304
112481
112504
112638
112835
113025
113128
113164
113422
113465
113544
113644
113667
113672
113769
113807
113835
113865
113914
114106
114145
114171
114937
115085
115175
115303
115700
115935
116004
116061
116069
116073
116099
116179
116229
116346
116357
116579
116860
117045
117839
118084
118096
118244
118348
118739
118789
118861
119106
119257
119403
119422
119578
119704
120061
120116
120183
120348
120929
121140
121413
121579
121928
122178
122436
122704
122747
122844
122982
122991
123019
123043
123121
123396
123500
123602
123720
123837
123924
124608
124640
124646
124952
124975
125033
125046
125284
125321
125455
125574
125674
125791
125980
126036
126134
126252
126315
126573
126639
127180
127221
127268
127622
127624
127698
127747
127801
127986
128141
128343
128359
128490
128689
128705
128794
129093
129280
129281
129376
129608
129705
129734
129818
129974
129987
130063
130131
130629
130733
130782
130852
131130
131201
131225
131271
131370
131598
131898
132074
132109
132147
132200
132408
132541
132925
132927
133008
133185
134067
134474
134545
134617
134825
134836
135033
135114
135634
135855
135863
135913
135950
135978
136055
136075
136077
136226
136410
136430
136697
136843
136848
137064
137204
137242
137288
137331
137439
137570
137617
137680
137691
137710
137822
137890
137946
138417
138610
138668
138839
138965
139105
139314
139620
139659
139928
139964
140155
140188
140245
140358
140370
140439
140516
140553
140598
140758
140759
140817
141164
141184
141290
141348
141625
141692
141695
141725
141768
141811
141831
141848
141920
141977
142090
142205
142209
142265
142366
142384
142471
142495
142544
142638
142669
142705
142851
142863
143372
143417
143473
143691
143808
144291
144547
144611
144631
144682
145231
145345
145458
145495
145528
145997
146016
146199
146325
146364
146435
146549
146576
146883
146952
147168
147262
147272
147391
147468
147503
147534
147554
147581
147886
148002
148003
148037
148058
148135
148231
148238
148316
148482
148592
148643
148645
148648
148656
148814
148966
149194
149361
149406
149493
149530
149641
149856
149869
149900
149975
149983
150317
150430
150719
150805
150812
150944
151107
151172
151375
151604
151715
151886
152164
152211
152539
152706
152857
153244
153324
153414
153494
153574
153760
153785
153884
153891
153932
154034
154275
154341
154391
155083
155131
155189
155264
155324
155440
155442
155470
155541
155564
155633
155705
155745
155809
155883
155914
155962
156041
156316
156901
156987
157117
157287
157313
157410
157478
157549
157575
157594
157758
157792
157912
157951
157996
158048
158080
158364
158562
158735
158786
159050
159216
159234
159369
159414
159434
159825
159831
159960
160042
160273
160308
160342
160345
160387
160391
160601
160657
160719
160771
160825
160834
160838
160888
160996
160999
161116
161122
161141
161520
161541
161714
161747
161794
161884
162050
162263
162342
162459
162716
162722
162896
162985
162991
163170
163199
163414
163523
163729
163814
163852
163855
163950
163964
163999
164058
164070
164172
164221
164229
164240
164247
164273
164281
164387
164657
164728
165179
165197
165454
165460
165495
165503
165592
165605
165651
165778
165807
165896
165907
166355
166382
166387
166426
166469
166705
166721
166907
167168
167416
167612
167686
167833
167947
167993
168075
168239
168395
168495
168518
168529
168942
169363
169394
169686
169698
169755
169762
169861
169909
170169
170357
170398
170765
170879
171189
171272
171409
171482
171590
171631
171750
171784
172044
172266
172311
172533
172617
172657
172854
172864
172921
173185
173271
173356
173371
173496
173629
173952
174064
174519
174785
175015
175027
175255
175308
175606
175615
175990
176000
176029
176100
176356
176466
176480
176567
176611
176717
176727
176856
176897
176948
177055
177329
177520
177522
177708
177843
178041
178243
178261
178286
178354
178397
178575
178729
178837
179031
179141
179144
179221
179287
179433
179456
179494
179502
179617
179714
179756
179801
179962
180129
180254
180310
180403
180784
180851
180931
180971
181076
181085
181103
181163
181342
181351
181740
181780
181849
182010
182055
182100
182148
182207
182250
182262
182351
182906
183032
183127
183135
183186
183298
183514
183544
183553
183747
183838
183969
183982
183996
184103
184287
184320
184491
184647
184652
184893
185027
185363
185470
185791
185798
185819
185873
185908
185979
186053
186094
186304
186306
186548
186581
186906
186972
187078
187242
187351
187374
187406
187639
187769
188064
188125
188143
188225
188677
188787
188825
188916
189027
189054
189094
189114
189228
189237
189294
189588
189635
189717
189788
189848
190399
190412
190435
190450
190468
190505
190511
190583
190700
190776
190889
191032
191130
191252
191316
191359
191441
191458
191559
191625
191794
191815
192252
192273
192281
192524
192582
192693
192730
192780
193314
193367
193422
193563
193594
193834
193856
193947
193956
193990
194097
194228
194377
194413
194486
194737
194747
195120
195139
195224
195435
195526
195699
195735
195901
196017
196142
196175
196183
196186
196208
196515
196537
196575
196655
196662
196672
196708
196771
196885
197239
197322
197387
197550
197643
197753
197754
197790
197878
197959
198092
198197
198271
198401
198454
198561
198717
199000
199153
199207
199296
199376
199398
199459
199666
199890
199941
200351
200497
200662
200869
201016
201049
201154
201173
201580
201748
201868
202148
202155
202162
202349
202402
202726
202765
202844
202912
202923
202944
203116
203136
203137
203177
203784
203846
203915
204100
204171
204231
204304
204340
204412
204467
204602
204618
204644
204708
205014
205074
205451
205491
205614
205959
205968
206147
206189
206375
206653
206819
206843
206908
206921
207206
207217
207415
207436
207560
207736
207857
207909
208112
208143
208621
208728
208810
208943
209108
209126
209161
209207
209246
209623
210075
210201
210305
210392
210505
210540
210551
210794
210800
210815
210827
211049
211133
211289
211357
211370
211382
211391
211523
211558
211580
211640
211714
212088
212342
212396
212470
212559
212851
213211
213400
213458
213544
213664
213674
213696
213733
213857
214144
214198
214216
214306
214884
214932
214976
214989
215200
215210
215218
215335
215725
215736
215767
215772
215869
216059
216141
216213
216288
216309
216327
216496
216498
216506
216550
216587
216844
216954
217024
217180
217360
217389
217392
217549
217561
217611
218130
218169
218421
218817
218910
218925
219027
219154
219221
219258
219349
219498
219509
219690
219781
220145
220235
220343
220436
220445
220675
220927
220941
221068
221274
221537
221841
222042
222095
222136
222290
222382
222442
222514
222520
222562
222642
222705
222755
222814
222864
222986
223063
223207
223251
223265
223486
223534
223586
223814
223826
224101
224173
224273
224279
224444
224524
224643
224739
224801
224835
225327
225389
225629
225653
225696
225775
226135
226246
226373
226394
226750
226866
226922
226987
227007
227026
227197
227324
227452
227672
227744
227767
227968
228050
228142
228204
228481
228483
228753
229049
229135
229293
229729
229841
229979
230012
230086
230150
230196
230402
230447
230848
230883
230894
230924
231036
231097
231134
231137
231140
231225
231395
231584
231671
231784
231866
232339
232345
232354
232610
232650
232721
232924
233348
233379
233692
233747
233953
234073
234157
234298
234299
234301
234352
234658
234705
234713
234787
234942
235087
235179
235271
235278
235465
235481
235587
235728
235743
235831
235978
236320
236410
236434
236524
236566
236585
236746
236919
236952
237120
237188
237295
237312
237465
237736
237747
237752
237763
237810
237968
238081
238189
238375
238469
238501
238651
238681
238688
238710
238743
238865
239082
239261
239370
239379
239527
239560
239832
240044
240128
240441
240483
240526
240679
240756
241511
241606
241661
242040
242054
242142
242267
242279
242389
242402
242446
242560
242943
242982
243036
243065
243094
243277
243304
243471
243558
243620
244318
244343
244393
244434
244503
244742
244771
244941
245012
245257
245316
245529
245536
245621
245664
245672
245857
245896
245944
246021
246071
246099
246235
246258
246313
246416
246535
246680
246688
246694
246746
246773
247042
247074
247280
247305
247665
247928
248020
248136
248337
248443
248461
248649
248697
248717
248783
248983
249055
249114
249209
249267
249305
249476
249491
249993
250003
250020
250039
250342
250448
250593
250597
250677
250888
250940
251091
251105
251114
251263
251305
251367
251464
251542
251549
251559
251605
251709
251746
251748
251928
251930
251948
252048
252298
252318
252786
252796
252817
252978
253000
253054
253083
253287
253290
253312
253342
253427
253457
253584
253645
253787
253849
254042
254073
254132
254134
254460
254756
254823
254827
254844
255009
255051
255092
255226
255291
255395
255644
255673
255711
255809
255866
256046
256329
256333
256511
256607
256723
256861
256913
256974
256982
257096
257127
257167
257248
257380
257382
257451
257489
257639
257659
257790
257868
258065
258086
258132
258137
258221
258546
258570
258630
258657
258809
258811
258937
258994
259101
259181
259564
259625
259698
259786
259809
259877
259918
259957
260227
260492
260516
260563
260578
260579
260973
261049
261157
261189
261485
261552
261857
261858
262263
262484
262633
262786
262791
263089
263091
263499
263562
263738
263983
264148
264273
264504
264522
264537
264551
264554
264611
264644
264652
264761
264794
264799
264827
264879
264885
264916
265253
265317
265343
265602
265635
265876
265904
265915
265990
266039
266080
266454
266504
266665
266711
267465
267599
267630
267734
267744
267828
267887
268277
268355
268387
268416
268481
268648
268681
268997
269179
269218
269331
269351
269408
269516
269713
269790
269810
269817
269818
269826
269916
269922
270015
270124
270220
270362
270373
270435
270639
270858
270905
270978
271093
271396
271576
271615
272013
272139
272358
272523
272844
272889
272985
273186
273238
273455
273468
273550
273572
273573
273787
273862
273866
274055
274207
274222
274364
274519
274542
274609
274760
274793
274834
274921
275064
275223
275258
275302
275501
275754
275774
275836
275873
276140
276302
276318
276495
276556
276787
277200
277305
277428
277775
277777
277849
278072
278330
278354
278408
278442
278579
278623
