119
419
625
998
1101
1343
1865
2342
2464
2571
2947
3102
3354
3419
3578
3994
4744
5355
5437
5659
6168
6262
6456
6851
6945
7141
7155
7289
7445
7614
7668
7674
8114
8305
8522
8665
8727
8960
8991
9221
9481
9570
9696
9784
9836
9976
10222
10403
10648
10723
10899
10977
11043
11525
11873
11947
12106
12162
12172
12280
12297
12831
13307
13373
13387
13870
13897
13949
14096
14209
14340
14569
14577
14602
14693
14804
14818
14935
15192
15504
17174
17756
17899
17971
18011
18545
18563
18684
18755
18914
19113
19149
19282
19409
19490
19624
19877
20477
20573
20610
21224
21290
21506
22042
22252
22380
22848
23177
23856
23885
24033
24302
24454
24605
24666
24667
24699
24756
24958
25953
26016
26017
26167
26391
26481
26803
26854
26976
27421
27703
27745
27811
28326
28347
28501
28503
28559
28621
28622
28710
28850
29120
29143
29175
29202
29828
29864
30130
30509
30748
30951
31330
31512
31537
31538
31620
31796
32037
32041
32386
32434
32513
32587
32607
32824
32991
33100
33270
33386
33601
33656
33816
34413
34606
34852
34885
34913
35675
36037
36120
36443
36542
36746
36748
37563
38330
38340
38569
38926
38927
39010
39094
39514
40287
40303
40521
41065
41130
42196
42215
42233
42355
42901
43343
43529
43667
44663
45173
45265
45815
46113
46182
47056
47100
47403
47654
47662
47804
47945
48282
48307
49306
49580
50834
51180
51250
51772
51869
51957
52380
53259
53375
53924
54116
54204
54296
55265
55469
55685
55704
56491
56537
57189
57416
57426
57639
57856
58044
58419
59680
60060
60106
60208
60408
60509
60612
60643
60749
60766
61112
61144
61170
61274
61697
61781
61831
61975
62022
62314
62665
62906
63536
63602
63667
63687
64326
64700
65051
65615
66343
66517
67023
67048
67180
67311
67317
67658
67670
67923
68113
68403
68599
68820
69273
69834
70069
70096
70598
70700
70866
70884
70969
71015
71248
71335
71409
71543
71755
71804
71806
71919
72141
72160
72268
72272
72273
72655
73036
73252
73300
73545
73682
73724
73782
73893
74052
74139
74591
74758
75091
75094
75521
75621
76149
76922
77030
77204
77351
77587
77614
77931
78352
78557
78564
78954
79336
79418
79454
79667
79678
79790
79812
80006
80712
80744
81350
81400
81787
81922
82076
82111
82175
82388
82993
83246
83714
83961
84415
84633
84657
84856
84947
84979
85020
85126
85295
85495
86835
86933
86947
87023
87188
87536
87737
87963
88010
88036
88037
88159
88837
88885
88939
89112
90059
90213
90466
90505
90859
91149
91213
91261
91275
91904
92244
92691
93025
93161
93564
93648
93655
93794
93905
94065
94125
94570
95205
95484
96036
96104
96288
96351
96703
97339
97700
97854
97912
98024
98100
98116
98329
98565
98791
99243
99255
99461
99776
99907
100238
100251
100643
101189
101474
101490
101889
101905
102716
103033
103248
103435
103503
103571
104101
104322
104331
104788
105286
105746
106286
106496
107253
107506
107939
108444
108678
109392
109633
109721
109754
110010
110806
111078
111695
111753
112268
112601
112981
113284
113321
113842
113934
113950
114213
114394
114460
114596
114812
115417
115739
115853
116041
116234
116973
117346
117373
117417
118238
118596
118709
118773
118857
119027
119861
120230
120367
120375
120817
120855
120887
121459
121773
121899
122051
122153
122816
122934
123706
123914
124204
124265
124363
124621
124965
125439
125447
125630
125966
125979
126178
126438
126441
126671
127038
127239
127285
127474
127570
127965
128487
128829
128907
129446
129757
130116
130159
130562
130943
131019
131084
131395
132009
132310
132610
133656
133816
133975
134608
134778
135219
135402
135511
135625
136070
136126
136154
136166
136205
136247
136609
137170
137216
137589
138027
138520
138754
138802
139070
139200
140218
140377
140440
140603
140672
140810
141208
141850
142621
142756
142809
142952
142997
143247
143714
143948
144442
144503
144511
144591
144642
144982
144994
145160
145258
145293
145689
146195
146554
146558
146894
147280
147293
148265
148467
149137
149248
149528
149925
150615
150764
151463
151467
151497
151610
151824
152493
152659
152705
152743
152920
153054
153126
153517
153521
153970
154388
154729
155094
155108
155279
155309
155569
156927
157237
157256
157530
157831
158266
158439
158820
158831
159089
159228
159239
159464
160044
160180
160291
160884
161008
161900
162035
162278
162450
162511
162517
162719
163120
164055
164115
164181
164190
164433
164472
164539
164597
164910
165262
166158
166331
167622
167845
168258
169118
169191
169238
169408
169450
169873
170060
170479
170737
171620
172548
172850
172915
173117
173233
173313
173685
173691
173791
173896
174175
174263
174362
174501
174566
174718
174877
175648
175866
176554
176957
177326
177676
177701
177732
178339
178623
179051
179242
180632
180674
181577
181747
182585
182827
182951
183397
183520
184459
184562
184940
185398
185934
186213
186220
186274
186346
187457
188997
189344
189423
189594
189797
189810
190252
190638
190840
190891
191168
191311
191955
192229
192577
192662
192869
192871
193313
193818
193840
194070
195189
195753
195793
197169
197394
197548
197984
198698
199011
199019
199735
200030
200375
200396
201823
202460
202468
202494
202553
202893
203273
203696
203937
204419
204584
204762
204983
205343
205545
205602
206056
206341
206443
206609
207371
207877
208527
209393
209801
210007
210384
210678
210719
210915
211170
211377
211387
211729
212057
212081
212308
212350
212648
213072
213295
213318
213660
213695
214053
214291
215113
215390
215585
216966
217018
217025
218005
218263
218277
218720
218993
219268
219525
221393
221951
222233
222384
222394
222640
222781
223846
223937
224198
224333
224706
224920
225066
225289
225792
226077
226618
226796
227193
227583
227786
227907
228304
228596
229267
229711
229769
230030
230033
232108
233086
234242
234542
236250
236419
236806
237043
237059
237203
237224
237293
237604
237999
238216
238330
238754
238867
238998
239000
239570
239785
240019
240443
241210
241367
241380
241617
242242
242549
242637
242931
243701
243715
244445
244506
244517
245064
245105
245571
245841
246009
246504
246994
247328
247840
247936
248026
248330
248404
249163
249851
249941
249946
250135
250485
250605
252159
252203
252932
253766
253942
255403
256640
256643
257220
257560
257979
257997
258876
258924
259581
259756
260814
261118
261203
261505
261836
261845
263335
263728
264227
264354
264627
265545
265875
266455
268295
268536
268692
269481
270496
270987
270996
271679
273075
273288
273604
273779
273877
274088
274293
274911
274913
275208
275250
275333
275740
276022
277199
277450
277621
278416
