26
282
307
621
904
1077
1193
1219
1277
1300
1499
1592
1901
1910
1999
2102
2202
2344
2392
3408
3556
3876
3912
4021
4054
4167
4169
4238
4328
4421
5388
5627
5670
5858
5982
6085
6361
6718
6855
7193
7251
7411
7434
7554
7643
7702
7726
8218
8345
8366
8557
8750
8756
8775
8812
8939
8955
8971
9131
9208
9253
9293
9378
9419
9769
10088
10334
10347
10422
10563
11346
11413
11585
12257
12431
12662
13148
13212
13368
13379
13426
13462
13551
13588
13732
13748
13811
13864
13912
14138
14333
14488
14510
14652
14811
14845
14897
15162
15478
15615
15794
15798
16115
16137
16319
16899
17000
17977
18388
18512
18920
18928
18945
19081
19145
19294
19326
19830
20058
20129
20266
20445
20491
20639
21344
21370
21423
21452
21837
21872
21905
21915
22204
22480
23480
23677
23688
23796
23944
23957
24011
24169
24195
24385
24450
24504
24868
24899
24925
25866
26102
26168
26186
26220
26232
26262
26555
26642
26856
27105
27582
27589
27718
27917
28159
28308
28315
28366
28581
28750
29046
29158
29160
29380
29485
29522
29901
29932
29996
30147
30157
30194
30320
30354
30484
30625
30734
30821
30928
30952
30963
31223
31524
31694
31707
31754
32399
32500
32642
32980
33571
33731
33766
33827
33953
34113
34605
34631
34975
35023
35044
35336
35426
35599
35639
35645
35870
35987
36009
36116
36220
36276
36287
36340
36816
36944
37032
37567
37651
37789
37807
37942
38017
38307
38387
38497
38524
38559
38632
38870
38892
38944
40180
40301
40618
40779
40783
40793
40846
41268
41362
41641
42053
42210
42487
42606
42677
42749
42883
43109
43425
43466
43571
43683
43737
43801
43817
43865
44074
44218
44240
44427
44479
44607
45121
45172
45243
45247
45349
45364
45556
45616
45818
45856
45919
45997
46038
46171
46613
46763
46952
47082
47146
47581
47584
47673
48118
48995
49047
49078
49265
49458
49482
49664
49756
49880
49886
50031
50085
50148
50192
50305
50454
50518
50886
50998
51007
51067
51200
51430
51675
51685
51740
51850
52183
52188
52250
52599
52617
52909
53499
53777
53934
54054
54198
54269
54287
54343
54365
54574
54674
54871
55018
55106
55219
55455
55457
55675
55726
55758
55819
55821
55894
55943
56081
56126
56298
56311
56465
56474
56652
56675
56695
56923
57070
57145
57597
57750
57938
58013
58153
58154
58245
58366
58373
58509
59149
59174
59195
59438
59517
59620
59628
59646
59842
60006
60604
60847
60852
61117
61141
61211
61252
61433
61464
61546
61932
61959
61994
62047
62491
62645
62898
63148
63312
63576
63585
63958
63991
64542
64549
64594
64688
64749
64913
64934
64979
64983
65098
65304
65664
65739
65748
66027
66161
66163
66252
66408
66675
66716
66731
66744
67022
67126
67151
67230
67430
67439
67517
67521
67688
67812
67920
68050
68066
68262
68307
68629
68634
68707
68893
69140
69259
69294
69337
69391
69592
69784
69938
70046
70357
70575
70740
70758
70761
70830
71049
71183
71800
72070
72133
72139
72165
72183
72345
72460
72615
73027
73085
73317
73411
73592
73593
73594
73646
73650
73730
73954
74058
74080
74096
74311
74357
74515
74546
74566
74945
74982
75136
75484
75515
75726
75982
76191
76381
76464
76475
76534
76635
77023
77094
77116
77278
77398
77407
77610
77669
77721
77738
77889
77951
78153
78335
78360
78384
78441
78756
79049
79540
79773
80298
80594
80688
80732
80757
81008
81018
81493
81822
82059
82294
82407
82479
82690
82984
83228
83351
83355
83389
83416
83435
83437
84174
84531
84619
84976
85351
85356
85516
85635
85649
86003
86061
86165
86279
86552
86781
86997
86999
87144
87190
87192
87375
87544
87724
87910
88243
88447
88568
88810
88986
89005
89158
89213
89259
89395
89420
89466
89475
89512
89629
89675
89681
89733
89794
89901
90023
90176
90357
90377
90649
90711
90746
90857
91298
91308
91638
92363
92383
92553
92559
92579
92799
92878
93179
93257
93337
93395
93866
94269
94454
94596
94872
94896
95185
95312
95463
95467
95488
95503
95600
95655
95770
95868
95898
96271
96374
96380
96410
96475
96710
96736
96861
96864
97603
97630
97657
97664
97682
97698
97803
97875
98167
98206
98495
98673
98729
98781
98959
98988
98990
99105
99261
99267
99382
99512
99614
99620
99728
99865
99884
100124
100639
100912
101152
101366
101619
102097
102164
102245
102425
102493
102558
102698
102783
103008
103059
103647
103660
103829
103929
104028
104054
104298
104345
104348
104387
104431
104442
104804
104949
104970
105030
105069
105145
105196
105255
105370
105436
105476
105575
106016
106176
106275
106536
106558
106585
106620
106690
106774
106988
107010
107130
107198
107296
107490
107561
107714
107937
108149
108421
108622
108666
108677
108757
108839
108857
108916
108967
109547
109622
109708
109810
109886
109905
110339
110399
110499
110543
110576
110726
111158
111255
111309
111329
112277
112295
112307
112679
112828
112890
112949
113119
113338
113371
113522
113582
113687
113699
113818
113870
114007
114133
114273
114399
114545
114546
114636
115104
115233
115399
115415
115486
115719
115722
116078
116098
116150
116604
116645
116896
117088
117089
117141
117337
117978
118131
118693
118712
119059
119090
119186
119270
119305
119344
119371
119766
119911
119959
120044
120228
120468
120893
121161
121264
121290
121454
121568
121821
121864
122012
122123
122158
122238
122249
122579
122839
123067
123151
123325
123326
123524
123605
123622
123639
123683
123755
124336
124383
124388
124413
124513
124571
124631
124633
124876
125078
125227
125235
125283
125448
125649
125978
126928
126949
127163
127226
127249
127453
127462
127495
127595
127606
127853
127945
128026
128074
128126
128146
128274
128337
128421
128445
128473
128586
128805
128967
128972
128983
129003
129080
129115
129362
129432
129438
129614
129675
129747
130059
130096
130220
130288
130500
130602
130609
130702
130823
130837
130917
130932
131393
131472
132136
132202
132207
132268
132745
132833
133143
133305
133308
133590
133593
133602
134051
134211
134216
134222
134471
134483
134990
135060
135062
135140
135434
135679
135942
136000
136098
136326
136332
136693
137149
137259
137365
137402
137728
137732
137884
137945
138102
138250
138387
138424
138521
138771
139034
139170
139353
139689
139772
139790
139825
139845
139853
140065
140206
140972
141085
141218
141600
141863
142051
142107
142114
142115
142131
142173
142187
142516
142573
142831
143137
143364
143385
143571
143621
143641
143875
143939
143940
144039
144049
144056
144071
144409
144635
144664
145245
145251
145310
145391
145440
145840
146226
146708
147530
147843
148890
149061
149114
149146
149331
149373
149441
149451
149634
150287
150519
150599
150876
150888
151423
151506
151532
151723
151768
152044
152075
152112
152264
152500
152548
152641
152684
152803
152851
152966
153075
153159
153569
153710
153727
153750
153798
153838
153943
154148
154188
154247
154291
154402
154610
154762
154778
154843
154911
155107
155123
155125
155141
155147
155168
155207
155255
155266
155274
155298
155407
155622
155779
155872
156040
156197
156314
156340
156433
156938
157096
157232
157925
157990
158248
158291
158630
158705
158714
158733
158779
158844
159003
159091
159231
159362
159400
159520
159545
159867
160199
160351
160363
160424
160496
160711
160781
161000
161224
161318
161410
161495
161509
161543
161784
161925
162289
162755
162836
162842
163174
163442
163511
163641
163901
163934
163956
164029
164117
164268
164304
164595
164691
164713
164878
165225
165540
165542
165648
165754
165782
165960
166173
166203
166204
166322
166553
166568
166660
166768
166836
166893
167050
167104
167209
167262
167530
167887
168101
168162
168188
168341
168579
168607
168627
168659
168729
168755
168791
168866
169001
169242
169283
169562
169683
169700
169780
169788
170168
170478
170552
170582
170710
171177
171260
171329
171420
171443
171685
171753
171872
172034
172230
172335
172636
172888
173147
173447
173561
173821
173852
174173
174285
174730
174900
175060
175119
175597
175671
175728
175911
175928
176023
176061
176244
176664
176770
176997
177016
177271
177315
177486
178348
178569
178571
178591
178604
178689
178747
178833
178946
179018
179036
179089
179106
179153
179356
179437
179695
180107
180540
180595
180655
180711
180783
181035
181083
181213
181278
181562
181704
181899
181987
182065
182199
182343
182453
183233
183266
183619
183726
183946
184174
184273
185061
185445
185507
185952
185962
186148
186180
186192
186672
186816
186898
187094
187185
187293
187294
187323
187404
187880
188068
188203
188239
188345
188358
188361
188391
188849
188968
189008
189042
189074
189090
189143
189251
189315
189482
189578
189768
189778
190007
190050
190196
190210
190354
190584
190723
190892
190971
191192
191310
191532
191621
191865
191867
191871
191942
192058
192243
192274
192363
192390
192398
192547
192721
192807
192809
192955
193169
193235
193284
193335
193340
193389
193523
193597
193600
193768
193894
193924
194254
194330
194351
194456
194636
194965
195051
195076
195520
195667
195721
195744
195794
195817
195973
196034
196046
196100
196158
196267
196560
196587
196624
196634
196682
196696
196953
196973
196987
197141
197360
197453
197495
197618
197656
197681
197734
197770
197774
197778
197826
197914
198091
198168
198244
198270
198274
198298
198331
198390
198468
198564
198677
198755
198797
198965
199129
199380
199411
199615
199651
199828
199896
199924
200078
200295
200617
200704
200754
200758
200763
200769
200815
200822
200945
201076
201522
201655
201940
202000
202194
202214
202350
202613
202861
203046
203121
203173
203189
203360
203472
203562
203887
203987
204077
204089
204186
204634
204709
204936
205352
205394
205869
206113
206311
206622
206987
207002
207122
207154
207249
207615
207874
207905
207927
208079
208101
208386
208414
208478
208546
208968
209015
209025
209040
209051
209134
209136
209416
209552
209733
209758
209885
210037
210256
210291
210313
210353
210357
210449
210610
210786
211110
211241
211297
211343
211413
211587
211756
211779
211802
211821
212101
212245
212419
212712
212754
212768
213166
213550
214101
214126
214252
214398
214683
215248
215533
215689
215698
215745
216018
216104
216160
216166
216203
216217
216254
216263
217013
217095
217146
217387
217757
217835
217908
217974
218219
218424
218652
218794
218815
218970
219035
219158
219178
219228
219290
219333
219548
219627
219693
219715
219849
219860
219902
219909
220099
220218
220391
220483
220623
220778
220823
220917
221223
221360
221459
221635
221765
221804
221828
221851
221852
221987
222008
222009
222055
222135
222187
222214
222222
222299
222313
222371
222421
222624
222822
222995
223029
223214
223609
223898
224184
224216
224289
224464
224776
224894
224993
225029
225171
225189
225254
225272
225441
225530
225549
225572
225715
226330
226423
226437
226533
226703
226964
226983
227010
227037
227096
227381
227404
227405
227445
227466
227560
227592
227625
227740
227942
227957
227973
228012
228041
228075
228158
228173
228183
228597
228817
229063
229215
229243
229245
229260
229268
229589
229758
229814
229846
229968
230088
230417
230557
230598
230874
230941
231288
231341
231662
231855
231893
232002
232059
232160
232208
232307
232338
232485
232657
232659
232821
232840
233274
233278
233286
233306
233441
233565
233642
233652
233759
233880
233884
234334
234499
234531
234546
234670
234773
234776
234795
234831
235230
235375
235377
235421
235431
235463
235712
235756
235826
235936
236189
236248
236528
236659
236693
236714
236720
237082
237129
237154
237475
237575
237744
237835
237873
238278
238633
238655
238668
238953
238963
239077
239508
239606
239802
239852
239911
240031
240080
240206
240244
240287
240421
240933
241460
241522
241610
241914
242182
242197
242268
242364
242426
242514
242602
242799
242814
242871
242904
242905
242930
242937
243111
243283
243425
243442
243456
244024
244093
244145
244171
244202
244298
244341
244358
244382
244421
244463
244729
244948
245151
245263
245303
245356
245400
245406
246126
246296
246338
246463
246772
246776
246895
246904
247052
247107
247421
247455
247551
247562
247587
247697
247727
247955
248128
248142
248176
248346
248645
248825
249199
249296
249539
249543
249759
249781
249787
249890
249891
249897
250027
250178
250353
250394
250446
250482
250536
250599
250852
251043
251144
251224
251240
251301
251304
251534
251591
251852
251864
251868
251945
252167
252308
252370
252503
252947
253248
253265
253676
253748
253801
254093
254495
254541
254545
254651
254719
254886
254981
255047
255063
255093
255682
255683
255810
255884
255888
256066
256168
256444
256593
256701
256847
256886
256890
257087
257179
257405
257540
257704
257722
257856
258014
258238
258664
258745
258950
259015
259152
259164
259195
259245
259270
259371
259403
259440
259546
260059
260067
260077
260088
260128
260269
260278
260374
260394
260538
260662
260698
260724
260857
260893
260937
260954
260964
261042
261173
261700
261735
262252
262292
262486
262509
262558
262620
262868
262879
263011
263030
263041
263074
263102
263105
263449
263461
263537
263600
263719
263811
263958
264039
264056
264124
264164
264242
264349
264426
264529
264675
264771
264802
264864
264873
265246
265258
265270
265534
265615
265623
265791
265815
265987
265989
266004
266015
266050
266274
266420
266599
266638
266952
267044
267103
267129
267147
267177
267305
267386
267690
267892
268216
268225
268382
268406
268558
268779
268814
268983
269124
269193
269217
269278
269309
269404
269413
269586
269604
269650
269699
269813
269849
269877
269890
269910
269926
270058
270421
270455
270528
270531
270605
270816
270911
271063
271101
271173
271259
271300
271343
271490
271498
271523
271549
271805
272026
272081
272098
272165
272580
272714
272863
272922
272948
272970
273198
273418
273588
273590
273732
273778
273902
274246
274255
274286
274375
274538
274650
274692
274700
274876
274882
274933
275161
275243
275402
275417
275499
275694
275894
275972
276098
276300
276339
276484
276813
276818
276876
277007
277045
277054
277125
277154
277318
277353
277354
277367
277383
277591
277594
277654
277784
277800
278023
278062
278132
278160
278201
278239
278257
278275
278363
278398
278413
278418
278437
278471
278484
278491
278497
278519
278583
278618
278650
