26
493
621
666
720
920
925
1036
1039
1193
1277
1300
1417
1499
1901
1910
1965
1979
1999
2102
2202
2225
2254
2344
2392
2842
3151
3254
3459
3464
3556
3701
3876
3912
3915
3983
4054
4167
4169
4245
4316
4421
4709
5145
5193
5315
5445
5548
5627
5658
5670
5713
5858
5982
6009
6085
6345
6361
6370
6455
6528
6628
6744
6854
6855
6907
7251
7434
7554
7643
7702
7726
8366
8417
8509
8557
8750
8775
8931
8939
9030
9050
9131
9208
9253
9293
9378
9520
9628
9631
9769
10024
10163
10193
10334
10347
10431
10436
10474
10563
10625
11027
11145
11162
11360
11814
11888
12072
12257
12290
12662
12694
13148
13201
13212
13379
13426
13462
13732
13765
13811
13846
13868
13978
14138
14255
14333
14383
14488
14510
14652
14731
14811
14820
14845
14897
14967
15440
15501
15537
15615
15687
15722
15794
15798
15799
16028
16137
16162
16564
16881
16899
17182
17420
17765
17768
17787
17954
17977
18388
18512
18757
18920
18928
19081
19145
19326
19662
19830
19961
20087
20129
20198
20210
20445
20491
20639
20766
20960
20975
21452
21567
21703
21837
21872
21915
21928
22204
22480
22685
22927
23184
23223
23582
23743
23764
23796
23957
24132
24169
24195
24385
24450
24504
24868
24899
24925
25237
25514
25537
25707
25737
25866
25941
25986
26186
26555
26707
26925
27049
27105
27125
27589
27917
27996
28073
28119
28327
28366
28441
28689
28750
28895
28977
29046
29233
29249
29306
29331
29370
29380
29485
29522
29774
29839
29932
29996
30016
30023
30147
30154
30354
30484
30625
30752
30821
30895
30952
30965
31223
31393
31464
31524
31596
31694
31707
31734
31737
31746
31845
32103
32327
32399
32500
32580
32785
33031
33042
33218
33379
33571
33731
34003
34035
34113
34461
34605
34975
35023
35044
35235
35336
35440
35599
35611
35645
35870
35937
36010
36016
36116
36270
36474
36752
36816
36944
36976
37032
37465
37567
37651
37716
37789
37807
37825
37973
38017
38295
38307
38376
38387
38497
38524
38559
38632
38678
38745
38870
38892
38944
38978
39351
39424
39503
39581
39813
40178
40249
40257
40301
40448
40618
40779
40783
40793
40846
41166
41268
41288
41316
41362
41600
41641
41698
41764
41781
42053
42096
42587
42601
42606
42649
42677
42733
42749
42796
42883
42940
43109
43425
43466
43571
43683
43692
43801
43865
44074
44396
44427
44478
44607
44748
44847
44957
45084
45121
45243
45247
45278
45337
45349
45364
45402
45489
45556
45770
45789
45997
46038
46171
46572
46613
46650
46763
46888
46928
47146
47429
47581
47673
47675
47810
48000
48118
48865
48898
48995
49047
49078
49106
49265
49309
49458
49524
49627
49637
49664
49886
49932
50116
50148
50162
50192
50484
50518
50788
50805
50886
50998
51200
51259
51326
51364
51423
51430
51460
51675
51682
51685
51740
51850
52106
52183
52198
52251
52611
52617
52808
52856
52909
52979
53146
53182
53499
53777
53834
53851
53934
53988
54064
54198
54205
54248
54269
54343
54574
54600
54674
54871
54955
55018
55106
55219
55477
55494
55675
55726
55758
55819
55821
55894
55979
56008
56081
56126
56138
56160
56190
56255
56465
56474
56532
56652
56695
56923
57057
57064
57070
57144
57145
57256
57400
57597
57637
57750
57794
57938
57979
58013
58153
58166
58356
58394
58494
58509
58690
59335
59438
59440
59517
59628
59646
59706
59842
60143
60233
60582
60604
60782
60808
60847
60852
61030
61211
61252
61433
61449
61464
61546
61569
61959
62020
62122
62141
62181
62202
62474
62556
62574
62898
63030
63065
63148
63162
63218
63233
63364
63465
63516
63582
63585
63860
63958
63991
64226
64268
64351
64353
64542
64549
64616
64688
64749
64913
64934
64979
64983
65098
65111
65304
65739
65748
66027
66161
66163
66312
66508
66537
66675
66731
66734
66744
67151
67159
67439
67521
67535
67688
67790
67791
67812
67920
68229
68262
68272
68307
68629
68658
68893
69038
69140
69216
69259
69294
69337
69391
69592
69609
70036
70138
70252
70294
70667
70740
70758
70830
70955
70960
71049
71183
71316
71320
71398
71472
71782
71800
72070
72133
72139
72148
72165
72183
72524
72615
72651
73063
73085
73317
73411
73592
73593
73594
73623
73877
74058
74080
74306
74357
74515
74546
74566
74834
74885
75031
75138
75221
75509
75852
75871
75982
76191
76327
76475
76534
76635
76686
77019
77023
77094
77100
77116
77278
77398
77407
77669
77698
77721
77738
77836
77889
77951
78068
78235
78241
78360
78384
78428
78441
78474
78542
78595
78622
78756
79540
79750
79773
79945
80594
80688
80732
80757
80778
80834
81008
81018
81342
81485
81909
82294
82308
82361
82407
82479
82538
82590
82602
82605
82822
83151
83170
83228
83351
83355
83389
83416
83431
83435
83616
84174
84301
84307
84387
84421
84531
84619
85262
85356
85486
85635
85649
85686
86003
86061
86154
86279
86552
86757
86772
86781
86997
86999
87144
87186
87190
87192
87215
87375
87724
87748
87910
88243
88368
88415
88447
88513
88568
88583
88640
88727
88810
88986
89158
89165
89213
89259
89386
89395
89420
89454
89466
89475
89512
89596
89681
89794
89901
90157
90160
90176
90357
90514
90649
90711
90712
90746
90857
91298
91308
91542
91638
91828
92371
92553
92559
92579
92642
92799
92877
92878
92982
93031
93253
93316
93319
93337
93395
93473
93604
93804
93866
93891
94007
94443
94454
94596
94693
94872
94896
94931
95073
95185
95312
95334
95430
95467
95488
95503
95509
95548
95611
95770
95955
96007
96094
96262
96374
96410
96463
96475
96736
97034
97576
97603
97657
97664
97698
97803
97896
98167
98366
98454
98495
98532
98607
98678
98729
98990
99048
99101
99105
99261
99267
99382
99511
99512
99513
99614
99620
99655
99865
99884
100036
100111
100124
100358
100371
100597
100639
100677
100912
100973
101070
101341
101796
101859
102000
102040
102091
102097
102164
102378
102442
102443
102558
102564
102693
102698
103059
103071
103126
103531
103562
103647
103660
103792
103829
103929
103939
104009
104054
104243
104275
104291
104321
104345
104360
104362
104442
104804
104949
104970
105030
105112
105145
105191
105193
105196
105255
105318
105369
105370
105436
105453
105575
105673
105851
105869
105990
106016
106176
106275
106346
106558
106620
106636
106690
106774
106988
107106
107130
107198
107210
107296
107439
107490
107561
107714
107857
107937
108035
108094
108324
108622
108623
108677
108699
108839
108857
108890
108967
109472
109622
109757
109886
110102
110339
110447
110499
110505
110543
110576
110618
110726
110790
111123
111156
111158
111255
111309
111329
111795
112263
112277
112295
112307
112628
112828
112949
113184
113338
113371
113522
113687
113714
113740
113789
113818
113939
113945
114007
114027
114232
114273
114603
114636
114744
114808
114904
115078
115104
115209
115222
115226
115233
115415
115486
115500
115726
115948
116078
116098
116121
116182
116495
116514
116604
116632
116645
116876
116896
116943
117056
117088
117089
117144
117337
118021
118131
118693
118882
118894
119029
119059
119090
119270
119305
119344
119435
119588
119898
119911
119959
120044
120048
120228
120468
120489
120576
120893
120985
121161
121290
121454
121478
121568
121923
122061
122107
122123
122158
122238
122249
122263
122421
122579
122581
122828
122839
123034
123067
123096
123166
123167
123326
123373
123524
123605
123639
123683
124336
124383
124388
124571
124631
124633
124866
124876
125146
125227
125269
125432
125442
125448
125978
126341
126710
126732
126815
126900
126949
127126
127143
127226
127249
127453
127462
127495
127546
127579
127595
127606
127792
127823
127853
127945
128026
128048
128074
128122
128126
128274
128319
128366
128386
128421
128434
128462
128473
128517
128586
128726
128805
128983
129003
129080
129115
129438
129747
130033
130059
130088
130096
130220
130288
130396
130459
130602
130702
130837
130838
130917
131159
131165
131393
131472
131706
132101
132136
132202
132207
132236
132268
132426
132833
132857
132914
133143
133178
133190
133285
133305
133406
133593
134107
134211
134216
134463
134471
134483
134507
134579
134844
134990
135060
135062
135140
135170
135226
135269
135426
135434
135471
135615
135653
135679
135684
135942
136072
136098
136101
136326
136380
136426
136669
136685
136706
137119
137132
137139
137149
137160
137174
137259
137391
137396
137402
137463
137506
137728
137884
137920
137945
138102
138274
138293
138387
138771
139034
139055
139250
139281
139353
139421
139527
139772
139897
139991
140065
140149
140208
140432
140681
140959
141085
141213
141218
141284
141390
141512
141646
141837
141863
142051
142107
142114
142115
142131
142132
142167
142168
142173
142187
142256
142270
142573
142831
142865
143027
143364
143385
143399
143476
143621
143641
143657
143713
143875
143939
143940
144049
144071
144409
144635
144664
144673
145121
145189
145310
145321
145440
145461
145683
145798
145840
145944
146111
146226
146264
146431
146466
146559
146634
146708
146738
146767
146849
147446
147455
147530
147572
147843
148176
148454
148721
148794
148890
149061
149063
149146
149331
149373
149572
149605
149634
149800
149968
150287
150341
150426
150443
150599
150792
150964
151195
151506
151717
151730
151764
152044
152112
152133
152156
152207
152264
152428
152498
152641
152684
152851
153078
153333
153651
153928
153943
154188
154247
154402
154483
154610
154614
154762
154763
154778
154843
155107
155109
155123
155144
155255
155274
155298
155407
155622
155779
155872
156025
156040
156191
156197
156340
156759
156863
156938
157096
157232
157254
157461
157482
157545
157925
157939
157990
158034
158122
158228
158248
158291
158486
158705
158714
158782
158807
158832
158844
159003
159231
159251
159362
159400
159520
159679
159784
160199
160363
160413
160424
160496
160711
160781
161000
161078
161148
161224
161410
161495
161730
161740
161766
161784
161925
162607
162646
162709
162842
163442
163633
163641
163750
163901
164013
164029
164117
164187
164253
164268
164302
164417
164422
164524
164595
164713
164740
164843
164878
164905
165225
165234
165271
165496
165542
165648
165736
165782
165960
166115
166191
166198
166203
166264
166282
166322
166568
166660
166768
166953
167050
167104
167126
167154
167262
167530
167541
167557
167775
167887
168101
168162
168188
168194
168269
168579
168627
168729
168773
168797
168988
169019
169242
169283
169422
169542
169683
169788
170168
170180
170360
170478
170552
170582
170644
170710
171027
171278
171316
171443
171647
171707
171753
171766
172034
172230
172335
173039
173147
173216
173400
173447
173561
173711
173796
174086
174173
174296
174931
175014
175060
175119
175602
175728
175777
175911
175922
175928
176061
176664
176770
177016
177094
177283
177315
177495
177513
178098
178166
178185
178230
178348
178420
178482
178569
178571
178591
178604
178607
178689
178709
178766
178833
178941
179018
179036
179089
179106
179120
179153
179220
179439
179440
179695
179703
179711
179766
179900
179911
180037
180107
180414
180451
180474
180491
180595
180657
180661
180670
180711
180712
180783
180805
180989
181064
181083
181213
181278
181307
181344
181356
181500
181526
181571
181643
181647
181660
181704
181718
181899
182037
182065
182199
182343
182404
182551
182981
183101
183175
183233
183266
183300
183302
183539
183619
183685
183946
184004
184174
184225
184273
184336
184340
184413
184489
184651
185029
185061
185200
185498
185507
185767
185882
185952
185962
186140
186148
186290
186540
186655
186672
186886
187094
187141
187156
187293
187323
187404
187799
187942
188018
188068
188203
188345
188358
188361
188450
188494
188849
189003
189008
189042
189074
189251
189315
189574
189578
189615
189733
189768
189881
190007
190050
190196
190210
190354
190508
190558
190799
190903
190971
191054
191110
191310
191322
191532
191621
191743
191867
192020
192058
192084
192152
192243
192272
192274
192363
192390
192398
192507
192547
192686
192721
192807
192809
192829
192901
192944
192955
193169
193199
193207
193235
193340
193512
193523
193525
193597
193768
193852
193894
194113
194254
194266
194351
194456
194511
194965
195051
195076
195667
195721
195744
195794
195817
195973
196034
196078
196323
196507
196587
196602
196624
196682
196808
196817
196838
196850
196953
197141
197360
197395
197425
197618
197703
197734
197748
197774
197778
197787
197838
197897
198244
198270
198274
198278
198331
198422
198468
198564
198677
198755
198797
199029
199129
199380
199411
199415
199472
199481
199504
199528
199585
199603
199651
199828
199850
199859
199924
200048
200139
200295
200617
200704
200754
200763
200769
200815
200904
200965
201149
201644
201652
201653
201801
201940
202038
202054
202194
202214
202350
202568
202613
202694
202733
202831
202861
202968
203046
203109
203135
203173
203181
203189
203246
203337
203341
203472
203543
203646
203662
203887
204089
204292
204343
204471
204519
204604
204756
204936
205352
205382
205394
205835
205869
205871
205872
205950
206024
206113
206133
206195
206200
206315
206562
206650
206683
206808
207249
207498
207618
207826
207874
207905
207927
207997
208079
208107
208125
208386
208424
208546
208841
208939
208968
209015
209023
209025
209040
209051
209416
209431
209552
209680
209733
210037
210197
210256
210291
210313
210356
210357
210449
210469
210610
210611
210659
210661
210786
210822
210823
210914
210962
210988
211241
211297
211343
211541
211587
211763
211779
211800
211802
211821
211999
212027
212101
212128
212171
212245
212419
212464
212529
212622
212737
212754
212768
212877
213076
213166
213204
213263
213422
213615
213732
213847
213898
214101
214246
214398
214572
214683
214752
214950
215004
215209
215248
215506
215533
215665
215693
215698
215745
215844
216018
216104
216157
216160
216203
216254
216263
216342
216355
217013
217095
217266
217415
217606
217674
217757
217771
217794
217835
217908
218079
218319
218385
218424
218450
218493
218556
218603
218652
218794
218928
218970
219035
219158
219206
219290
219310
219398
219548
219627
219715
219790
219812
219849
219874
219920
219947
220040
220099
220117
220218
220438
220483
220778
220779
220823
220917
221075
221342
221360
221459
221697
221804
221828
221851
221852
221987
222008
222135
222154
222187
222214
222218
222313
222337
222371
222421
222649
222822
222856
222995
223029
223209
223214
223609
223643
223898
224069
224184
224210
224216
224289
224464
224848
224894
224993
225029
225107
225113
225189
225272
225530
225549
225572
225689
225850
226017
226225
226437
226533
226642
226645
226703
226745
226964
226983
227010
227069
227096
227161
227162
227164
227405
227466
227478
227625
227740
227957
227962
227971
228100
228158
228173
228215
228303
228366
228431
228597
228805
228817
229031
229057
229215
229219
229243
229246
229260
229589
229758
229807
229814
229846
229849
230355
230360
230417
230598
230625
230722
230745
230874
230941
231157
231248
231288
231341
231566
231662
231796
231855
231920
232002
232059
232173
232338
232587
232657
232659
232687
232792
232923
233158
233274
233278
233284
233286
233306
233585
233642
233652
233752
233759
233798
233880
233884
234334
234499
234647
234670
234773
234795
234831
235173
235230
235254
235375
235377
235421
235463
235756
235794
235817
235862
235865
235936
236162
236189
236425
236464
236480
236485
236528
236589
236659
236704
236720
236773
236874
237063
237154
237443
237475
237551
237575
237713
237744
237835
238158
238606
238655
238668
238731
238817
238858
238953
239108
239171
239186
239315
239508
239595
239606
239667
239679
239802
239852
239873
239900
240031
240188
240206
240238
240244
240287
240301
240304
240403
240421
240512
240667
240750
240855
240933
241032
241302
241406
241460
241522
241680
242011
242023
242182
242235
242268
242364
242426
242475
242514
242799
242904
242920
242937
243359
243406
243423
243425
243837
244024
244093
244145
244171
244202
244296
244298
244341
244358
244382
244421
244729
244864
244935
244962
245062
245072
245090
245151
245263
245303
245345
245356
245406
245964
246058
246171
246296
246326
246338
246405
246544
246551
246616
246639
246761
246772
246776
246830
246904
246988
247052
247107
247421
247562
248009
248128
248142
248346
248393
248466
248485
248645
249296
249317
249327
249399
249539
249759
249781
249787
249890
249891
249897
250027
250082
250171
250178
250245
250353
250394
250482
250536
250599
250944
251043
251240
251301
251304
251479
251490
251534
251591
251618
251868
251933
252145
252167
252252
252370
252380
252482
252503
252517
252591
252836
253248
253296
253452
253648
253676
253748
254006
254223
254396
254447
254541
254545
254569
254633
254647
254651
254667
254719
254886
254981
255044
255047
255093
255183
255222
255331
255517
255683
255810
255888
256159
256238
256287
256304
256344
256359
256444
256567
256593
256617
256701
256847
256886
256890
256988
257087
257179
257268
257346
257407
257464
257540
257715
257722
257805
257848
257856
258014
258095
258143
258238
258242
258653
258661
258664
258745
258840
258950
259015
259164
259195
259245
259246
259270
259403
259407
259437
259440
259463
259913
260059
260077
260088
260128
260269
260278
260324
260374
260394
260662
260724
260857
260893
260937
260954
260964
261541
261573
261735
261859
262035
262038
262213
262252
262292
262314
262558
262761
262777
262879
262892
263011
263025
263030
263074
263102
263105
263449
263537
263673
263708
263719
263746
263800
263811
263923
263958
264039
264056
264164
264242
264332
264349
264464
264529
264582
264650
264802
264832
264864
264873
264947
265208
265246
265270
265329
265454
265552
265586
265615
265623
265791
265815
265816
265841
265987
266004
266015
266198
266563
266599
266638
266774
266952
266994
267036
267044
267096
267103
267129
267275
267305
267386
267496
267637
267804
267892
268128
268216
268225
268249
268281
268373
268382
268398
268421
268457
268477
268499
268736
268779
268814
269124
269159
269193
269309
269404
269413
269588
269604
269650
269688
269877
269890
269910
269926
270268
270284
270384
270421
270455
270497
270528
270726
270816
270911
271004
271173
271259
271490
271496
271523
271549
271582
271719
271805
271846
271976
272257
272287
272315
272563
272714
272855
272970
273198
273434
273588
273590
273679
273701
273754
273902
273956
274040
274246
274251
274255
274286
274299
274309
274604
274650
274876
274933
275155
275156
275161
275243
275318
275417
275443
275466
275499
275726
275892
275894
275972
276000
276098
276180
276300
276339
276484
276813
276818
276962
277007
277054
277112
277125
277154
277318
277353
277367
277383
277591
277654
277669
277672
277767
277784
277800
277805
277825
277948
278023
278062
278132
278160
278201
278262
278275
278356
278363
278386
278398
278413
278418
278437
278461
278470
278519
278577
278583
278618
278650
