113
118
129
143
151
174
323
611
735
752
793
850
935
939
963
1060
1146
1182
1249
1445
1624
1684
1762
1941
2040
2058
2201
2363
2385
2688
2731
2735
3064
3215
3240
3286
3289
3442
3506
3658
3798
3990
4019
4031
4181
4199
4289
4459
4868
5321
5457
5714
5841
5847
5877
5926
6165
6448
6552
6603
6700
6882
6904
6999
7278
7348
7366
7524
7630
7654
7707
7950
8052
8216
8270
8542
8639
8790
8792
8932
9166
9170
9392
9796
9798
9978
10020
10171
10221
10450
10475
10480
10507
10615
10700
10877
11314
11425
11483
11504
11616
12066
12171
12378
12400
12439
12491
12536
12575
12635
12678
12760
12887
12954
12978
13037
13279
13309
13456
13518
13566
13860
14410
14483
14671
14685
14689
14691
14876
14960
15059
15113
15138
15196
15352
15502
15602
15680
15728
15774
15881
16104
16282
16353
16361
16443
16618
16633
16701
16949
17029
17138
17147
17314
17496
17590
17729
17872
18438
18500
18683
18712
18728
18747
18823
19031
19040
19912
19913
20534
20611
20619
20987
21088
21138
21204
21321
21328
21422
21561
21632
21701
21740
21751
21757
21782
21811
21855
21862
21938
22040
22688
23159
23416
23487
23658
23675
24133
24340
24506
24561
24697
24705
24733
24786
24846
24866
24894
25019
25149
25332
25359
25504
25590
25606
25679
25694
25706
25744
26159
26203
26259
26330
26629
26638
26941
27019
27216
27647
27689
27693
27713
27799
28627
28758
28952
29203
29222
29226
29394
29759
29787
29845
29971
30126
30221
30230
30601
30753
30829
30944
31003
31161
31301
31317
31331
31510
31594
32462
32625
32702
32776
32832
32904
32958
32973
33015
33098
33171
33256
33663
33801
33838
34108
34254
34387
34613
35047
35099
35253
35302
35591
35606
35635
35681
35963
35964
36078
36258
36269
36283
36427
36438
36541
36556
36562
36663
36672
36923
37512
37543
37572
37576
37583
37762
37790
37808
37838
38007
38150
38245
38367
38860
39245
39509
39555
39629
39858
39902
39949
39962
40012
40086
40134
40141
40598
40652
40713
40801
40899
40940
40969
41255
41320
41322
41479
41854
41896
41979
42267
42305
42359
42430
42700
42785
43197
43294
43342
43469
43502
43565
43658
43833
43838
43873
43918
43964
44042
44136
44231
44256
44287
44328
44413
44424
44490
44496
44528
44613
44696
44799
45158
45324
45352
45363
45460
45627
45725
45730
45735
46036
46052
46130
46217
46490
46611
46724
46762
47053
47174
47278
47504
47862
47933
47980
48131
48174
48213
48336
48467
48468
48609
48665
48705
48894
48936
48988
49117
49505
49553
49668
49713
50075
50313
50320
50598
50629
50634
50692
50858
51090
51260
51330
51455
51471
51627
51708
51788
51883
52070
52094
52194
52368
52450
52660
52798
52831
52933
53136
53169
53171
53185
53401
53729
53818
53847
54113
54392
54421
54597
54900
54983
54997
55254
55374
55441
55592
55686
55721
56009
56047
56157
56266
56674
56983
57149
57471
57555
57608
57619
57648
57743
57811
58110
58167
58391
58460
58580
58665
58930
59014
59018
59203
59298
59315
59411
59553
59827
60142
60179
60181
60362
60398
60463
61143
61247
61419
61435
61511
61543
61863
61917
61960
61996
62159
62390
62420
62442
62528
62738
62899
63054
63096
63166
63186
63559
63593
63641
63779
63905
64006
64011
64016
64665
64692
65103
65465
65801
65845
66011
66311
66468
66484
66848
67175
67372
67536
67582
67649
67807
68030
68073
68077
68110
68118
68242
68470
68513
68609
68662
68846
68921
68967
68987
69039
69096
69297
69369
69460
70059
70328
70438
70440
70965
71000
71226
71254
71369
71393
71566
71708
71768
72012
72421
72507
72639
72730
72813
73225
73256
73660
74221
74394
74686
74817
75117
75235
75895
76020
76055
76238
76326
76728
76811
77120
77235
77397
77441
77689
77771
77772
78322
78339
78389
78414
78665
78935
78953
79149
79170
79224
79238
79429
79563
79571
79579
79669
79917
79921
80050
80213
80287
80531
80589
80644
80646
80754
80887
80897
80905
81540
81564
81723
81729
81819
81946
81984
82019
82035
82043
82290
82531
82603
83164
83638
83646
84088
84094
84112
84168
84178
84471
84734
84770
84892
84971
85072
85320
85378
85500
85603
85626
85806
85814
85892
85907
86080
86570
86589
86594
86813
86968
87120
87474
87589
87615
88212
88226
88237
88443
88540
88580
88681
88817
89001
89108
89184
89235
89339
89408
89443
89572
89735
89969
90000
90144
90175
90241
90248
90259
90274
90391
90435
90764
90804
90813
90844
90923
91281
91285
91346
91423
91440
91475
91479
91500
91775
91804
91808
91825
91971
91988
92190
92279
92335
92509
92558
92588
92623
92937
93096
93283
93299
93327
93427
93790
93813
93922
94060
94150
94223
94396
94760
95170
95255
95436
95478
95576
95975
95978
96005
96297
96306
96509
96561
96695
96704
96749
96983
97163
97244
97246
97264
97405
97416
97470
97714
97952
98080
98155
98209
98423
98530
98592
98626
98744
98749
98765
98946
99053
99102
99173
99398
99416
99894
100012
100101
100370
100527
100555
100603
100659
100697
100707
100738
100753
100817
100818
100845
100846
100877
100989
101033
101036
101232
101365
101588
101749
102106
102685
102721
102726
102755
102761
102797
102925
102926
103044
103057
103199
103433
103458
103615
103779
103832
104091
104144
104365
104411
104436
104938
105079
105131
105314
105583
105615
105663
105732
105931
106012
106027
106163
106183
106508
106603
106670
106687
106703
106735
106756
106870
106872
107260
107646
107647
108136
108179
108217
108285
108498
108614
108713
108765
108852
108975
109126
109280
109302
109305
109624
109647
109680
109770
109942
109975
110216
110460
110461
111218
111306
111386
111418
111691
111737
111932
111982
111997
112184
112224
112240
112291
112297
112304
112504
112632
113025
113106
113334
113376
113493
113835
113914
113956
113963
114106
114134
114470
114848
115038
115085
115293
115339
115518
115572
116069
116229
116346
116618
116657
116945
117073
117243
117247
117465
117686
117863
117916
118084
118109
118157
118293
118348
118382
118455
118492
118813
118870
119195
119212
119300
119325
119337
119391
119468
119622
119684
119704
120061
120348
120404
120504
120886
120929
121214
121334
121579
121763
121842
121981
121991
122173
122406
122704
122873
123043
123095
123381
123396
123407
123473
123479
123497
123703
123767
123896
123924
124167
124608
124666
124814
124841
125057
125112
125131
125163
125238
125455
125708
126036
126389
126792
127193
127320
127349
127592
127629
128093
128351
128425
128469
129093
129206
129280
129608
129818
129845
129933
129987
130002
130131
130475
130547
130630
130733
130767
131099
131271
131273
131283
131298
131427
131656
131667
131799
131938
132200
132925
133080
133775
133981
133988
134021
134067
134209
134327
134391
134947
135033
135114
135270
135563
135659
135736
135742
135855
135913
135950
135978
136284
136325
136410
136430
136437
136697
136853
137143
137151
137164
137398
137570
137680
137710
137822
138130
138417
138435
138452
138588
138668
139105
139129
139737
139739
139859
139928
139945
139954
139955
140083
140093
140278
140358
140360
140500
140508
140531
140553
140566
140674
140772
140775
141119
141190
141509
141830
141848
141856
141914
141979
142265
142354
142385
142471
142495
142638
142669
142821
142835
142851
142863
142868
143348
143793
143808
144215
144226
144547
144777
144936
145441
145452
145495
145570
145767
146026
146035
146059
146158
146475
146806
147043
147074
147237
147409
147413
147442
147503
147554
147720
147862
148135
148174
148255
148288
148316
148590
148592
148649
148812
148818
148829
148841
149230
149530
149719
149900
149984
150094
150232
150670
150774
150812
150944
150945
150983
151172
151208
151372
151518
151604
151746
152014
152069
152164
152192
152539
152706
152850
153052
153284
153474
153568
153587
153792
153895
153932
154041
154116
154204
154305
154505
154629
154634
154920
155004
155069
155083
155151
155186
155633
155809
156147
156169
156469
156901
156987
157034
157117
157252
157410
157413
157524
157575
157872
157927
158080
158364
158735
158796
159070
159101
159279
159310
159513
159587
159758
159825
159934
160084
160691
160693
160818
161141
161541
161747
161780
161794
161875
162129
162221
162303
162613
162625
162642
162994
163170
163343
163372
163414
163448
163539
163690
163800
163814
163855
163940
164037
164133
164273
164461
164501
164601
164607
164657
164781
164856
164897
165292
165363
165454
165495
165541
165568
165836
165907
165968
166320
166366
166682
166904
166925
166935
167168
167242
167338
167402
167412
167514
167576
167591
167630
167663
167686
167750
167837
167879
167993
168487
168510
168529
168830
169033
169195
169197
169363
169519
169611
169616
169762
169875
169977
170113
170329
170494
170541
170569
170879
171188
171189
171232
171250
171319
172249
172426
172512
172617
172700
173250
173494
173719
173771
174275
174297
174995
175015
175255
175276
175453
175615
175736
175774
176036
176102
176108
176200
176372
176466
176480
176567
176627
176673
176909
176918
176948
176979
177029
177055
177329
177446
177455
177614
177642
177644
177794
178243
178286
178354
178386
178397
178620
178729
178849
178866
178881
179031
179433
179617
179756
179841
180163
180254
180403
180463
180520
181163
181209
181342
181471
181717
181780
181940
181977
182250
182351
182640
182649
182809
183110
183121
183186
183497
183939
183969
183982
184341
184814
184817
185470
185518
185791
185798
185804
185900
185975
185994
186606
186817
186841
186863
186904
187169
187317
187504
187603
187608
187639
187649
187769
187788
187943
188222
188323
188554
188865
188926
188987
189094
189414
189514
189521
189552
189635
190174
190249
190378
190776
191158
191329
191332
191441
191456
191458
191751
191756
191975
191980
192199
192252
192299
192464
192565
192620
192693
192731
193078
193265
193422
193461
193477
193484
193507
193518
193638
193923
193971
194012
194114
194205
194415
194483
194487
194634
194640
195120
195265
195901
195955
195981
195999
196183
196185
196244
196295
196402
196410
196827
196885
197489
197549
197550
197635
197680
197789
198197
198252
198271
198561
198841
198899
199207
199295
199376
199398
199875
200274
200508
200682
200869
200972
201016
201039
201314
201618
201995
202155
202349
202363
202385
202402
202483
202754
202765
202844
202874
202912
203137
203279
203775
203781
204158
204344
204412
204467
204602
204618
204701
204838
204908
204924
204958
204980
205451
205586
205614
205656
205937
205968
206147
206204
206336
206653
206838
206908
206942
207217
207415
207560
207736
207859
207944
208241
208302
208307
208361
208406
208499
208516
208557
208621
208648
208708
208714
208898
209100
209246
209810
209835
209895
209905
209941
210072
210075
210283
210392
210482
210483
210540
210735
210794
211251
211289
211391
211714
211897
212178
212342
212953
213003
213125
213156
213683
213834
214014
214198
214324
214482
214705
214976
214989
215222
215517
215885
215901
215915
216025
216179
216288
216309
216350
216496
216592
216618
216954
217024
217053
217122
217389
218352
218387
218525
218788
219181
219596
219676
219897
220297
220308
220332
220436
220727
220795
220927
221263
221314
221841
222068
222095
222096
222403
222463
222503
222555
222607
222612
222622
222776
222819
222986
223094
223135
223140
223265
223318
223368
223663
223767
223883
224071
224248
224279
224339
224444
224545
224644
224739
225030
225128
225333
225364
225392
225474
225501
225522
225639
225718
226213
226246
226373
226461
226495
226708
226797
226866
226981
227026
227072
227187
227197
227332
227421
227452
227672
227744
227860
228263
228426
228659
228729
228753
228754
228771
228896
229244
229293
229515
229520
229994
230012
230086
230159
230402
230472
230924
231134
231866
231873
231965
232130
232349
232354
232491
232676
232973
233973
234033
234073
234145
234230
234299
234404
234658
235218
235465
236106
236235
236286
236289
236566
236610
237095
237251
237635
237719
237968
238189
238396
238436
238469
238566
238583
238651
238865
238901
239082
239150
239266
239634
239868
240025
240084
240441
240642
240675
240679
240724
240731
240827
240917
241054
241178
241416
241471
241500
241754
241824
242142
242360
242362
242375
242474
242648
242972
243065
243368
243370
243471
244291
244736
244949
245123
245257
245543
245568
245751
245781
245857
245971
246075
246099
246535
246680
246688
246696
246719
246773
246966
247012
247276
247280
247305
247498
247622
248020
248130
248251
248443
248632
248649
248697
248717
248783
249055
249156
249476
249758
249842
249965
250003
250039
250045
250055
250098
250430
250431
250882
250940
251077
251626
251709
251746
251748
251761
251771
252071
252209
252383
252860
252908
253000
253040
253652
253769
253849
253866
254042
254071
254536
254620
254756
254790
254827
254828
254910
254996
255009
255226
255290
255358
255480
255677
255809
256583
256723
256838
257047
257380
257382
257451
257489
257659
257875
257990
258172
258395
258657
258889
259053
259518
259533
259564
259625
259674
259900
259957
260037
260163
260647
260752
261026
261332
261552
261828
261857
262193
262786
262826
262834
262931
262977
263091
263204
263237
263392
263406
263473
263497
263557
263674
263712
263891
263936
263973
264002
264031
264304
264341
264408
264576
264628
264667
264831
264847
264918
265262
265490
265646
265876
265891
266080
266176
266254
266565
266700
266826
266900
267249
267465
267744
267799
267982
268020
268029
268033
268489
268811
269100
269208
269331
269511
269635
269826
270015
270166
270220
270373
270647
270751
270758
270793
270905
271245
271395
271503
271832
272062
272504
272625
272889
272917
272949
272961
272973
273000
273057
273186
273500
273550
273573
273593
273647
273709
273755
273800
273974
274161
274201
274373
274462
274609
274760
274834
274837
274861
274979
275258
275302
275372
275525
275774
275853
275873
276021
276302
276379
276686
276772
277143
277305
277428
277499
277515
277593
278020
278050
278081
278104
278161
278231
278354
278623
